comp_idx,imf_idx,sn1a_idx,sy_idx,sn1ar_idx,sigma_2,t_1,t_2,infall_1,infall_2,sfe,delta_sfe,imf_upper,mgal,nb,ks,ensemble,wrmse,mae,mape,huber,cosine,log_cosh,fitness,age_meta_fitness,physics_penalty,loss
4,1,0,2,0,3.5085111447793906,0.008517784246906102,2.4745777396125797,0.017868724130478963,0.24185608524327976,1.8236585549270004,0.6769005709973724,114.6555269327094,9010201070.651024,0.0,0.04416878425914694,0.07424205552028533,0.08342388892855726,0.05953792295260368,689312.0748350354,0.0034797726219821298,0.018986441739104243,0.003465683366702771,0.0567074337279638,1.1673982330680974,0.7638182069523856,0.07424205552028533
3,1,0,2,0,3.2970163733468736,0.019951499926806872,5.707460572795154,0.03376770487080751,0.4019665840143444,6.158350413860962,0.3528886733494337,115.97104189556133,10607081465.183626,0.0007304652710946586,0.07688589100950818,0.09343026774328424,0.1033573241877205,0.06918471757663835,222630.22077814827,0.005341368231622777,0.029303584433305052,0.005306504558742664,0.5480973468440786,0.46092098009083265,5.866378852194564,0.09343026774328424
3,1,0,2,0,3.354210066036956,0.030944430343694027,2.8792275340846025,0.01062298940980547,0.4875367618202384,7.566255418940384,0.5402904614789459,120.32820484043023,14100318394.78329,0.0,0.1045589996374982,0.09684174579642148,0.10565894858201541,0.09050018027745707,2369297.769198208,0.005581906707728489,0.030491883688940957,0.005562122400986311,0.0421079750924752,0.3397891363919012,0.4348122263408348,0.09684174579642148
3,1,0,2,0,0.5618373452387211,0.01601942031189187,8.467108503515988,0.018134239056229934,5.463761258531328,1.8329782199913063,0.49964307890518594,61.265664035342354,14272853597.078388,0.0,0.11032628894159774,0.09851128427868508,0.10759242732919694,0.07390898819705385,133431.7406570505,0.005788065209294263,0.025040066826461982,0.005747863447947765,0.3382509075795482,0.7198929479205471,3.433626005957326,0.09851128427868508
3,1,0,2,0,4.655667354126541,0.07608269969968844,8.0975941246787,0.0022629746741862494,5.698012116406909,7.170735766544722,0.2727616932179201,126.35882003557094,10284665814.872868,0.0,0.058943680133702235,0.09912496091733176,0.11092387228803154,0.08362043786643272,1428082.6168040128,0.006152052721685765,0.03169765659471113,0.006106890800422303,0.09912496091733176,0.34748034188651183,1.0,0.09912496091733176
5,2,1,1,2,2.939622482108583,0.018370013829055506,7.24716140987214,0.016020929399750555,7.507975202395896,13.296801815175789,0.2862343089768431,77.7919546474111,18427950868.170864,0.0,0.07077532649943699,0.10030958348700152,0.11148680312408615,0.08750059586029753,1588239.6884826075,0.006214653635414373,0.03392603649571457,0.006174679908260348,0.10030958348700152,0.3852523395188478,1.0,0.10030958348700152
3,1,0,2,0,1.6445871755999837,0.07472371664024842,6.150576424804467,0.0025385631920161436,3.882405620725826,6.405883765089123,0.6146332727856214,123.27346033096313,19588506927.608913,0.0,0.09389620729010104,0.10329363174351999,0.11373519887972307,0.09327177068241954,2256102.4410901465,0.00646784773210508,0.032010198892901576,0.006431312503568262,0.10329363174351999,0.34367249298252095,1.0,0.10329363174351999
3,1,0,2,0,1.6445871755999837,0.07472371664024842,6.150576424804467,0.0025385631920161436,3.882405620725826,6.405883765089123,0.6146332727856214,123.27346033096313,19588506927.608913,0.0,0.09389620729010104,0.10329363174351999,0.11373519887972307,0.09327177068241954,2256102.4410901465,0.00646784773210508,0.032010198892901576,0.006431312503568262,0.00948399600004051,0.34367249298252095,0.09181588293448185,0.10329363174351999
3,1,0,2,0,4.097729903242235,0.05454326368161357,6.503697980723869,0.002068891802915972,5.883971242714848,7.499320357947649,0.22577284148846027,110.04830509582851,11239801074.285007,0.0,0.05493742164823865,0.1039140927549238,0.11665083468914397,0.08648793308196763,1345554.83549062,0.006803708616836997,0.0334765351179529,0.006750990997642985,0.0599740352987727,0.3569672987652805,0.5771501603754408,0.1039140927549238
3,1,0,2,0,4.097729903242235,0.05454326368161357,6.503697980723869,0.002068891802915972,5.883971242714848,7.499320357947649,0.22577284148846027,110.04830509582851,11239801074.285007,0.0,0.05493742164823865,0.1039140927549238,0.11665083468914397,0.08648793308196763,1345554.83549062,0.006803708616836997,0.0334765351179529,0.006750990997642985,0.1039140927549238,0.3569672987652805,1.0,0.1039140927549238
4,2,0,1,0,1.0010707326111246,0.013075613642485138,8.862694936123665,0.0025926238888196573,6.240566142038036,5.691592614062174,0.5701033189855119,75.16457155615694,9923961250.295822,0.0,0.0974473161508747,0.10565788728398141,0.11623222941273785,0.07282773958142716,20815.405540688876,0.0067549655771276616,0.03300756393508275,0.006677881467377036,0.10565788728398141,0.7558096641349407,1.0,0.10565788728398141
3,1,1,2,1,3.628977980468867,0.04560295342054455,6.808041129386663,0.002099980621592662,6.869024153657891,15.496212347717949,0.08618062119616375,95.78224627355219,18002804679.254276,0.0,0.042064784071714365,0.10728324809481056,0.12121330571272894,0.0865231395052895,894415.7910484507,0.0073463327409037426,0.03562764796720108,0.007268468398317388,0.02349254907138332,0.3558534996336844,0.218976862544486,0.10728324809481056
3,1,0,2,2,2.1807638390412745,0.09970053556703842,5.273977545291127,0.022938935886560707,0.4985271191136482,5.760710952728387,0.4170000300116337,115.76557020985818,15326049778.306787,0.0006826126605923659,0.12808885162338185,0.11252537549505057,0.12205721763937434,0.09867328634825462,3131617.754927303,0.007448982188932798,0.03999697621933285,0.007399958586463825,0.05976419676207006,0.43890589703032706,0.5311175057105123,0.11252537549505057
3,1,0,2,0,2.2169457404268105,0.06967192005330647,3.0782005077660917,0.0025245291969419595,5.742948862655138,7.909608441146278,0.5359699390998991,123.78614473585209,14722421237.463425,0.0,0.07784921434969733,0.11339723195664576,0.12589597930270285,0.09468707268430505,1596766.0114007657,0.007924898802293292,0.04193887783497596,0.007858031911866455,0.018801102242380803,0.3349058083325432,0.16579859947171263,0.11339723195664576
3,1,0,2,0,3.557110347261422,0.06171497760571363,3.5886223959023598,0.004121141052548936,1.476738861163811,2.2685869164009347,0.5557028839691924,126.3766409752979,10191385856.739952,0.0,0.11892241726413812,0.11743315218456642,0.12808816451775373,0.10283711403933311,2764926.8132910724,0.008203288944763572,0.04403854068061308,0.008144415045555208,0.03749559388642551,0.35102151377408747,0.31929308878207346,0.11743315218456642
3,1,0,2,0,3.557110347261422,0.06171497760571363,3.5886223959023598,0.004121141052548936,1.476738861163811,2.2685869164009347,0.5557028839691924,126.3766409752979,10191385856.739952,0.0,0.11892241726413812,0.11743315218456642,0.12808816451775373,0.10283711403933311,2764926.8132910724,0.008203288944763572,0.04403854068061308,0.008144415045555208,0.03749559388642551,0.35102151377408747,0.31929308878207346,0.11743315218456642
3,1,0,2,0,2.9966389238296363,0.08442008898632185,9.229688794650507,0.0034888264883353192,8.622584593139921,2.523290890673657,0.6967676982849725,113.18081613132021,11194748807.05853,0.0,0.13776187332040074,0.11865322023997714,0.12922421200234527,0.10947569101703031,3704768.638671478,0.008349448483813538,0.030141478955459156,0.008303567125786823,0.11865322023997714,0.3534682620727564,1.0,0.11865322023997714
3,1,0,2,0,2.9966389238296363,0.08442008898632185,9.229688794650507,0.0034888264883353192,8.622584593139921,2.523290890673657,0.6967676982849725,113.18081613132021,11194748807.05853,0.0,0.13776187332040074,0.11865322023997714,0.12922421200234527,0.10947569101703031,3704768.638671478,0.008349448483813538,0.030141478955459156,0.008303567125786823,0.08111077393574548,0.3534682620727564,0.6835952178263536,0.11865322023997714
3,1,0,2,1,4.664378928419869,0.06284787361411664,4.267673379197179,0.022369714519214906,1.1937530776633642,1.332467088182611,0.35572460997290495,127.18213138914346,9673015212.314186,0.0008575245601540308,0.17284320299692174,0.11865384460417422,0.11526488723964534,0.09509711696848379,3807840.9655039487,0.006642997115184077,0.03540691398642315,0.006616643012936698,0.11865384460417422,0.39516993132195927,1.0,0.11865384460417422
5,1,0,2,0,2.2155076381538965,0.06967564598336845,3.076619373696271,0.0025213667466150447,5.742529930300227,7.903635305698254,0.5354849295838136,123.79636389666851,14724194991.562534,0.0,0.05045499503143134,0.11924047572154924,0.13388175932519153,0.09239181155756668,1065283.5931400836,0.008962162740004253,0.04940244813129291,0.008847073061484204,0.08207395900030172,0.3397599846816355,0.6883062022660922,0.11924047572154924
3,1,0,2,0,3.843777185426602,0.09776678930805102,4.887863270400443,0.002439974868157253,4.307367886099647,8.710500448041456,0.1572804428963014,126.70463689124196,13770484501.312193,0.0,0.08899589131975,0.1196794650713889,0.13220709182916815,0.09587247053983124,1145138.9601392273,0.008739357564963048,0.048333491447206445,0.008658419447059479,0.1196794650713889,0.36082594791369454,1.0,0.1196794650713889
3,1,0,2,0,2.0917201440940656,0.07029481193487266,2.8980744266131384,0.002432791653730238,5.873193331043883,7.993885412783547,0.5196369273756516,123.8640540273523,14680811428.150785,0.0,0.06633059906000036,0.1199287935621502,0.13383513549289705,0.09580231443060548,1360246.898369771,0.008955921746201056,0.04809204705755288,0.008845358895471328,0.0217360524149432,0.33695489378951293,0.1812413163622714,0.1199287935621502
4,2,1,1,0,0.9961720326252198,0.013311413388905183,8.908813251079188,0.00242910702903646,6.251945332508542,5.682997097815025,0.5647979456451194,74.74084854153809,9937956913.063396,0.0,0.09119673870261413,0.12025625008925948,0.13275326841171187,0.09301066174958338,24523.613990154914,0.00881171513699601,0.04831098494647801,0.008724930795209624,0.10159011530826048,0.39399953368806095,0.8447803355988219,0.12025625008925948
4,2,1,1,0,0.9961720326252198,0.013311413388905183,8.908813251079188,0.00242910702903646,6.251945332508542,5.682997097815025,0.5647979456451194,74.74084854153809,9937956913.063396,0.0,0.09119673870261413,0.12025625008925948,0.13275326841171187,0.09301066174958338,24523.613990154914,0.00881171513699601,0.04831098494647801,0.008724930795209624,0.10159011530826048,0.39399953368806095,0.8447803355988219,0.12025625008925948
4,2,1,1,0,0.9961720326252198,0.013311413388905183,8.908813251079188,0.00242910702903646,6.251945332508542,5.682997097815025,0.5647979456451194,74.74084854153809,9937956913.063396,0.0,0.09119673870261413,0.12025625008925948,0.13275326841171187,0.09301066174958338,24523.613990154914,0.00881171513699601,0.04831098494647801,0.008724930795209624,0.12025625008925948,0.39399953368806095,1.0,0.12025625008925948
4,2,1,1,0,3.598239029081639,0.014118065110655716,4.7983988454413025,0.07075671022623826,0.6993453766921348,4.783623045410498,0.49137899205238905,60.16197853725308,11046839064.291319,0.0013738517827145953,0.10196716234917919,0.12200479534921374,0.13409365414573132,0.0927101468354014,467588.8700187908,0.008990554041077504,0.04954607011658574,0.008905407855798235,0.12200479534921374,0.8848356646209685,1.0,0.12200479534921374
4,2,0,1,0,0.9913878359581554,0.013361254847933546,8.897168267674383,0.002280705848093771,6.26045431925543,5.6736750104981954,0.5664875995716451,74.8157526830898,9929948353.672964,0.0,0.09706565665736853,0.12291792689971066,0.1354165618278198,0.0934721516107686,15171.944308209813,0.009168822608633873,0.05004250765527407,0.009067511137445762,0.34058242061034827,0.41273714871015815,2.770811623663578,0.12291792689971066
3,1,0,2,0,0.9598760988536014,0.03706666401395936,6.479532916531392,0.004669448129833066,1.1825122569586133,1.5892981750736526,0.7402291443683018,85.94441591675684,11565133645.250692,0.0,0.06311153585495582,0.12396151612875306,0.1386312008756417,0.09539008310009649,648635.3112526342,0.009609304928111262,0.049779066906085245,0.00949275326997268,0.005596280472834732,0.36445817338449604,0.045145305152787384,0.12396151612875306
5,1,0,2,0,2.610996853376914,0.04839172246627943,3.642543412757202,0.0021458992560109717,5.9327948694072035,7.451972245245445,0.5666761707400002,127.28834983950159,15418035950.83701,0.0,0.058169557321044674,0.12479783081767834,0.13964695621321707,0.09207484276720801,809120.3824359563,0.009750636189808084,0.05403816721802368,0.00958189632047211,0.12479783081767834,0.339953006074338,1.0,0.12479783081767834
3,0,1,2,0,1.9285171986358243,0.09339099361017637,6.105327015730796,0.0029252568407918877,0.8939055167824094,4.885433125700804,0.33697666093417156,126.6928613094702,10829709096.432203,0.0,0.06776737557561274,0.12617761964659568,0.14115362875525037,0.09366550573809597,748008.6284364911,0.009962173455387522,0.04621115506165763,0.009788031833941441,0.12617761964659568,0.3950153855430654,1.0,0.12617761964659568
3,1,0,2,0,2.8366774606796468,0.05456371603125111,2.6663853025066753,0.002026286497613239,2.1237962007579676,10.929369781477957,0.20118683703713014,122.63119911066462,9430526736.65451,0.0,0.06461543248788762,0.12651473692205273,0.1412050324662223,0.10156158126740404,1286205.4952239913,0.009969430596893447,0.05522432343049444,0.00983085751451479,0.12651473692205273,0.32654675283471407,1.0,0.12651473692205273
3,1,0,2,1,3.308420783806396,0.05108091885113884,9.402791214925273,0.002931507416651046,9.452728937356218,9.00204423254453,0.5398889962051072,129.95550838968893,9664060421.359358,0.0,0.09782269976742577,0.1267016103284758,0.13970525755114865,0.10596593838916692,1971973.9907783787,0.00975877949371639,0.051461348938846685,0.009645085818523724,0.04715213062437934,0.3563021910215511,0.3721509971509971,0.1267016103284758
4,2,0,1,0,4.084190582765573,0.09801401599175776,9.290287887909214,0.004436623162886918,4.416285472497991,8.044386092509152,0.08522987967957693,106.54757655699483,17323687598.57977,0.0,0.09477643543233938,0.1267185948327701,0.13986356298152267,0.10930523542633991,1650388.0970485203,0.009780908124943177,0.0521339824122341,0.009686673903939628,0.1267185948327701,0.39535004196465223,1.0,0.1267185948327701
3,1,0,2,0,2.0574560481738833,0.03659832050006122,0.4354832896099259,0.00920184724852783,0.12341830583533298,10.740359893286458,0.7254552840176551,123.46906205249603,17331764372.264782,0.0,0.13593691417365028,0.1269419529172067,0.13790014591035926,0.11182007423209876,2929061.287365209,0.009508225121049188,0.049091438573326984,0.009415198563903094,1.0,0.21907216756271572,51.516732605424465,0.1269419529172067
3,1,0,2,0,4.441961987693127,0.08481503133950588,9.155758385019226,0.004783367009951491,6.101209568186113,6.1847539588413145,0.45618142078742374,89.36630899641101,17530911607.156933,0.0,0.1256820741890658,0.12698727127405052,0.13832058592455074,0.11220943217005096,2623872.2778501245,0.009566292245255511,0.0530470983293263,0.009486560080308008,0.12698727127405052,0.36587382311766403,1.0,0.12698727127405052
3,1,1,2,1,2.325100162719889,0.07000436834559107,4.07951544631942,0.022106748755465103,1.352940651779337,3.893432695775047,0.1964085264659181,117.391243209511,12557661112.032324,0.0011663057081863775,0.18047863554711008,0.1287283192526488,0.1216122292841067,0.10722961523335316,4052250.4204570176,0.00739476715572507,0.0395159306637215,0.007366058758787176,0.13664801884959932,0.4196483478063184,1.0615225899237208,0.1287283192526488
3,1,1,2,1,2.325100162719889,0.07000436834559107,4.07951544631942,0.022106748755465103,1.352940651779337,3.893432695775047,0.1964085264659181,117.391243209511,12557661112.032324,0.0011663057081863775,0.18047863554711008,0.1287283192526488,0.1216122292841067,0.10722961523335316,4052250.4204570176,0.00739476715572507,0.0395159306637215,0.007366058758787176,0.1287283192526488,0.4196483478063184,1.0,0.1287283192526488
3,1,0,2,0,3.339120385673022,0.06246738420263295,5.992993457957954,0.007036692999879712,6.067138365582332,5.698078826408846,0.03270023017651168,124.94622310218433,12416585651.840729,0.0,0.15068169609977555,0.12892548295628167,0.1387189049841448,0.120538913588125,3126257.480764355,0.009621467300000096,0.05297319107779774,0.009559180268353487,0.03858533982935517,0.4211007661914916,0.29928404334494035,0.12892548295628167
3,1,0,2,0,4.4073166381906255,0.09273747431742427,7.01801750791703,0.020158606755327865,2.0299145663262665,8.347293155122145,0.06458076166949858,108.03833976617213,13830243560.332321,0.0009133407709219783,0.1456808331434858,0.129154404804844,0.13963417798238212,0.11091771092732862,3252967.503890296,0.009748851830407782,0.05387738542249021,0.009646577494725283,0.129154404804844,0.42811348010124856,1.0,0.129154404804844
3,1,0,2,0,4.521416648547503,0.09217933166037003,6.905301657095226,0.02139138833254672,2.2036701861996972,8.52702824025412,0.062332390934908916,107.80905951263115,13834875357.43106,0.0009135019645062698,0.08909543548212656,0.12922118710409214,0.14313996380481886,0.1106754271266945,1660918.2215909078,0.010244524619022427,0.05170439729877341,0.010128005244070854,0.12922118710409214,0.42566730166069744,1.0,0.12922118710409214
3,1,0,2,0,4.521416648547503,0.09217933166037003,6.905301657095226,0.02139138833254672,2.2036701861996972,8.52702824025412,0.062332390934908916,107.80905951263115,13834875357.43106,0.0009135019645062698,0.08909543548212656,0.12922118710409214,0.14313996380481886,0.1106754271266945,1660918.2215909078,0.010244524619022427,0.05170439729877341,0.010128005244070854,0.12922118710409214,0.42566730166069744,1.0,0.12922118710409214
4,2,1,1,0,2.9853558095160175,0.026265920733011126,4.127269998303266,0.06408862548272695,1.29458621563253,7.137569474841785,0.6915644556572623,62.851450753166134,10381799528.981155,0.0014741032813098145,0.088246749305399,0.12953532684019106,0.1433809768899484,0.09845633320993305,407584.8519310007,0.010279052266957961,0.05470412810234171,0.010140850870306929,0.11885532954403312,0.43272353299822075,0.9175514698833165,0.12953532684019106
3,1,0,2,0,4.390330436135972,0.07317607647290766,7.109303398047809,0.022704845507043048,0.8967134681511002,5.607434782161573,0.6446194438077543,123.68371481411262,9360981209.586802,0.0011246204085268504,0.11959997515199951,0.129958300900068,0.141969420070697,0.10825892651489802,2672276.532875216,0.010077658117605012,0.05600824352990663,0.009946230386847024,0.10728578106823898,0.41841663451265226,0.8255400411147022,0.129958300900068
4,1,0,2,0,3.460534892950267,0.013370032933356138,6.328841220042282,0.052565170195989455,8.766208538027124,1.0012639357602873,0.03250293563909793,106.211738198504,12063315519.334694,0.0009282850131909258,0.12396441033030013,0.13069513648683734,0.14258496495584844,0.10151819623160092,641395.1099090879,0.010165236115730263,0.05582867904129285,0.01005004264086544,1.0,1.4374640842436004,33.31708940617258,0.13069513648683734
3,1,0,2,0,2.036428026704783,0.06978677722004101,2.8135920842599327,0.0028244807347469194,6.012194495873048,7.984380095831008,0.49501444859878097,122.19548974038689,14488084293.314423,0.0,0.08135146276915137,0.130769283598839,0.14518790509710958,0.10811306276751526,1545133.0960950104,0.010539763893243648,0.055300058663522056,0.010426852566802853,0.03717135375776175,0.3337685012637689,0.2842514139007776,0.130769283598839
3,1,1,3,0,2.617657352320739,0.08765456293388584,6.949637984489851,0.015886006073330152,0.30775395814005424,13.198898516774225,0.5727843801921185,122.88145818027675,10193584708.422667,0.0,0.115646044401741,0.13231540763521835,0.1448114086359262,0.10449341556726384,2631480.052370642,0.010485172035560602,0.058382989456320034,0.010346721170346584,0.13231540763521835,0.3778602416092705,1.0,0.13231540763521835
3,1,0,2,0,1.5274407720944319,0.06324095491260563,2.2143780849764965,0.005632904701631966,0.3745015528298754,6.043869725290811,0.17602755148897814,126.23583695746969,13835357878.376568,0.0,0.14831243173520534,0.13272812705561238,0.14380466855634044,0.09191301692054893,148547.45362697466,0.010339891349299465,0.05123085256995541,0.010197205924435378,0.13272812705561238,0.4805127643325823,1.0,0.13272812705561238
4,2,1,1,0,3.024252425497563,0.02510297699751192,3.8968985727463363,0.06220239769520647,1.3068243781153697,7.3393135168724895,0.6904225444450187,63.07113025846322,10347608310.826828,0.0014732945425691116,0.12292940116651865,0.13296169451172452,0.14525829819290062,0.09961910546005576,114813.12717966619,0.01054998659694882,0.056363433191712,0.010425765712398564,0.13641830681530662,1.0725790929260308,1.0259970536347016,0.13296169451172452
4,2,1,1,0,3.0173685551464935,0.025037692640126768,3.9067005143415345,0.062290905386869974,1.2897282231452525,7.37603209365384,0.6911269431410813,63.11270713971686,10346782966.87529,0.0014728817806563676,0.12735155787636737,0.13316906164356104,0.14522758035003874,0.09966965881361914,114275.4662267378,0.010545525047163481,0.05661528399703142,0.010424683735453591,0.13407843212405035,1.0860327186183496,1.0068286918092382,0.13316906164356104
5,1,0,3,0,2.728653965234525,0.08088618666502155,6.6780675882834855,0.022005046549336212,1.28435599216687,13.168808777510357,0.5638954470791779,127.38249535933002,12640199894.724522,0.0009872901425935238,0.14188652146706773,0.13316986340617354,0.14434397911595065,0.1195270334345292,2226381.9602114703,0.010417592153512999,0.0572455095317288,0.010332463017817246,0.1031810362186424,0.5424849966392128,0.7748077048328571,0.13316986340617354
3,1,0,2,0,4.552960879381585,0.08416952931434447,8.25790869403069,0.0065545071364543185,0.8652897927370534,1.3537942651139916,0.19951739431759877,129.8371306884956,13629871047.407188,0.0,0.09675091591327922,0.1341505668966331,0.14790617513247967,0.11215559376938092,1549170.0283740752,0.010938118321159873,0.060917326446069064,0.010825421744000635,0.21095786705683722,0.3655781524839537,1.5725454758561428,0.1341505668966331
3,1,0,2,0,3.1082082099924957,0.08525999407766328,7.3155057317114665,0.011727708942940316,2.43623558201144,7.646074039252926,0.21809823735055317,123.70299148009269,13231477732.572954,0.0,0.1288704264023976,0.13423820767209887,0.14628400815419787,0.1196351480784958,2568921.476364595,0.010699505520828713,0.05836608289738754,0.010599496887998633,0.13423820767209887,0.3687583323306993,1.0,0.13423820767209887
3,1,0,2,0,4.559781880759855,0.08408966996356881,8.310773363908044,0.0064558837437061305,0.8855358602067421,1.328277198161657,0.20067342218982462,129.97670776651668,13628434964.369844,0.0,0.09599708651770752,0.1343740966475807,0.1482003693791466,0.11590504586293299,1961559.1185940197,0.010981674742057747,0.06109689224635717,0.010873517323186494,0.1343740966475807,0.3692059254495425,1.0,0.1343740966475807
5,2,1,1,1,3.038948197779627,0.032711287772169965,6.301241253592807,0.03246740446313968,1.9377735465197994,4.219775609635292,0.24666101768663726,111.88121552947887,13158421500.13827,0.0012748441902125237,0.14537988680344346,0.13596151203640736,0.1476363012967249,0.12374923102353097,3549430.2499547875,0.010898238730288666,0.053134993150091625,0.010798430166227965,0.13596151203640736,0.5061277527345636,1.0,0.13596151203640736
3,1,0,2,0,0.4430893849816989,0.008200619314881965,6.634629663780372,0.005625571595543463,0.49948188635908797,1.4142698531111395,0.6260388514301021,89.99319339524419,9035749412.904606,0.0,0.11389315790792033,0.13651234064702372,0.1496372541068691,0.09999254664370569,42733.488736391526,0.011195653908321857,0.061324681307457496,0.011053434438048066,0.13651234064702372,0.7632760780607551,1.0,0.13651234064702372
3,1,0,2,0,0.4430893849816989,0.008200619314881965,6.634629663780372,0.005625571595543463,0.49948188635908797,1.4142698531111395,0.6260388514301021,89.99319339524419,9035749412.904606,0.0,0.11389315790792033,0.13651234064702372,0.1496372541068691,0.09999254664370569,42733.488736391526,0.011195653908321857,0.061324681307457496,0.011053434438048066,0.13651234064702372,0.7632760780607551,1.0,0.13651234064702372
3,1,0,2,0,3.363968809244765,0.06270488481315889,6.034940369259102,0.0069347385780197945,5.988983299762269,5.7641412381970865,0.03637226822256374,125.09242777083404,12375250547.39772,0.0,0.15276551819194018,0.13710223818747494,0.1464799806896058,0.12711656501521496,3064120.4014800703,0.010728192371413642,0.05839055408929161,0.010652859912227324,0.13710223818747494,0.41649092297196433,1.0,0.13710223818747494
3,1,0,2,0,3.363197336047521,0.06257911868871933,6.044452349364327,0.0066492477720028085,6.026203181721283,5.756530977545807,0.033295597498425394,124.93195213239734,12394308550.779102,0.0,0.158124786183645,0.137617253197646,0.14354213460471066,0.12361380499075125,3288808.6446797154,0.010302172203438436,0.057068466498905956,0.010230585515030489,0.07449135245873177,0.4193854571319488,0.5412937021184926,0.137617253197646
3,1,0,2,1,4.160353100440154,0.040753450974338835,2.7725506945709135,0.02062283494582656,1.6354721534644845,9.218298551070466,0.6485436922230676,123.571440502997,13733541969.117004,0.0008869097903000645,0.14437023481904182,0.1379217619356085,0.14952668026419905,0.11953526856101815,2848276.6914669997,0.011179114055416007,0.06093232534632842,0.011066704929001301,0.1379217619356085,0.3602527669502888,1.0,0.1379217619356085
3,1,0,2,1,3.860354414450417,0.06174214763925232,4.008490009662502,0.046962324188881584,2.225409749166032,4.138577366127286,0.7751775672555242,120.22887303395467,10433774375.574577,0.0010506884052162906,0.12000519458975645,0.13812845597631346,0.1513877460656404,0.11720303285072567,2233402.196528996,0.01145912482941741,0.0575131169912092,0.011301835420110751,1.0,0.437376588273247,40.927499276397576,0.13812845597631346
4,2,1,2,0,1.0751729423926624,0.09522907239326962,2.2170263991620467,0.003693852533844354,4.278249701535607,3.1069371493199043,0.29027144341877836,87.79346637736163,11804282839.198227,0.0,0.15227370282342834,0.1385140592417692,0.14830041466876878,0.12156791429272938,3483775.6626748145,0.010996506495464386,0.06093582173877876,0.01088995070504147,0.19281321223088912,0.338128393357449,1.3920118527054608,0.1385140592417692
4,2,1,1,0,2.793139203135496,0.07443742317692419,9.696790777261532,0.007053170252174507,7.332669882113496,3.7466712818667607,0.2856850360151079,82.61566733670999,18190916371.697,0.0,0.1583261209210301,0.13889888359864494,0.14486347261514954,0.12213570426427231,3238741.871701749,0.010492712849060089,0.05694267939136177,0.010420290160614694,0.1202147583432794,0.3760894304308372,0.8654839781912558,0.13889888359864494
3,1,0,2,0,3.1543140911408933,0.03564083773396688,3.1847254319841127,0.013894510200904132,0.9758638583257037,6.878535824855497,0.3546788633821476,118.99446256850278,14237593730.72943,0.0,0.136451626977247,0.13969462147321088,0.15187509579938976,0.11842815014880097,2863207.401207433,0.011533022362036911,0.0640311515353077,0.01137135638479852,0.13969462147321088,0.3357219920799062,1.0,0.13969462147321088
4,1,0,1,0,2.0439525240236978,0.04649363374753065,5.2916140008116335,0.015261988256337945,2.6370191041308884,8.082108191873472,0.36180234473640166,109.26863296214563,14926425145.915567,0.0,0.1596021972336311,0.139745315801536,0.1449099273481072,0.11920849194625723,2852863.788720685,0.010499443522016854,0.05795758004251883,0.010417386411093027,0.139745315801536,0.3947212828265558,1.0,0.139745315801536
3,1,0,2,0,3.360389566996,0.06230205915857692,6.030103554771529,0.006600312968619256,6.00708216111743,5.779379332360888,0.03454192785313355,124.95917312924891,12388554555.546556,0.0,0.15701555242325455,0.1398557457227693,0.14667995183077545,0.12592569606019907,3212699.108922804,0.010757504134539303,0.059432019659647395,0.010678340152632837,0.1398557457227693,0.4168622824139539,1.0,0.1398557457227693
3,1,0,2,0,3.360389566996,0.06230205915857692,6.030103554771529,0.006600312968619256,6.00708216111743,5.779379332360888,0.03454192785313355,124.95917312924891,12388554555.546556,0.0,0.15701555242325455,0.1398557457227693,0.14667995183077545,0.12592569606019907,3212699.108922804,0.010757504134539303,0.059432019659647395,0.010678340152632837,0.07973263090155049,0.4168622824139539,0.5701062225902498,0.1398557457227693
3,1,0,2,0,3.360389566996,0.06230205915857692,6.030103554771529,0.006600312968619256,6.00708216111743,5.779379332360888,0.03454192785313355,124.95917312924891,12388554555.546556,0.0,0.15701555242325455,0.1398557457227693,0.14667995183077545,0.12592569606019907,3212699.108922804,0.010757504134539303,0.059432019659647395,0.010678340152632837,0.1398557457227693,0.4168622824139539,1.0,0.1398557457227693
3,2,0,2,1,4.389094164776935,0.044402610686707776,2.2583407165530316,0.0056486768044201,1.4622394359133404,14.360012869488974,0.5974062481428071,124.20315336190235,16010354832.989891,0.0,0.07948266487317654,0.14005406273360024,0.1555135934342811,0.11690735004293816,1523882.5945556941,0.012092238871421437,0.06577526254462862,0.011951658164083315,1.0,0.35886688841888315,20.078612629491303,0.14005406273360024
4,2,0,2,0,4.935719978286643,0.09271646846541473,7.6144849320293755,0.0023967334984363923,6.491640977657355,6.889379628838969,0.7418308622839184,109.35117330796022,15601560807.782375,0.0,0.12989612976433368,0.14021149729418664,0.1528765616319314,0.12285562164343884,2561069.1124915574,0.011685621548200856,0.06374664682836506,0.011574153272500068,0.8615668696633579,0.35203832243733935,6.14476620170206,0.14021149729418664
3,1,0,2,1,2.633410117411998,0.08420198331923053,2.9278701330828216,0.025630153038928842,1.308139943544488,1.061854718664702,0.26103875884688593,108.86345956738623,12513390601.807844,0.0010657169536436775,0.1913890081259704,0.1404122697939229,0.12736813635288546,0.11219046039965687,4606824.979370844,0.008111321079003612,0.04460247964433539,0.008074851710300429,0.7884361645407129,0.4126717661553209,5.615151479980111,0.1404122697939229
3,1,0,2,2,3.4801151823380563,0.09595563680736333,1.240333330188364,0.023665956572692368,0.7260679628545863,4.395712973644193,0.3349160347593066,83.01156601773647,16058489598.815937,0.0010745421899324911,0.13833086982226622,0.14041865861429856,0.15259690853741756,0.12626179814859398,3123104.231164055,0.01164290824758849,0.06425194908001808,0.011536551628675657,0.14041865861429856,0.39876753003735854,1.0,0.14041865861429856
3,1,0,2,0,4.510593311504392,0.09246287293629542,6.898868273003196,0.02126977114501267,2.198459365225429,8.540122409350808,0.06189983490401556,108.15479150911763,13857616262.13067,0.0009114691971585464,0.152486391348083,0.1405133311246366,0.15036196723188502,0.11801203980121411,3146132.745577044,0.011304360594921233,0.0626479752197141,0.011148124134136845,0.1405133311246366,0.44293673263561073,1.0,0.1405133311246366
3,1,0,2,0,4.510593311504392,0.09246287293629542,6.898868273003196,0.02126977114501267,2.198459365225429,8.540122409350808,0.06189983490401556,108.15479150911763,13857616262.13067,0.0009114691971585464,0.152486391348083,0.1405133311246366,0.15036196723188502,0.11801203980121411,3146132.745577044,0.011304360594921233,0.0626479752197141,0.011148124134136845,0.16222376673845026,0.44293673263561073,1.154508013154683,0.1405133311246366
4,1,0,1,1,3.855567989762968,0.06680021343153009,1.8625962674799568,0.04276366420515986,0.8982390002234156,5.072644194348505,0.8109676053830663,86.60061270597737,17115313089.59018,0.001300189600168284,0.13999139475422492,0.14098000633447244,0.15309143087526578,0.12974488592053499,2654747.5067120204,0.011718493103718138,0.06533591395198846,0.01160606440780877,1.0,0.4087544828324493,68.32549943043907,0.14098000633447244
3,1,0,2,0,0.6059896663929755,0.013826164948062205,0.504331141710024,0.011238997368048153,1.8221521933901201,2.392838081206596,0.6820523843803314,113.44610869592053,15246632753.583384,0.0,0.12876161117351254,0.14106451520228425,0.1541082304522209,0.0997991477238824,270919.5095964632,0.011874673346557413,0.06081410183785929,0.011701077612360809,0.14106451520228425,0.6377017590985513,1.0,0.14106451520228425
3,1,0,2,0,0.5795179069036518,0.08585708611733976,1.2052404527368272,0.0036333383856793915,0.840175246339842,6.53012810156248,0.27640260296498603,127.76762093063284,10149771531.017447,0.0,0.15968076960767644,0.1411552598817831,0.1463414190130909,0.11548563450569202,3468362.3354199333,0.010707905459382522,0.05966844524874715,0.010608267320334264,0.1411552598817831,0.29033242570637674,1.0,0.1411552598817831
3,1,0,2,0,0.5795179069036518,0.08585708611733976,1.2052404527368272,0.0036333383856793915,0.840175246339842,6.53012810156248,0.27640260296498603,127.76762093063284,10149771531.017447,0.0,0.15968076960767644,0.1411552598817831,0.1463414190130909,0.11548563450569202,3468362.3354199333,0.010707905459382522,0.05966844524874715,0.010608267320334264,0.03434391799975114,0.29033242570637674,0.24330597406369425,0.1411552598817831
3,1,0,2,0,0.5795179069036518,0.08585708611733976,1.2052404527368272,0.0036333383856793915,0.840175246339842,6.53012810156248,0.27640260296498603,127.76762093063284,10149771531.017447,0.0,0.15968076960767644,0.1411552598817831,0.1463414190130909,0.11548563450569202,3468362.3354199333,0.010707905459382522,0.05966844524874715,0.010608267320334264,0.03434391799975114,0.29033242570637674,0.24330597406369425,0.1411552598817831
3,1,0,2,2,3.4801151823380563,0.09595563680736333,7.153904046613044,0.023665956572692368,0.9493384270964198,4.395712973644193,0.3349160347593066,83.01156601773647,16079167498.526758,0.0010745421899324911,0.12389060920804558,0.14141434436813094,0.1548354936706419,0.124377219283408,3144064.6209092103,0.011987015050115695,0.06020587070354577,0.011836208706230374,0.2751073593584876,0.4396386552255094,1.9453992491902092,0.14141434436813094
3,2,0,0,0,3.854505167856396,0.07842513218655495,3.919142834638746,0.038045748928787246,1.2567642394486622,2.8238297337668388,0.16079854846867792,117.95430900802234,12254570380.595371,0.0007657227411268376,0.14712183661775302,0.14211154178247853,0.15408514892376224,0.12093659454379943,2907304.1406161557,0.011871116559428994,0.06379035076843098,0.0116999592793211,0.14211154178247853,0.42485624932376537,1.0,0.14211154178247853
3,0,0,2,0,3.4420548775599284,0.0698104657453505,2.709291938496312,0.003970319748605282,0.1124580527378444,6.894888615621353,0.6000604263730223,127.66431374689756,11094881649.299067,0.0,0.12744691219812487,0.14212087491474532,0.15520029060991128,0.11789730369395511,2209392.911533385,0.012043565102700458,0.0645220806255894,0.011866459123413263,0.14212087491474532,0.3570792960894824,1.0,0.14212087491474532
3,0,0,2,0,3.4420548775599284,0.0698104657453505,2.709291938496312,0.003970319748605282,0.1124580527378444,6.894888615621353,0.6000604263730223,127.66431374689756,11094881649.299067,0.0,0.12744691219812487,0.14212087491474532,0.15520029060991128,0.11789730369395511,2209392.911533385,0.012043565102700458,0.0645220806255894,0.011866459123413263,0.14212087491474532,0.3570792960894824,1.0,0.14212087491474532
3,1,0,2,0,2.4967708875013592,0.09608638188426287,5.803274415999116,0.026492818670124155,1.87682584999664,4.226541123287553,0.18385642751686213,84.63421243462984,10961983640.195404,0.001007223210728807,0.16311890646905697,0.14243641102693472,0.145562067223294,0.11655098519400035,3456212.4657172984,0.010594157707159383,0.05842461374466823,0.010475343576318005,0.01568283910149781,0.4099242724409518,0.1101041439364278,0.14243641102693472
3,1,0,2,1,1.0882188987116008,0.08973867331234504,2.2848072190511663,0.00510337462878246,0.48897720023547797,1.705008457472928,0.38804763936718206,115.50931991276447,9248955833.83605,0.0,0.12966782193222692,0.14259975386109727,0.15585503179501664,0.10584480455057775,773748.7742295819,0.012145395467912825,0.06064631930652298,0.011967778311601285,0.14259975386109727,0.35169233327388616,1.0,0.14259975386109727
3,1,0,2,0,3.1794142520892703,0.0192769324340476,6.163481050438062,0.023226057971148597,1.6568757137833634,4.27170363885562,0.5094294677643422,106.99275196003781,10021609744.981245,0.0007316764355483047,0.112891911293237,0.1428428314916631,0.1567506694852379,0.11529538665986468,915157.1381322929,0.012285386192035142,0.06691795109894594,0.012138392719530107,0.1428428314916631,0.3983248666384325,1.0,0.1428428314916631
3,1,0,2,0,1.120379152898742,0.08759106789065076,2.2794340543510563,0.0044874263705144204,0.35345685464313903,1.54754461027201,0.4044398430861083,114.1134733539375,9375777196.19232,0.0,0.06538116314784131,0.14285002164595026,0.1592845450056794,0.1096922356061597,703849.555967903,0.012685783138833152,0.07109622153578077,0.012470807163993881,0.017624114290277337,0.34372410298528866,0.1233749500854694,0.14285002164595026
3,1,0,2,0,1.120379152898742,0.08759106789065076,2.2794340543510563,0.0044874263705144204,0.35345685464313903,1.54754461027201,0.4044398430861083,114.1134733539375,9375777196.19232,0.0,0.06538116314784131,0.14285002164595026,0.1592845450056794,0.1096922356061597,703849.555967903,0.012685783138833152,0.07109622153578077,0.012470807163993881,0.14285002164595026,0.34372410298528866,1.0,0.14285002164595026
3,1,0,2,0,4.72493232939385,0.09294629488035869,6.792624732032698,0.022167199244947713,2.1900529465472434,8.730882365538427,0.05418843652079171,107.13252622417029,13855350909.432047,0.0009099403621612183,0.15104228746764542,0.14325017480027852,0.1543277666652991,0.11732190742789621,3183034.9784044093,0.011908529781949501,0.06658560868228658,0.011710652665069047,0.1404243408747291,0.4534804241132323,0.9802734347131566,0.14325017480027852
3,1,0,2,0,4.72493232939385,0.09294629488035869,6.792624732032698,0.022167199244947713,2.1900529465472434,8.730882365538427,0.05418843652079171,107.13252622417029,13855350909.432047,0.0009099403621612183,0.15104228746764542,0.14325017480027852,0.1543277666652991,0.11732190742789621,3183034.9784044093,0.011908529781949501,0.06658560868228658,0.011710652665069047,0.14325017480027852,0.4534804241132323,1.0,0.14325017480027852
3,1,0,2,0,4.72493232939385,0.09294629488035869,6.792624732032698,0.022167199244947713,2.1900529465472434,8.730882365538427,0.05418843652079171,107.13252622417029,13855350909.432047,0.0009099403621612183,0.15104228746764542,0.14325017480027852,0.1543277666652991,0.11732190742789621,3183034.9784044093,0.011908529781949501,0.06658560868228658,0.011710652665069047,0.1404243408747291,0.4534804241132323,0.9802734347131566,0.14325017480027852
3,1,0,2,0,2.505644905814812,0.09621795308452898,5.867637542347397,0.026498732025322956,1.8799441502579852,4.390263207568083,0.18413198975543793,83.9993756641041,11002120068.711931,0.0010111906610958583,0.16490936651526278,0.14376840361554438,0.14583140797661037,0.11768837650479717,3535943.0632560723,0.010633399776220288,0.05886275325525048,0.010525254531311883,0.021237722069191625,0.41331799663507796,0.14772176316281627,0.14376840361554438
3,1,0,2,0,2.505644905814812,0.09621795308452898,5.867637542347397,0.026498732025322956,1.8799441502579852,4.390263207568083,0.18413198975543793,83.9993756641041,11002120068.711931,0.0010111906610958583,0.16490936651526278,0.14376840361554438,0.14583140797661037,0.11768837650479717,3535943.0632560723,0.010633399776220288,0.05886275325525048,0.010525254531311883,0.021237722069191625,0.41331799663507796,0.14772176316281627,0.14376840361554438
3,1,0,2,0,4.519032098207856,0.09187711776284221,6.8958348069893916,0.021489537253234405,2.1985191732258316,8.458479110071915,0.06239000421841575,107.89612954492668,13795778177.331377,0.0009136985897854434,0.13944240427414628,0.1440575548547391,0.15652617353487833,0.11577775269792602,2893779.0618913425,0.012250221500735422,0.06851352122696808,0.012026578998408421,0.1440575548547391,0.4435092864308409,1.0,0.1440575548547391
3,1,0,2,0,4.719373419417796,0.09302910483895614,6.803088316676013,0.021993734643369747,2.19475760264291,8.770932956099465,0.056075867875671585,107.1248077241992,13848347525.73543,0.0009104016952175819,0.15002100992074263,0.14418051787460956,0.15606560226340582,0.11733270657192914,3113701.603825465,0.01217823610491979,0.06805355565264792,0.011966072446013703,0.14418051787460956,0.4524609193031908,1.0,0.14418051787460956
3,1,0,2,0,4.719373419417796,0.09302910483895614,6.803088316676013,0.021993734643369747,2.19475760264291,8.770932956099465,0.056075867875671585,107.1248077241992,13848347525.73543,0.0009104016952175819,0.15002100992074263,0.14418051787460956,0.15606560226340582,0.11733270657192914,3113701.603825465,0.01217823610491979,0.06805355565264792,0.011966072446013703,0.07273927059268212,0.4524609193031908,0.5045013824679265,0.14418051787460956
3,1,0,2,1,4.030621092542239,0.082446745119056,2.9600605378524905,0.024316583824259965,1.4134296985767123,1.0207857924804506,0.42425151056672245,114.61167336658261,15152821530.681782,0.0010648623952887108,0.19632868227164543,0.1442307698368928,0.12844139425196682,0.10973283581526694,4501870.285211642,0.008248595878694587,0.04554725850726604,0.008209746226196557,0.1442307698368928,0.409738531311413,1.0,0.1442307698368928
3,1,0,3,0,2.1729933497461333,0.06102974379670138,5.438910655904551,0.016417603612620818,0.5937373773197953,9.098019713755047,0.5330903237807362,117.04850195293487,14478673860.908575,0.0,0.1526595904743917,0.14442060742453092,0.15523510222376113,0.1262960557554147,4189141.892701139,0.012048968481210787,0.05430233226748049,0.011938727346305049,0.14442060742453092,0.3864788679917781,1.0,0.14442060742453092
3,1,0,3,0,2.1729933497461333,0.06102974379670138,5.438910655904551,0.016417603612620818,0.5937373773197953,9.098019713755047,0.5330903237807362,117.04850195293487,14478673860.908575,0.0,0.1526595904743917,0.14442060742453092,0.15523510222376113,0.1262960557554147,4189141.892701139,0.012048968481210787,0.05430233226748049,0.011938727346305049,0.14442060742453092,0.3864788679917781,1.0,0.14442060742453092
3,1,1,0,0,4.246083987397675,0.07516254082233928,4.378895194055416,0.032876140349810276,1.4600341947222784,3.3969664025803867,0.5423236495346855,111.0481782132072,10634631561.223553,0.0009996014269039954,0.13114696182314028,0.1446054972033999,0.15787354008047344,0.12755772468081183,2430735.2751263166,0.012462027328770428,0.06465077354803905,0.01233312243735884,0.1446054972033999,0.39798200281417007,1.0,0.1446054972033999
5,2,1,1,1,4.545706250660055,0.04691703858963318,5.315946945366059,0.020035520554468722,3.308472448028546,1.994391115364941,0.18032930387175342,118.29796473774071,16056870046.29487,0.0012337109832547745,0.1454146251272737,0.1447074163575005,0.15752198919287522,0.12954968356803934,2650892.683970294,0.01240658853964015,0.05845329720421766,0.012250479161847471,1.0,0.4739739885025415,37.44134282994031,0.1447074163575005
3,1,0,2,0,1.1015358048762973,0.08931644091904772,2.3026280128383902,0.004568547330079855,0.4494938908532312,1.705062180661632,0.38752182323293566,115.40125452359884,9244476810.634212,0.0,0.0779360430793567,0.14473891628455388,0.16077450724925374,0.11075328594062551,698199.4295794028,0.01292422109062017,0.07075143828378694,0.01274263159019899,0.14473891628455388,0.3508201038362209,1.0,0.14473891628455388
4,1,1,1,0,2.4604069145379257,0.056645809497233426,4.533476289523942,0.0023029749730241727,4.743097201281316,10.64051227133179,0.5364154372213847,77.46145989217761,11223223239.90788,0.0,0.09239236975132026,0.14539040828665215,0.16062334583820556,0.10771249835497436,1039175.9233773819,0.012899929614129895,0.07191898711809885,0.012651081406110964,1.0,0.3525444494635049,8.659935614370788,0.14539040828665215
3,1,1,1,1,2.7578784179972198,0.07129574517371949,3.1519629063932695,0.036130737805084086,2.071092397337894,2.5342225457929257,0.1273067400775738,124.76569228687794,12974540297.973501,0.0009312431019597406,0.15427341917809856,0.14554709040598499,0.15486699472724477,0.12539157751209157,2967202.550094178,0.011991893027924229,0.06301515162345772,0.011848647046152799,1.0,0.40159578194612305,8.768800752006102,0.14554709040598499
4,2,1,1,0,3.006346445545885,0.029900953856528543,4.179935205132111,0.06446174702789963,1.3729136401658428,7.14894483641828,0.6679548340301489,63.64631480803876,17999649955.984226,0.001230857131976109,0.15684171685157228,0.14596219946396258,0.1534465317241778,0.12262888509840032,3185335.8484408245,0.011772919049089552,0.06427586550534592,0.01162560559961804,0.2638135242704184,0.41180099871327613,1.80740989954425,0.14596219946396258
3,1,0,2,0,4.523220821066117,0.0882020738544295,6.990697716583198,0.030045769054292678,2.394272093847401,5.136070296952831,0.03258914747504476,110.38982459605332,15835346440.402481,0.0009233923651697289,0.14842831083948993,0.1460112418675731,0.15822613823300402,0.11606734791467742,3310000.4223439516,0.012517755410064849,0.06943442114083909,0.012243851566657492,0.1460112418675731,0.4615741477519675,1.0,0.1460112418675731
4,2,1,1,0,2.9866359025210842,0.024229079571744586,3.956780621741176,0.06310280197045157,1.3004831235467096,7.222507464107501,0.6897235228445562,62.88224793022109,10252555210.709173,0.0014653367984343605,0.14798238086085252,0.14621799348498452,0.15854559647255212,0.10663012798517121,136810.37212844155,0.012568353080418667,0.06853399572503327,0.012391131392678063,0.07091641708443895,1.1050036444440252,0.48500472065171335,0.14621799348498452
3,1,0,2,0,4.774571559209602,0.078862907589881,5.237203153321869,0.004483321540439711,9.987073917828097,6.702651056016828,0.056422197476555844,118.45750888204732,10946819606.675198,0.0,0.1053105634803613,0.14641791822814626,0.16106833410628615,0.12239215977384528,2013419.5018323143,0.012971504125887113,0.07191461714981195,0.012788799071769297,0.14641791822814626,0.37229769249994005,1.0,0.14641791822814626
3,1,0,2,0,2.251890183369271,0.09995712600271879,8.166127878334812,0.013969978865282328,1.7240211778320962,7.4233417957367145,0.1518633672571745,105.15692372766486,12423755280.502258,0.0,0.16996487621130124,0.14644674213425424,0.145552821049954,0.12002472748806642,4007801.6549001373,0.010592811857799969,0.05737390208611315,0.010496230160573805,0.14644674213425424,0.375006108726573,1.0,0.14644674213425424
2,2,1,1,2,2.933608360835407,0.04459361700716708,7.204856003407436,0.0041024182377354355,1.9015027324424267,2.0953417108123373,0.5264309940809924,116.04444492993701,14465036834.183558,0.0,0.08429784668168266,0.14686581706948904,0.1630332693762802,0.12100391256210544,1991034.9575579427,0.013289923461759372,0.06816299184957453,0.013096611057727173,0.17062586465598498,0.36359984585628347,1.1617806516219766,0.14686581706948904
3,1,0,2,0,0.643220040449614,0.014011943587678617,1.2261907836180301,0.011264543125110932,1.8154823450988966,2.595877685041565,0.645601128641767,113.59247311725478,14887116568.273712,0.0,0.17145452572277742,0.14706815345314725,0.14520701348057624,0.09126712254510765,115757.76169137479,0.010542538381974127,0.05837487480530301,0.010353521698707102,0.07763091756815131,0.6450835566443729,0.5278567503935028,0.14706815345314725
3,1,0,2,0,4.438334882859471,0.08888432598457766,2.1695544973328813,0.028764241962186035,0.6483900183535901,9.69111911532206,0.3359727463858739,116.73732753123315,15458514804.332066,0.0007114860560059778,0.16535984129392112,0.14752939912286817,0.1494724658395203,0.11939777470134526,3486388.4415008835,0.011171009022073283,0.06223613297970931,0.011033118571590759,1.0,0.3665807221440858,41.96102893573177,0.14752939912286817
3,1,0,2,0,3.1030859076975075,0.09949020661957209,6.038145090730683,0.012793767869329358,0.7440574895201848,4.379469158893547,0.44737982712765734,125.50471908500445,11846684340.880173,0.0,0.15645425640790334,0.14771324736511698,0.15554330154193657,0.12196793696684612,3083346.7941416204,0.012096859327282904,0.06712688843332859,0.01191852023169406,0.05706010704478965,0.3403911490877966,0.3862897070006776,0.14771324736511698
3,1,0,2,0,1.8683022458001455,0.08131963858506851,2.690365163766445,0.007514626800287022,0.9636282153529664,3.7870948599558263,0.09176390352843494,91.15934126184638,13999021971.21071,0.0,0.18619757134432313,0.14775147354208995,0.13728050053616936,0.11820480606891504,3942368.710751069,0.009422967913730599,0.05189549656701653,0.009370149021766755,0.01134882256269046,0.3336932826324275,0.07681021576720534,0.14775147354208995
3,1,0,2,0,1.8683022458001455,0.08131963858506851,2.690365163766445,0.007514626800287022,0.9636282153529664,3.7870948599558263,0.09176390352843494,91.15934126184638,13999021971.21071,0.0,0.18619757134432313,0.14775147354208995,0.13728050053616936,0.11820480606891504,3942368.710751069,0.009422967913730599,0.05189549656701653,0.009370149021766755,0.01134882256269046,0.3336932826324275,0.07681021576720534,0.14775147354208995
4,2,1,1,0,2.0071469822988757,0.026095102104872422,4.129502461281743,0.06338343332856072,1.2854692061146578,7.152634727155512,0.7042609063188537,62.836055633168485,10407694843.329632,0.001378733885342141,0.0727593955756416,0.1477834560592954,0.16460394849891677,0.11007821235960326,740374.8099468463,0.013547229930717023,0.07109537119796472,0.013254694957900378,0.17249899092327123,0.4311828822993892,1.167241554115903,0.1477834560592954
4,2,1,1,0,2.0071469822988757,0.026095102104872422,4.129502461281743,0.06338343332856072,1.2854692061146578,7.152634727155512,0.7042609063188537,62.836055633168485,10407694843.329632,0.001378733885342141,0.0727593955756416,0.1477834560592954,0.16460394849891677,0.11007821235960326,740374.8099468463,0.013547229930717023,0.07109537119796472,0.013254694957900378,0.17249899092327123,0.4311828822993892,1.167241554115903,0.1477834560592954
3,1,0,2,0,1.8684750263651722,0.08130997624266946,2.6910523450839614,0.007520140265814296,0.9618392287030474,3.7873727953297864,0.09166268278279527,91.1646502189656,13997518744.124855,0.0,0.18615481265754874,0.14787551924304973,0.13742457529590443,0.11822594226837708,3941793.811183724,0.009442756947629855,0.05202236166684926,0.009389421690291822,0.011357179316303019,0.3337417189761355,0.07680229543360886,0.14787551924304973
3,1,0,2,0,4.153973420800265,0.08013063034497675,5.890459966313174,0.01544690578919473,2.0877434666604593,8.300574891795195,0.10100794510603904,125.23026629240971,12817433719.906246,0.0,0.1467677477608541,0.14799817133889384,0.16050925093134125,0.11999690847508704,2618977.1135049732,0.012881609817270136,0.07165680336695102,0.012654880779116749,0.14799817133889384,0.37078302853288864,1.0,0.14799817133889384
3,1,0,2,0,4.153973420800265,0.08013063034497675,5.890459966313174,0.01544690578919473,2.0877434666604593,8.300574891795195,0.10100794510603904,125.23026629240971,12817433719.906246,0.0,0.1467677477608541,0.14799817133889384,0.16050925093134125,0.11999690847508704,2618977.1135049732,0.012881609817270136,0.07165680336695102,0.012654880779116749,0.14799817133889384,0.37078302853288864,1.0,0.14799817133889384
3,1,0,2,0,4.153973420800265,0.08013063034497675,5.890459966313174,0.01544690578919473,2.0877434666604593,8.300574891795195,0.10100794510603904,125.23026629240971,12817433719.906246,0.0,0.1467677477608541,0.14799817133889384,0.16050925093134125,0.11999690847508704,2618977.1135049732,0.012881609817270136,0.07165680336695102,0.012654880779116749,0.14799817133889384,0.37078302853288864,1.0,0.14799817133889384
3,1,1,2,1,2.85533877675525,0.04998985117263551,4.996710557403238,0.006306369543721071,3.9936682802358394,3.8437246489219192,0.04683724723638358,129.9944636994907,14218602605.581312,0.0,0.16135112373267096,0.14800376829712894,0.15266883320487143,0.12669783190635675,3575980.6176475547,0.011653886316068427,0.06313681943480864,0.011551751109693621,0.026270522123314592,0.377020786131461,0.17749900847507138,0.14800376829712894
3,1,0,2,0,4.883007125799459,0.020846763286737666,2.7566610352371352,0.012918556635273686,0.36882430971025526,9.577770934627303,0.4558227035627405,122.98709586490095,15906004316.467636,0.0,0.15333622463139873,0.14809618429472662,0.1581131868741634,0.11655509053656594,2778037.2072517155,0.012499889931752058,0.06915735507934795,0.01226145864770339,0.34534427220446373,0.319414689761636,2.331891762431861,0.14809618429472662
4,0,1,0,1,3.330157614120623,0.05441631786870675,9.823748765892637,0.0069491487944214475,0.8814526711385506,4.682717522021526,0.2590522137906251,122.92775407768197,17537188384.67563,0.0,0.178998049892707,0.14847104958075086,0.14213411107873794,0.11839905744440565,3414448.7135304976,0.01010105276607151,0.05541110480885991,0.010011913056422198,0.14847104958075086,0.3584787953171861,1.0,0.14847104958075086
4,2,1,1,0,2.987335317114392,0.026095102104872422,4.129502461281743,0.0638356933886838,1.2854692061146578,7.152634727155512,0.6920626036726236,62.836055633168485,10407694843.329632,0.0014730692519416963,0.12352956513170393,0.14861716275876852,0.16246910083614297,0.105625303989756,188682.82593065407,0.013198104363252394,0.07364087146598386,0.012970573961589715,0.3052561479282865,0.4459859869799156,2.05397642009739,0.14861716275876852
4,2,1,1,0,2.987335317114392,0.026095102104872422,4.129502461281743,0.0638356933886838,1.2854692061146578,7.152634727155512,0.6920626036726236,62.836055633168485,10407694843.329632,0.0014730692519416963,0.12352956513170393,0.14861716275876852,0.16246910083614297,0.105625303989756,188682.82593065407,0.013198104363252394,0.07364087146598386,0.012970573961589715,0.14861716275876852,0.4459859869799156,1.0,0.14861716275876852
4,2,1,1,0,2.987335317114392,0.026095102104872422,4.129502461281743,0.0638356933886838,1.2854692061146578,7.152634727155512,0.6920626036726236,62.836055633168485,10407694843.329632,0.0014730692519416963,0.12352956513170393,0.14861716275876852,0.16246910083614297,0.105625303989756,188682.82593065407,0.013198104363252394,0.07364087146598386,0.012970573961589715,0.14861716275876852,0.4459859869799156,1.0,0.14861716275876852
3,1,0,2,0,3.2644319574587324,0.01927355455386644,6.17862385812848,0.023968420980007926,1.6164175690216378,4.6222405739628725,0.5178358616612688,108.26916513777844,10218490702.290125,0.0007220205575942473,0.153913234027941,0.14871920053615,0.1584179893821169,0.11299306182572512,485320.77879656316,0.012548129679936251,0.06897652003187793,0.012395371344431853,0.4474669724932732,0.3996367168789383,3.008804316322995,0.14871920053615
3,1,0,2,0,3.2644319574587324,0.01927355455386644,6.17862385812848,0.023968420980007926,1.6164175690216378,4.6222405739628725,0.5178358616612688,108.26916513777844,10218490702.290125,0.0007220205575942473,0.153913234027941,0.14871920053615,0.1584179893821169,0.11299306182572512,485320.77879656316,0.012548129679936251,0.06897652003187793,0.012395371344431853,0.14871920053615,0.3996367168789383,1.0,0.14871920053615
3,1,1,2,1,2.3650501449072796,0.04747827701974208,4.504370334012211,0.010503820957017657,1.2867669279688119,3.166395055320433,0.37224429864216196,126.0766537288362,11981932613.428185,0.0,0.14524051132816362,0.1487396026964899,0.16168737756884108,0.12216697651071809,2600006.125761467,0.013071404032544486,0.06779471989879138,0.0128720261612413,0.005813216922777401,0.35506590949313027,0.03908318173095797,0.1487396026964899
3,1,0,3,0,2.7340775867555474,0.0807529059206343,6.6704248230365835,0.02197954513181674,1.2865421427673043,13.146880254457628,0.562822570927317,127.63809992378728,12627100305.989412,0.0009830254479555663,0.14990175175078574,0.14898035752243446,0.161432368223644,0.12471388724939132,3050721.2371978937,0.013030204755147093,0.0723249341408081,0.012849982604842538,0.14898035752243446,0.5321163627920232,1.0,0.14898035752243446
3,1,0,3,0,2.7340775867555474,0.0807529059206343,6.6704248230365835,0.02197954513181674,1.2865421427673043,13.146880254457628,0.562822570927317,127.63809992378728,12627100305.989412,0.0009830254479555663,0.14990175175078574,0.14898035752243446,0.161432368223644,0.12471388724939132,3050721.2371978937,0.013030204755147093,0.0723249341408081,0.012849982604842538,0.14898035752243446,0.5321163627920232,1.0,0.14898035752243446
3,1,0,3,0,2.7340775867555474,0.0807529059206343,6.6704248230365835,0.02197954513181674,1.2865421427673043,13.146880254457628,0.562822570927317,127.63809992378728,12627100305.989412,0.0009830254479555663,0.14990175175078574,0.14898035752243446,0.161432368223644,0.12471388724939132,3050721.2371978937,0.013030204755147093,0.0723249341408081,0.012849982604842538,0.0042973333612675866,0.5321163627920232,0.028844966093066766,0.14898035752243446
3,1,0,1,1,1.2910195665373254,0.016039389099012653,8.432012695932299,0.02043914456848321,4.905269129853419,2.9299187157938316,0.5424613049241832,129.7725241163797,11594511235.142056,0.0005787979613606399,0.1715984360156663,0.1496802730326486,0.1478003159240688,0.10271488023531582,174571.76332104742,0.010922466693627274,0.06041744819587569,0.01081247278431617,0.11440775067606823,0.7368622610738865,0.7643475546781863,0.1496802730326486
3,1,0,2,0,2.7381309838420145,0.03586996342555649,4.6175447451342535,0.046250708714585434,1.5545457785388268,5.1613832000099595,0.32190927609292214,67.18007569802899,16920536462.904673,0.0012428523711570136,0.15010832083530853,0.14984505269559237,0.16228747071886707,0.12000250975953507,3022921.9139747927,0.013168611576163567,0.07343917435556135,0.012912835497188862,0.6347184582221985,0.4171889318171887,4.235831926407461,0.14984505269559237
3,1,1,2,1,2.879797034626095,0.049935862250693436,4.902688498848276,0.00622676965225785,3.6104464144308546,4.282629099410717,0.04624335100843701,129.7234977716683,14090006906.5077,0.0,0.16334983615045384,0.1504326939201687,0.1538325329501374,0.131794145183314,3485102.9838091447,0.011832224096927557,0.06580286166884464,0.01173816191912546,0.0032844975445745837,0.4091244378448104,0.021833668326897038,0.1504326939201687
3,1,0,3,0,4.141008747803095,0.08200285557471451,5.380455335243502,0.013244144931019976,2.583691270133589,5.608221851115588,0.08209660865790058,126.8488460872716,12954184232.628944,0.0,0.13554272883701535,0.1506358219317112,0.16419544786952378,0.13189850771754816,2697522.2385508814,0.01348007255053675,0.07237102346476765,0.013273618850465404,0.1506358219317112,0.4142698721355518,1.0,0.1506358219317112
3,1,1,2,0,4.484539093780022,0.04671768002796527,5.365724488478554,0.02634246496560354,1.4494943936723872,4.470474203573921,0.7861097500100426,126.32764435865641,9656537587.29401,0.0008317441381916501,0.1296778610486956,0.1506369818220849,0.1645362546047936,0.12716343495774982,2423877.0135949645,0.01353608953968673,0.07240935757182498,0.013318592768359984,0.011887797249686066,0.41319184235385736,0.0789168576394246,0.1506369818220849
3,1,0,2,0,3.983539290652335,0.0475067705680004,4.992938591928768,0.020021622741441272,2.427877582327934,2.8019549336850957,0.6976000107451547,111.47037212458646,9877820692.83947,0.0008930586700986911,0.13840617357287094,0.15077313484824023,0.16417007049445728,0.132848074117177,2556945.2268581945,0.013475906023077536,0.07268941896308234,0.01332216833758818,0.01936663493680372,0.4034684361598594,0.1284488443932474,0.15077313484824023
5,1,0,1,1,3.195205634945957,0.03521901947904321,2.523209199654561,0.05736032889227774,1.7883651744783993,1.473202331374891,0.1258052058123172,101.55363397860339,17393333687.658287,0.000696238175135701,0.1521385346532858,0.15107117076371746,0.16217380361212286,0.12156450674873626,3131027.103847558,0.013150171289011697,0.07355358553417235,0.012895897288909119,0.14606709816267544,0.37143232914108765,0.9668760586434546,0.15107117076371746
5,1,0,1,1,3.195205634945957,0.03521901947904321,2.523209199654561,0.05736032889227774,1.7883651744783993,1.473202331374891,0.1258052058123172,101.55363397860339,17393333687.658287,0.000696238175135701,0.1521385346532858,0.15107117076371746,0.16217380361212286,0.12156450674873626,3131027.103847558,0.013150171289011697,0.07355358553417235,0.012895897288909119,0.15107117076371746,0.37143232914108765,1.0,0.15107117076371746
5,1,0,1,1,3.195205634945957,0.03521901947904321,2.523209199654561,0.05736032889227774,1.7883651744783993,1.473202331374891,0.1258052058123172,101.55363397860339,17393333687.658287,0.000696238175135701,0.1521385346532858,0.15107117076371746,0.16217380361212286,0.12156450674873626,3131027.103847558,0.013150171289011697,0.07355358553417235,0.012895897288909119,0.14606709816267544,0.37143232914108765,0.9668760586434546,0.15107117076371746
3,1,0,2,0,3.19066667679105,0.06474270409682267,5.769817674252652,0.00994657078762826,5.745410328042196,5.501517530825125,0.02273590598372765,124.18125965339806,12783842451.270403,0.0,0.1680202653559223,0.15116331025129762,0.15158920953932717,0.12419217033924586,3553228.3137941603,0.011489644224379019,0.06347130063147588,0.011363357729038294,0.1437475428075285,0.43078003727248637,0.950942014755823,0.15116331025129762
3,1,0,2,0,2.4998976565893893,0.06954884899423652,7.677373129885854,0.012769921929092428,3.093085953033776,8.551891891840292,0.10202516555002569,107.85307812893474,14621080491.80119,0.0,0.16176454771493887,0.15131839021679128,0.15584058955053615,0.1259710497963325,3321426.893995317,0.012143144675729337,0.06715530550674165,0.01199059909937066,0.285711362062276,0.36619162435564095,1.8881469836742393,0.15131839021679128
3,1,0,2,0,3.1899635503558272,0.08383105770832808,7.7199940085717165,0.010037113607529596,8.036286261724909,9.857468142311307,0.023843576561966,113.33768689712723,12738316062.963846,0.0,0.14755087621932994,0.15136186689477527,0.16424307444763742,0.12715856519256363,2905246.6648191004,0.013487893752006083,0.07406630231433364,0.01328464399191553,0.15136186689477527,0.4279504110676428,1.0,0.15136186689477527
3,1,0,2,0,2.7888896423196554,0.09528800364677441,6.928148611245741,0.02325658316535567,2.3347581779398103,1.2087696981981368,0.25029533989470487,114.2229123904834,10524049556.051052,0.0008337732179112012,0.19443705576780712,0.15144222830548223,0.13627960306976475,0.11648498341265194,4518099.752741212,0.009286065106426315,0.05124864148599051,0.009235165200512705,0.15144222830548223,0.4208872128205816,1.0,0.15144222830548223
3,1,0,2,0,2.7888896423196554,0.09528800364677441,6.928148611245741,0.02325658316535567,2.3347581779398103,1.2087696981981368,0.25029533989470487,114.2229123904834,10524049556.051052,0.0008337732179112012,0.19443705576780712,0.15144222830548223,0.13627960306976475,0.11648498341265194,4518099.752741212,0.009286065106426315,0.05124864148599051,0.009235165200512705,0.21274574484393374,0.4208872128205816,1.4047980356891798,0.15144222830548223
3,1,0,2,0,4.436498347715372,0.09199954210675672,6.880081753606363,0.021816617691123058,2.205879166646342,8.572663365035384,0.05770131928697872,108.67765071250437,13848810970.807364,0.0008772558043751283,0.1583573988255586,0.1514570399053294,0.15828839536486616,0.12289825164006697,3204574.7741543516,0.012527608053592092,0.0693657940123823,0.012313531731718225,0.1514570399053294,0.4406827996429391,1.0,0.1514570399053294
3,1,0,2,1,2.8318896593886063,0.09355273799573555,1.9973811450646797,0.00541065538729656,0.5654964430377903,9.752139435944363,0.38477543828534627,114.96050115670803,9239896019.775246,0.0,0.13219568914906288,0.15147941730018588,0.16527160260144155,0.12256564594442064,1128988.1051622815,0.01365735131322441,0.07411806131692389,0.013485992396127206,0.15147941730018588,0.33383018620695887,1.0,0.15147941730018588
3,1,1,2,1,2.978066067502432,0.07034871719721844,5.819822226267926,0.017731531991160985,0.8458796910682106,4.121659039539097,0.6380964573995976,121.69203338175303,10410759033.60468,0.0,0.16647241856903316,0.15153086936115878,0.15292718856558035,0.12137303596445853,3475700.0845950483,0.011693362501286284,0.06534694163357346,0.01156680889519037,0.00644727275422295,0.339382248081738,0.04254758638556026,0.15153086936115878
3,1,0,2,2,2.6567375248572755,0.07678002161589835,4.939135338869663,0.00976008460102237,2.572007225043356,6.011836242908966,0.17933588422919775,105.74633097291483,16269530204.557373,0.0,0.16780076423843948,0.15173113585462558,0.15228018932456705,0.12663697598484933,3580628.2441390604,0.011594628030362993,0.06475219673332366,0.011497443653354467,0.004924681768211003,0.3878399645464098,0.03245663284910334,0.15173113585462558
3,2,1,3,0,3.7396734184748963,0.07462283083344427,3.150336554978581,0.015311927516864441,1.8729287118503766,6.2748514885551305,0.14301025872733195,127.94217995467818,13441153704.45504,0.0,0.13069783281849062,0.15175588007272608,0.16568222357785717,0.12719988769247764,2520467.544139242,0.013725299604851523,0.07409666820760752,0.013528345999525447,0.15175588007272608,0.3866086162397516,1.0,0.15175588007272608
3,2,1,3,0,3.7396734184748963,0.07462283083344427,3.150336554978581,0.015311927516864441,1.8729287118503766,6.2748514885551305,0.14301025872733195,127.94217995467818,13441153704.45504,0.0,0.13069783281849062,0.15175588007272608,0.16568222357785717,0.12719988769247764,2520467.544139242,0.013725299604851523,0.07409666820760752,0.013528345999525447,0.13599481288552903,0.3866086162397516,0.8961419670879055,0.15175588007272608
3,1,0,2,0,1.8567125525395043,0.056641544497300585,7.153103790921993,0.003860352360858972,1.4532595854631247,4.976976172674995,0.25390917308314676,123.978629028807,10853359217.73058,0.0,0.16120498887961426,0.15245746047534242,0.15764245689401277,0.10084720843472923,738474.2817020722,0.012425572107790338,0.0647966116504386,0.012209496191744114,0.0013158800770608037,0.3534821944267246,0.008631129450523849,0.15245746047534242
3,1,0,2,0,2.52904671262166,0.09727995287322476,9.262293131788695,0.011477686228197302,3.4759032122250604,2.2856620788686257,0.48702609490199245,108.28623897819196,15503302976.398323,0.0,0.14694270778381524,0.15262561091701937,0.16607618658421203,0.1282925121085603,2539009.0372211477,0.013790649875177004,0.06848368874979038,0.01358726334206104,0.1274808788361594,0.393304278409884,0.8352522100990585,0.15262561091701937
5,1,1,1,1,2.840425987263686,0.05933616243989783,3.5756132260358067,0.057099386306003884,1.3672042121119716,4.9126482256877715,0.568889908176033,119.51745989331219,9248785489.96453,0.000932732643421043,0.18032729246832874,0.15285773080567405,0.1458811065671879,0.12273356857821593,3277111.9392014365,0.010640648626633616,0.055468671528817626,0.010561448020422842,0.15285773080567405,0.4169028129464695,1.0,0.15285773080567405
4,2,1,1,0,3.466409090859115,0.05853039550140106,4.119307674331521,0.044999299257484845,1.3074347078785822,5.704625075445004,0.42286989326139346,60.87057831358066,9258209912.792345,0.001445928003464211,0.16654125090788988,0.15295425105025892,0.15436914884541136,0.11858162880213163,2921544.734353847,0.011914917057628385,0.06650993929395876,0.011751449315974669,1.0,0.41557847179881574,25.308199246762218,0.15295425105025892
4,1,0,1,1,3.4186815384355747,0.05596914721747804,3.8958450909026867,0.03321562117375404,2.4655921337402913,6.888264554505098,0.5003340879347828,82.91471791975587,18142616607.98463,0.0013829500005264714,0.187159056983351,0.15321044301950645,0.14216548809289287,0.12433055704799396,3277529.6483420525,0.010105513002345233,0.05361516341602357,0.010044720661048449,1.0,0.4764312060207966,40.68138677618779,0.15321044301950645
3,1,0,2,0,2.7271429238965657,0.0669536420124114,3.7124359076582327,0.02740168866256556,1.1292562491955231,6.925598517899129,0.5294933616464094,118.57322633518135,11097373911.24552,0.0008194317655166191,0.15155198758454516,0.15327432205976965,0.16499397762674525,0.12744346148334065,3157858.4730268805,0.013611506326547456,0.07651235086085173,0.013380479917867224,0.03963345507854869,0.3869257979217643,0.2585785704085094,0.15327432205976965
3,1,0,2,0,2.7271429238965657,0.0669536420124114,3.7124359076582327,0.02740168866256556,1.1292562491955231,6.925598517899129,0.5294933616464094,118.57322633518135,11097373911.24552,0.0008194317655166191,0.15155198758454516,0.15327432205976965,0.16499397762674525,0.12744346148334065,3157858.4730268805,0.013611506326547456,0.07651235086085173,0.013380479917867224,0.03963345507854869,0.3869257979217643,0.2585785704085094,0.15327432205976965
5,2,1,1,1,0.9579511908180439,0.012300811994948698,3.5879837331304434,0.013969543380860636,9.610874914365201,1.902989201385313,0.1755119311469441,125.5499095216998,9672212496.856216,0.0,0.1661699625328104,0.15357467767290842,0.15525345228391507,0.09802238215324448,154011.19193757608,0.012051817223036946,0.06736826701360554,0.011809692325369622,0.04607135522826526,1.0392247679043933,0.29999317547903637,0.15357467767290842
3,1,0,2,0,0.7081553447404507,0.025968042019788917,7.935567311534702,0.005912714012356109,3.1437636429012445,1.5976872907440889,0.7364477792460802,105.4831476413041,11502941027.925325,0.0,0.11897624662688437,0.15369173527735375,0.16847882021870983,0.13011282321630716,2256274.4614146594,0.014192556431144173,0.07652595877097945,0.014014620595859353,0.0064536441347068235,0.34617380347484605,0.04199083394471738,0.15369173527735375
3,1,0,2,2,2.510843349700161,0.07021317009583103,4.809357337026577,0.024448085507838606,1.347967109388952,2.001358059834269,0.2987823200772516,127.29371823657834,16265829779.921053,0.0010172650766835645,0.17062666173662533,0.15377686824176523,0.15272247584414014,0.1326871916605144,4051950.0748971025,0.011662077313981986,0.06255478825058258,0.011583065969884634,0.07948180335229071,0.4216318903747998,0.5168644950379068,0.15377686824176523
3,1,0,2,2,2.510843349700161,0.07021317009583103,4.809357337026577,0.024448085507838606,1.347967109388952,2.001358059834269,0.2987823200772516,127.29371823657834,16265829779.921053,0.0010172650766835645,0.17062666173662533,0.15377686824176523,0.15272247584414014,0.1326871916605144,4051950.0748971025,0.011662077313981986,0.06255478825058258,0.011583065969884634,0.07948180335229071,0.4216318903747998,0.5168644950379068,0.15377686824176523
4,2,1,1,0,2.0434736488027245,0.026517012852027594,3.996470064049436,0.062608375213331,1.4231369018848221,7.081221941618641,0.7038880869369807,61.94724977001347,10392416514.570173,0.001367553980019279,0.0715208806982354,0.15379462268485483,0.1711524373115766,0.11821267536737126,1148624.3050199165,0.014646578398846576,0.08013356030321284,0.014353032135963862,0.6452784866526244,0.42420396692946205,4.195715528850992,0.15379462268485483
3,1,0,2,1,2.6670240662856015,0.07069268431062495,1.4781603465141513,0.01649925259824668,0.39187173984455004,2.4881315180903716,0.5084990498789168,128.02904479768935,17825713586.912834,0.0,0.1850004419201884,0.15420467761494813,0.14458718709103918,0.12219186853264652,4647973.5967963515,0.010452727335449585,0.05190567661748435,0.010381105432474873,0.15420467761494813,0.31368258283096995,1.0,0.15420467761494813
2,2,0,1,1,4.352061349412824,0.09176766985161915,9.972754603032921,0.0019953983726041695,7.248383586619838,10.15082940269001,0.033025784268957206,100.61224810135742,19835429702.484516,0.0,0.16605488309226007,0.15424082969405498,0.1570915048992478,0.13612537899952948,4509992.807414401,0.0123388704557552,0.04971630503101754,0.012250781984635733,0.15424082969405498,0.3429422977889063,1.0,0.15424082969405498
2,2,0,1,1,4.352061349412824,0.09176766985161915,9.972754603032921,0.0019953983726041695,7.248383586619838,10.15082940269001,0.033025784268957206,100.61224810135742,19835429702.484516,0.0,0.16605488309226007,0.15424082969405498,0.1570915048992478,0.13612537899952948,4509992.807414401,0.0123388704557552,0.04971630503101754,0.012250781984635733,0.15424082969405498,0.3429422977889063,1.0,0.15424082969405498
5,1,1,2,1,4.6851168165293435,0.043375024023571254,1.8172496325506104,0.01717033599335332,0.40704869097559526,10.092916459306934,0.6413493954159623,96.9019172948165,10013689367.7789,0.0,0.1737459697745748,0.15437979336692428,0.1512493068103857,0.1149812876125211,2124173.2374386583,0.011438176405311092,0.06334140468555527,0.011279281496020671,0.38890969667208813,0.3234229347909497,2.5191748750935408,0.15437979336692428
2,2,0,1,1,4.345341640596245,0.09163346794862576,9.944775803929005,0.00215655888669179,7.231531094117406,10.192025834484035,0.03228494894760376,100.88148078787182,19822042093.36102,0.0,0.16799964146778146,0.15439211807621342,0.1557531200303212,0.13576608839209275,4471649.434133152,0.012129517199589823,0.05252161841629022,0.01204586292431754,0.15439211807621342,0.34372874201201775,1.0,0.15439211807621342
5,2,1,1,1,2.794205373874627,0.01739167980676478,4.0245486332549065,0.010741599543063373,7.9838168826572256,1.5496003554945474,0.16519995425900258,120.88059782121456,13133650068.272884,0.0,0.12455121391813377,0.1545920027635555,0.16936011023602543,0.13235266586349756,2252629.3087649327,0.014341423469579343,0.07382554387096474,0.014153136336463501,0.1545920027635555,0.40263651286373087,1.0,0.1545920027635555
5,2,1,1,1,2.794205373874627,0.01739167980676478,4.0245486332549065,0.010741599543063373,7.9838168826572256,1.5496003554945474,0.16519995425900258,120.88059782121456,13133650068.272884,0.0,0.12455121391813377,0.1545920027635555,0.16936011023602543,0.13235266586349756,2252629.3087649327,0.014341423469579343,0.07382554387096474,0.014153136336463501,0.005550176613187629,0.40263651286373087,0.03590209398914691,0.1545920027635555
3,1,0,2,0,2.7472130985223053,0.03391050853332935,4.375913986262465,0.007026839536359418,1.2011864247334856,6.90285200616632,0.5852816074530531,118.57296555165854,15276981190.238403,0.0,0.10897576073969412,0.15493067752039902,0.1710465451274899,0.12112383099699053,1578519.0361148806,0.01462846030002522,0.06721806220093274,0.01435564105976925,0.009290925435518982,0.34899243488054277,0.05996827474207416,0.15493067752039902
3,1,0,2,0,2.7472130985223053,0.03391050853332935,4.375913986262465,0.007026839536359418,1.2011864247334856,6.90285200616632,0.5852816074530531,118.57296555165854,15276981190.238403,0.0,0.10897576073969412,0.15493067752039902,0.1710465451274899,0.12112383099699053,1578519.0361148806,0.01462846030002522,0.06721806220093274,0.01435564105976925,0.15493067752039902,0.34899243488054277,1.0,0.15493067752039902
3,1,0,2,1,0.18728942452626407,0.007317831698469141,4.945899258733993,0.0043159736297476705,0.5637153081148318,1.860051597963659,0.6644619609141059,118.12001991483211,10072794458.464787,0.0,0.0857515266205173,0.1553337611097592,0.17192835351830743,0.10759042012963341,11956.461783429582,0.014779679371758047,0.08336200639168212,0.014482729537267541,0.1553337611097592,0.6998694338265569,1.0,0.1553337611097592
3,1,0,2,1,0.18728942452626407,0.007317831698469141,4.945899258733993,0.0043159736297476705,0.5637153081148318,1.860051597963659,0.6644619609141059,118.12001991483211,10072794458.464787,0.0,0.0857515266205173,0.1553337611097592,0.17192835351830743,0.10759042012963341,11956.461783429582,0.014779679371758047,0.08336200639168212,0.014482729537267541,0.006156669990509488,0.6998694338265569,0.039635105379050024,0.1553337611097592
3,1,0,2,0,4.610630614552587,0.08448288364253279,8.20010897781872,0.005404889221655966,0.8477321599925934,1.3380239227543596,0.20189394798801533,128.89623986144642,13421809266.703594,0.0,0.1344159469660826,0.15534189412727092,0.1694312404072543,0.13486318339066486,2976667.223081955,0.014353472612970401,0.07773737604304276,0.014172078456616163,0.15534189412727092,0.36855069822599557,1.0,0.15534189412727092
3,1,0,2,0,4.610630614552587,0.08448288364253279,8.20010897781872,0.005404889221655966,0.8477321599925934,1.3380239227543596,0.20189394798801533,128.89623986144642,13421809266.703594,0.0,0.1344159469660826,0.15534189412727092,0.1694312404072543,0.13486318339066486,2976667.223081955,0.014353472612970401,0.07773737604304276,0.014172078456616163,0.15534189412727092,0.36855069822599557,1.0,0.15534189412727092
3,1,0,2,0,1.118825061841173,0.08806209037964458,2.2852999795986544,0.004475175374346557,0.3524817586955713,1.5421815371191987,0.4047821082401094,113.88126395989227,9391602015.481688,0.0,0.09066605116899673,0.15537350469810687,0.17183708700403666,0.12599794756400673,1454644.214894057,0.014763992235016433,0.08080957148950108,0.014518323640803419,0.15537350469810687,0.34265823760719205,1.0,0.15537350469810687
3,1,0,2,0,1.118825061841173,0.08806209037964458,2.2852999795986544,0.004475175374346557,0.3524817586955713,1.5421815371191987,0.4047821082401094,113.88126395989227,9391602015.481688,0.0,0.09066605116899673,0.15537350469810687,0.17183708700403666,0.12599794756400673,1454644.214894057,0.014763992235016433,0.08080957148950108,0.014518323640803419,0.15537350469810687,0.34265823760719205,1.0,0.15537350469810687
3,1,0,2,0,1.118825061841173,0.08806209037964458,2.2852999795986544,0.004475175374346557,0.3524817586955713,1.5421815371191987,0.4047821082401094,113.88126395989227,9391602015.481688,0.0,0.09066605116899673,0.15537350469810687,0.17183708700403666,0.12599794756400673,1454644.214894057,0.014763992235016433,0.08080957148950108,0.014518323640803419,0.041459186036205416,0.34265823760719205,0.2668356237233707,0.15537350469810687
3,1,0,2,0,2.5667069131597957,0.08615037980715747,3.4608761517714424,0.009270772859697143,2.3142571288859672,7.854234182908822,0.44232622779151215,127.7126951841289,13809380581.23439,0.0,0.14026828649983025,0.15556683650740316,0.16926735079477942,0.130506293257373,2698242.703890477,0.014325718022541456,0.07919776211444185,0.014131590922840559,0.15556683650740316,0.3662389934179051,1.0,0.15556683650740316
3,1,0,2,0,3.190893960039632,0.08388118574163442,7.70119898340315,0.010181953964938909,8.02515807318915,9.864279227195242,0.02346705073963157,113.21230792234145,12694425886.602564,0.0,0.1529807221022365,0.15565141957365153,0.16667311159778633,0.1296144802958531,3005842.9736054577,0.013889963064844068,0.07603583829455607,0.013679372779657042,0.15565141957365153,0.42786836800548134,1.0,0.15565141957365153
4,2,1,1,0,1.0311872368215114,0.01184441184055449,8.845607037268078,0.0030285279247550968,6.207897702460016,5.811390745219251,0.5821341382713128,75.29825591161566,10128303770.264217,0.0,0.17964766708149774,0.1557218870253457,0.1489220514652852,0.10090664327780302,216364.3624668096,0.011088888706314528,0.0618400642372795,0.010941620022455849,0.6191251988145026,0.7560844380213702,3.975839303268475,0.1557218870253457
5,1,1,1,1,2.711057177359694,0.08063497301459886,4.201605266817264,0.03307904597337919,1.1270617765263518,3.091348263003416,0.05314317968218856,116.97349644225717,13062060848.647057,0.0009535269313862595,0.18067672026561957,0.15578097723001805,0.14947052736112512,0.12457437733330808,3930772.3150756336,0.011170719274806428,0.04224974655440239,0.011057516694686251,1.0,0.41315363869649185,25.382677016533002,0.15578097723001805
3,2,0,2,1,4.379070172541226,0.04472183861594699,2.49565708679515,0.004795989328166716,1.5502049897531887,14.641194921337126,0.6029273777306888,122.55429160138968,15624520089.324316,0.0,0.09631823043759513,0.156039606358422,0.17218261713138755,0.12785512562135737,1581068.904660185,0.014823426821106997,0.08254597867614966,0.014587184521134115,0.156039606358422,0.3697072868911921,1.0,0.156039606358422
2,2,0,1,1,4.35598886149853,0.09185551620696282,9.913447947910589,0.0020990394683594584,7.268503166535534,10.157977940626163,0.03210847011239525,100.64809576386094,19845086049.73303,0.0,0.168832176992122,0.1562681404168697,0.15725998221176005,0.13686879500633337,4550144.731552346,0.012365351002621544,0.051808302876375834,0.012277797879967023,0.1562681404168697,0.34358899621695016,1.0,0.1562681404168697
2,1,0,2,0,3.2852364088321604,0.05153122595257555,3.0279361323817566,0.025104457867069708,0.41667459112980365,9.866809914782179,0.49151443663717304,104.82574918437538,12967831443.753494,0.00061282761623399,0.17525679991059923,0.15629200756929967,0.15223611790371055,0.129930141004691,3622647.0117657417,0.011587917797196229,0.06416301363305354,0.011503518707810136,0.23872700826835502,0.36040963081063737,1.5274422024587775,0.15629200756929967
2,1,0,2,0,3.2852364088321604,0.05153122595257555,3.0279361323817566,0.025104457867069708,0.41667459112980365,9.866809914782179,0.49151443663717304,104.82574918437538,12967831443.753494,0.00061282761623399,0.17525679991059923,0.15629200756929967,0.15223611790371055,0.129930141004691,3622647.0117657417,0.011587917797196229,0.06416301363305354,0.011503518707810136,0.23872700826835502,0.36040963081063737,1.5274422024587775,0.15629200756929967
3,1,0,2,0,2.7945234743222196,0.034834893870882636,4.346950345171758,0.006207779068878471,1.1639148016032514,7.12539179557363,0.5820332754537424,118.53034295744527,15359607350.0374,0.0,0.13499752432647472,0.15632755732244827,0.17075032671593093,0.1175601217724646,1386169.4691560543,0.01457783703679858,0.07422023091486674,0.014293018167671773,0.0034480546392310634,0.3543582492283679,0.022056601524956667,0.15632755732244827
4,1,0,1,1,2.656692412684529,0.05377599353529342,5.511356441677759,0.044658839772539136,1.6216620842882679,2.066157573896351,0.26398866141272614,98.08741180117678,13288004055.48873,0.0007566977177546209,0.16584156770174197,0.1563808255948876,0.15838816349450546,0.12385172701637256,3686820.7977269287,0.012543405167581097,0.07025728363193295,0.01236062726233494,1.0,0.4463003215217269,7.256479700494655,0.1563808255948876
3,1,0,2,1,2.768713038943935,0.07863634467574666,5.163816666172694,0.018118525087488735,1.5079835241876065,5.6810559158965575,0.38842892597987083,122.57965508469792,12638998087.839813,0.0,0.1687748727713917,0.15672004961225522,0.15679764089071024,0.13370865758646003,3528620.0953357476,0.012292750094446064,0.06882451060405148,0.012183704455262406,0.020601989023807037,0.3968131048722873,0.13145726456046247,0.15672004961225522
2,0,1,2,2,2.096597939272936,0.048076944202319234,7.4300648054574125,0.020804077067127034,2.7605110467054894,13.085886548717966,0.22985367380458868,108.42334581069846,13898543287.5583,0.000503786791753521,0.09866027005568836,0.1569228241212445,0.17296524372572433,0.13520449575560117,1880871.939799266,0.01495848776854961,0.08442858126333885,0.014752056513746415,0.1569228241212445,0.5185373927686318,1.0,0.1569228241212445
3,1,0,2,2,2.329874534484903,0.09919093379214657,4.970207528313284,0.02449120990287235,0.6012207015247589,5.623559181393834,0.422655313993274,115.29714566108352,15503626735.833672,0.0006727918225093988,0.17762841183626976,0.15730175955615605,0.15265472262430263,0.12534478348642686,5012619.321483648,0.011651732169751386,0.04854457255924627,0.011571334913665401,0.15730175955615605,0.3918219890590693,1.0,0.15730175955615605
5,2,0,1,0,4.869715544950603,0.07430175964291623,6.144372100610056,0.004350937074388164,9.512579380342064,1.418041606381147,0.43455798749079744,95.9000748437544,18350624523.23924,0.0,0.1695031222858372,0.1574395698805885,0.1571674168474784,0.13143230906948178,3987075.3658792805,0.01235079845925452,0.06722292214888459,0.01224802091327209,0.1574395698805885,0.37967188063352403,1.0,0.1574395698805885
5,2,1,1,1,3.6540434296516167,0.015933790973436297,7.026668229061211,0.00811886430652063,8.734654574446571,14.211411415116062,0.7857979105415019,94.85207361598441,14254951465.551258,0.0,0.1375875632335068,0.15754571787284952,0.17151054760638293,0.1439347291810221,3061013.128446648,0.01470793397012067,0.0829395509448535,0.014546392178311381,0.15754571787284952,0.3906481032355276,1.0,0.15754571787284952
4,1,0,1,0,1.4992758745853758,0.02059891888038376,2.575278173745527,0.01743877737875617,2.2145706159005814,7.8333345647515396,0.6686847345307287,111.24794669100638,15063501403.086943,0.0,0.1431248397032277,0.15758874373885204,0.17130673449598618,0.1413758224703003,2666402.130956713,0.014672998641839151,0.08176255000020893,0.014502467763607483,0.15758874373885204,0.3604333576151333,1.0,0.15758874373885204
3,1,0,2,0,2.1481761728295052,0.03272663819388995,4.295457611585549,0.014652758453941477,1.0942039022535635,2.859926540896055,0.6064643755795855,129.10822569379897,9876968471.595531,0.0,0.1916464696472272,0.15763939820622067,0.14392126660848817,0.1203704175615812,4701769.026450027,0.010356665491095764,0.053912161184287544,0.010282742429024416,0.15763939820622067,0.3378115610093377,1.0,0.15763939820622067
3,1,0,2,0,2.1481761728295052,0.03272663819388995,4.295457611585549,0.014652758453941477,1.0942039022535635,2.859926540896055,0.6064643755795855,129.10822569379897,9876968471.595531,0.0,0.1916464696472272,0.15763939820622067,0.14392126660848817,0.1203704175615812,4701769.026450027,0.010356665491095764,0.053912161184287544,0.010282742429024416,0.15763939820622067,0.3378115610093377,1.0,0.15763939820622067
4,1,0,2,0,3.462248989114976,0.012994438881837145,6.596906751122716,0.05257580378891181,8.997185869073318,1.3442163105847194,0.02784127581012589,107.13014528512461,12571917786.400553,0.0009313841969045802,0.15228361901636245,0.15767765970906925,0.16945474369357083,0.11523406615305687,574507.27475905,0.014357455080126891,0.07763616756928193,0.01415075559357272,0.15767765970906925,1.4514480196384227,1.0,0.15767765970906925
5,2,1,1,2,4.265337596854023,0.04998564725018719,6.577159968641094,0.0025075491335846568,7.411051985245566,19.130100280269303,0.3491189689491459,101.85195687363633,16550281710.83187,0.0,0.1361486747445452,0.1577328278285803,0.17194399867941865,0.11875443173232625,334645.60717022966,0.014782369340933962,0.0806775349360106,0.014551050620403688,0.4818118655783728,0.3810519160733746,3.054607415661074,0.1577328278285803
3,1,1,2,1,1.9794282250471444,0.05198383250781475,5.842949694460674,0.007330717653637649,3.4554701698963286,13.065704092530172,0.12779440387331287,84.12430195542211,16466554464.122307,0.0,0.1774684668197921,0.15781484060210027,0.15241786134018118,0.12048375213120319,3799349.749443992,0.011615602227757349,0.06364608324700272,0.011503819697660237,0.15781484060210027,0.36749490499831977,1.0,0.15781484060210027
5,2,1,1,1,4.924707753957745,0.019230723348008096,7.285149613515917,0.0018617040802721809,8.981523106160804,12.016914309535279,0.13833268522568096,90.53251444260229,15772611781.232918,0.0,0.1484457339080658,0.1579338408340739,0.17142708028408446,0.11700870378137918,411491.0099906983,0.014693621927362968,0.08127709601661359,0.01441447900755421,0.669909432472783,0.36194604599968283,4.2417092431545,0.1579338408340739
3,1,0,2,0,4.109635280420907,0.08980864470118995,2.3943880321309527,0.004561187720976352,8.80845362572082,5.462623317535411,0.01589189690451919,122.87203095380194,13020944124.286407,0.0,0.16321464465175795,0.15806295850148386,0.1619550283059779,0.13510116823519858,3231249.878498224,0.013114715596795052,0.07298387141886953,0.01297057422893638,0.023307285477723517,0.3452186532832808,0.14745570814748932,0.15806295850148386
3,1,0,2,0,4.109635280420907,0.08980864470118995,2.3943880321309527,0.004561187720976352,8.80845362572082,5.462623317535411,0.01589189690451919,122.87203095380194,13020944124.286407,0.0,0.16321464465175795,0.15806295850148386,0.1619550283059779,0.13510116823519858,3231249.878498224,0.013114715596795052,0.07298387141886953,0.01297057422893638,0.15806295850148386,0.3452186532832808,1.0,0.15806295850148386
3,1,0,2,0,4.109635280420907,0.08980864470118995,2.3943880321309527,0.004561187720976352,8.80845362572082,5.462623317535411,0.01589189690451919,122.87203095380194,13020944124.286407,0.0,0.16321464465175795,0.15806295850148386,0.1619550283059779,0.13510116823519858,3231249.878498224,0.013114715596795052,0.07298387141886953,0.01297057422893638,0.15806295850148386,0.3452186532832808,1.0,0.15806295850148386
3,1,0,2,0,4.10736541573685,0.08979131679718302,2.393039995695776,0.004552932250918438,8.80774261892333,5.452739044820178,0.016046988003670857,122.89442953758784,13016375398.007303,0.0,0.1634228547577189,0.15832883366865871,0.16209144608841597,0.13512125190487365,3234928.128192593,0.01313681844751693,0.07310778095961756,0.012991723011397747,0.15832883366865871,0.34484765150562807,1.0,0.15832883366865871
2,0,1,2,2,2.0689886650267417,0.04752872768466341,7.453892953355027,0.020629942796524713,2.820882671680494,13.59220507015229,0.25209321660743306,109.75747245897259,14390647302.360703,0.0005129743593860976,0.10114250804084436,0.15875622974782008,0.17485061121322756,0.1342402899555867,1883363.45869152,0.01528636812081963,0.08623532816986834,0.015071110883069394,1.0,0.5206022855316395,25.330067678800525,0.15875622974782008
3,1,0,2,0,2.6288029032524824,0.04923201029901768,3.452594771630437,0.01612400313424355,0.5409260097630674,2.3020394756668185,0.5699040422810686,125.66862969544059,15374689709.830153,0.0,0.1890267682814903,0.15892469572451268,0.14699247302952115,0.12291051177215462,4950994.687273566,0.01080339356366725,0.05060535507490693,0.010724071498517214,0.15892469572451268,0.33040777386157794,1.0,0.15892469572451268
3,1,0,2,0,2.6288029032524824,0.04923201029901768,3.452594771630437,0.01612400313424355,0.5409260097630674,2.3020394756668185,0.5699040422810686,125.66862969544059,15374689709.830153,0.0,0.1890267682814903,0.15892469572451268,0.14699247302952115,0.12291051177215462,4950994.687273566,0.01080339356366725,0.05060535507490693,0.010724071498517214,0.15892469572451268,0.33040777386157794,1.0,0.15892469572451268
2,0,1,2,2,2.099087526914356,0.04885483395031699,7.389475589681863,0.019944899174775096,2.8129959632348087,13.719619494550884,0.23320613357312314,110.39784212410888,14132420192.319899,0.0005042488696836875,0.09800687425708539,0.1592592879943285,0.17556809020714487,0.13659084826688872,1817056.3479275752,0.01541207714949208,0.08710927495852983,0.015187372689186898,0.1592592879943285,0.5090379060327673,1.0,0.1592592879943285
3,1,0,2,0,3.246875871082689,0.07318897733869936,6.3386557604634515,0.013550022936902661,2.1696223487186463,9.425614972207082,0.07722027972873227,126.69920676334246,13636217650.366562,0.0,0.16192051563150422,0.1592798304967172,0.16414357546698724,0.11585804324046779,2442845.7978036255,0.01347155668354327,0.07478101404703641,0.013163273706769054,0.1592798304967172,0.42213419854624634,1.0,0.1592798304967172
5,2,1,1,1,2.818412920194907,0.04691703858963318,5.315946945366059,0.020035520554468722,3.308472448028546,1.994391115364941,0.18032930387175342,118.29796473774071,16056870046.29487,0.0008270727732255687,0.17289070883478985,0.15937399297454471,0.15689497029203056,0.12850755170749328,3653291.7042570794,0.012308015851468576,0.06769339839884936,0.012147828608073516,0.5962322303533808,0.443778513502736,3.7410886131754966,0.15937399297454471
5,1,1,1,1,1.6768076208901435,0.0908896155286364,8.802250426615185,0.08888142229265471,7.833679392158178,11.069658269253681,0.06448291083277327,114.66617518493355,17916321802.99514,0.000554318716215726,0.11764798772472912,0.1595774693229215,0.1748482272813731,0.12765980410930852,2351225.408090892,0.015285951291719349,0.08619558365863933,0.014978590357116872,0.1595774693229215,0.45888993109774495,1.0,0.1595774693229215
3,1,0,2,0,2.746334234178971,0.033930802352763426,4.34480686822124,0.00709095324423943,1.200739276532597,6.918707462589019,0.5857238228398957,118.57070452402017,15280605253.926796,0.0,0.12639614457590737,0.1596465912882713,0.1752474587603152,0.12082137996623869,1462992.1164093092,0.01535583590097419,0.07197304636318635,0.01504434780883728,0.033468388842414994,0.35761310357439585,0.20964048510112976,0.1596465912882713
5,2,1,1,1,3.694442731373703,0.019067499189858016,6.792330439646269,0.00519887022009026,8.766012968397119,14.407947004853499,0.7946633632558846,96.81656537708733,14504397974.274181,0.0,0.07723190678445263,0.1597246932994672,0.17744459317977448,0.12182429757426831,796976.650578969,0.015743291824367834,0.08496058332435741,0.015397963284414196,1.0,0.3983048549494271,7.373794681357982,0.1597246932994672
5,2,1,1,2,3.2093444294967974,0.013339640301824803,7.491219930171252,0.00791185449122481,7.3010770812728,12.70205931167351,0.3504334842329021,69.04214860974895,19632256205.068825,0.0,0.13697951262848004,0.15976794537446679,0.17410374721054483,0.1210205988552876,98996.24634130023,0.015156057396376649,0.08345963488521668,0.014904558046918195,0.15976794537446679,1.1354638203843608,1.0,0.15976794537446679
5,2,1,1,2,3.2093444294967974,0.013339640301824803,7.491219930171252,0.00791185449122481,7.3010770812728,12.70205931167351,0.3504334842329021,69.04214860974895,19632256205.068825,0.0,0.13697951262848004,0.15976794537446679,0.17410374721054483,0.1210205988552876,98996.24634130023,0.015156057396376649,0.08345963488521668,0.014904558046918195,0.15976794537446679,1.1354638203843608,1.0,0.15976794537446679
5,2,1,1,2,3.2093444294967974,0.013339640301824803,7.491219930171252,0.00791185449122481,7.3010770812728,12.70205931167351,0.3504334842329021,69.04214860974895,19632256205.068825,0.0,0.13697951262848004,0.15976794537446679,0.17410374721054483,0.1210205988552876,98996.24634130023,0.015156057396376649,0.08345963488521668,0.014904558046918195,0.15976794537446679,1.1354638203843608,1.0,0.15976794537446679
4,2,1,1,0,1.9733536672346568,0.032273266417036324,6.816859614735942,0.006072338681127945,3.6465875861567616,7.448600155902305,0.692372080659904,82.52384080239034,10202566594.582926,0.0,0.16391286791237414,0.15977375978635336,0.1633408516849938,0.13447841260498766,3017054.6888216827,0.01334011691458957,0.0729697685829721,0.013195812942472384,1.0,0.3901942298142876,32.57298148156507,0.15977375978635336
3,1,0,2,0,1.1105534423119812,0.05140337265279894,7.295196432995337,0.008638988863191468,3.4389245519715983,1.0804610468197682,0.3967701205065505,124.81045315165301,9959320428.942755,0.0,0.1076415089359764,0.15985885719152276,0.1757187606558714,0.13599451569566012,1961367.184068952,0.015438541423217707,0.08687816232144718,0.015195674636241073,0.6066828816272702,0.49536551339720797,3.795115843349356,0.15985885719152276
3,1,0,2,0,2.7119927679919202,0.09344218883899899,6.961242068297869,0.023885209091207067,2.3383863196183436,1.3630407506486044,0.24486812944974876,114.26080501106516,10192982820.220114,0.0008448377566775846,0.19232935325505254,0.15988782027538456,0.14546856739074485,0.12424234707334474,4227925.93404427,0.010580552049357839,0.05884503894670168,0.010504335603812299,0.06929948584862843,0.4196180639531169,0.43342567138178306,0.15988782027538456
3,1,0,2,0,2.4575464018361073,0.06839471642735832,7.78915285100138,0.01398863530977538,3.0838284676639747,8.618329720337385,0.09346605172050647,108.88652609210457,14727679699.21643,0.0,0.15965020313521866,0.16025116459669225,0.16680828158864422,0.13168252442745798,3086849.7031261697,0.01391250140327821,0.07660136548325647,0.013685430037535955,0.07092441298472404,0.37227843990775344,0.4425828240513641,0.16025116459669225
3,1,0,3,0,1.8710739916129837,0.0872066415388995,1.2038612993677829,0.0016695526887466911,1.6055520350662695,9.918175207103385,0.2898457589559503,122.66302634039053,9112409085.360008,0.0,0.10438258166232836,0.16029685672857708,0.17665701930792907,0.12343634790493428,1927140.8328603576,0.015603851235381012,0.08278137343903735,0.015238652272407288,0.16029685672857708,0.34347360081225187,1.0,0.16029685672857708
3,1,0,2,0,2.4148628142805335,0.017767877635191127,2.0344273400595783,0.0022661396628127486,3.516495333321018,10.480270429827838,0.43915335877321193,93.92358415327128,15006378660.512667,0.0,0.1084960075746364,0.16059705233287083,0.17663177314037648,0.12275157378879356,783953.119415978,0.015599391641356713,0.0851055040550237,0.015315588245787284,0.16059705233287083,0.3150555016426203,1.0,0.16059705233287083
5,1,0,2,0,1.7132504096282117,0.02866005798065725,2.2168549511575777,0.008786376288211021,2.4729916122241753,8.709749422221295,0.5118566339091251,124.6286741312864,13139462649.076603,0.0,0.14684857412931127,0.16070065435609523,0.17449190003653606,0.13373336294160196,1701685.870540441,0.015223711589180247,0.0855785007822999,0.014957056453847655,0.16070065435609523,0.3598697153053683,1.0,0.16070065435609523
3,1,0,2,0,2.1539508252494572,0.032316455727905626,4.2791451677591335,0.014629925889851044,1.1000426350414316,2.891755562530164,0.607699153311065,129.0407867084092,9891557024.55779,0.0,0.17265855547329434,0.16108495053161442,0.15873041694357318,0.13335097459501954,3596281.8075918206,0.012597672631540293,0.07029506845169076,0.012474638748218999,0.16108495053161442,0.33663161038181605,1.0,0.16108495053161442
5,2,1,1,2,4.99253647365016,0.05222685403799068,6.712515185106194,0.0016277723222972067,7.361138535764773,19.633059253986413,0.3633331053786324,101.62092196573253,15375433434.339415,0.0,0.08770524179764563,0.1610877329053236,0.17825203801572534,0.11101652573570488,164268.12754680595,0.015886894528379793,0.08787787551311654,0.015532400265907888,0.013452176937840628,0.38648164611678887,0.08350838822560686,0.1610877329053236
3,1,1,2,1,2.5425722212022444,0.05142523973255238,7.332830471737993,0.007894398675202084,4.358259579762432,13.786213359660886,0.18998257722694176,83.20819439371603,15771374684.921291,0.0,0.1676218792006477,0.16111546472819516,0.16217527947877938,0.1361794289964383,3145990.0316457236,0.013150410637010102,0.07238048647986095,0.013017278861421932,1.0,0.36891567617170107,96.94119332823001,0.16111546472819516
3,1,1,2,1,2.5425722212022444,0.05142523973255238,7.332830471737993,0.007894398675202084,4.358259579762432,13.786213359660886,0.18998257722694176,83.20819439371603,15771374684.921291,0.0,0.1676218792006477,0.16111546472819516,0.16217527947877938,0.1361794289964383,3145990.0316457236,0.013150410637010102,0.07238048647986095,0.013017278861421932,0.16111546472819516,0.36891567617170107,1.0,0.16111546472819516
3,1,1,2,1,2.5541515634765743,0.051542876606648934,7.33056153641196,0.0078159190100388,4.363342019000118,13.78436655552436,0.1935536542275351,82.99117216814112,15767311046.214396,0.0,0.16616970235287018,0.16136688543409095,0.16343840964255693,0.13693494981456936,3093552.8084117197,0.013356056873244123,0.07329951790584355,0.013218118440338208,1.0,0.36804092316470355,72.0950379186627,0.16136688543409095
3,1,0,2,1,4.126068555302529,0.06790419682514297,1.2963543942951739,0.010862545644102876,1.7945299504500203,1.9610901495134456,0.054431780777583025,127.79343151867135,10985742234.433144,0.0,0.15329821291862133,0.16150224297167348,0.17278200900792612,0.13937396270662117,2931053.8919074237,0.01492681131840753,0.08246705258951581,0.014698785234906177,0.09132841530833069,0.2785869992608402,0.5654931698029058,0.16150224297167348
3,1,0,2,1,4.126068555302529,0.06790419682514297,1.2963543942951739,0.010862545644102876,1.7945299504500203,1.9610901495134456,0.054431780777583025,127.79343151867135,10985742234.433144,0.0,0.15329821291862133,0.16150224297167348,0.17278200900792612,0.13937396270662117,2931053.8919074237,0.01492681131840753,0.08246705258951581,0.014698785234906177,0.09132841530833069,0.2785869992608402,0.5654931698029058,0.16150224297167348
3,1,0,2,1,4.394930742144787,0.07653648813064813,0.3492106193950818,0.020561018837562704,0.5472933672149786,2.0319560478383805,0.44910941775886776,117.68125864819729,11267220420.798239,0.0008304949592927247,0.13046955873183985,0.1616534742989794,0.17645229122621733,0.13188288887792082,1964247.8701539298,0.015567705539490906,0.08734327086256188,0.015284848130556847,0.1616534742989794,0.2618418459902957,1.0,0.1616534742989794
3,1,0,2,1,4.394930742144787,0.07653648813064813,0.3492106193950818,0.020561018837562704,0.5472933672149786,2.0319560478383805,0.44910941775886776,117.68125864819729,11267220420.798239,0.0008304949592927247,0.13046955873183985,0.1616534742989794,0.17645229122621733,0.13188288887792082,1964247.8701539298,0.015567705539490906,0.08734327086256188,0.015284848130556847,0.1616534742989794,0.2618418459902957,1.0,0.1616534742989794
3,2,0,2,0,3.3348186015684167,0.0646520378824121,4.486328424698606,0.004865414167273568,2.8062408825251466,12.538653990218389,0.19984480270601182,116.0494385012608,13625161159.326506,0.0,0.10785987005182776,0.16175426448415683,0.17781990024247182,0.13417174878370194,1953805.2422488236,0.015809958461121317,0.08847715704816617,0.015571157811272046,0.16175426448415683,0.3670657167305475,1.0,0.16175426448415683
3,1,0,3,0,1.827817854726321,0.0563335920471679,8.833342665506427,0.01747072912100781,0.7608611105896224,8.846969319708787,0.6814434317599549,129.9427226058848,10675934798.827972,0.0,0.16880662047949274,0.16182514759486202,0.16274868284357455,0.1353250807128774,4641863.880466914,0.013243566883659207,0.061288461336197586,0.013127567915427112,0.16182514759486202,0.4003768832862781,1.0,0.16182514759486202
4,2,1,1,0,1.969755570979155,0.03247237491506266,6.803977471810667,0.006202199740255454,3.6529861615623163,7.446959318772955,0.6926811560859775,82.78102179710407,10155385885.323734,0.0,0.16443040915084167,0.1619168569317814,0.1652111122354613,0.13578629617862,3007245.640271231,0.013647355803039095,0.07494899847344005,0.013497753299866676,0.1619168569317814,0.39111404829527413,1.0,0.1619168569317814
5,1,0,2,0,3.2566051505713722,0.05706260131044527,8.262265627652182,0.010049924269612867,3.767601963765849,4.761930134204714,0.4670343668305441,129.69255433639768,10992913124.522463,0.0,0.15235427061671153,0.16203456373794003,0.17418591518454715,0.14064495810537794,2682558.1531367926,0.015170366524339127,0.08177293055313717,0.014976775858112433,0.16203456373794003,0.370236709127255,1.0,0.16203456373794003
3,1,0,2,0,0.9227046802582034,0.03633742809553766,6.296179113955595,0.006794514528293227,1.1804640903475545,1.5736119320401005,0.7530531216829196,85.77087817465201,11539893891.665686,0.0,0.12668599546257117,0.16225688196724825,0.17753450817296237,0.13191549205904862,1938158.6719479554,0.015759250796107824,0.0846057541459253,0.015475214344053724,0.013146572417430662,0.36465254276663467,0.08102320381137555,0.16225688196724825
3,1,0,2,0,0.9227046802582034,0.03633742809553766,6.296179113955595,0.006794514528293227,1.1804640903475545,1.5736119320401005,0.7530531216829196,85.77087817465201,11539893891.665686,0.0,0.12668599546257117,0.16225688196724825,0.17753450817296237,0.13191549205904862,1938158.6719479554,0.015759250796107824,0.0846057541459253,0.015475214344053724,0.013146572417430662,0.36465254276663467,0.08102320381137555,0.16225688196724825
3,1,0,2,0,0.9227046802582034,0.03633742809553766,6.296179113955595,0.006794514528293227,1.1804640903475545,1.5736119320401005,0.7530531216829196,85.77087817465201,11539893891.665686,0.0,0.12668599546257117,0.16225688196724825,0.17753450817296237,0.13191549205904862,1938158.6719479554,0.015759250796107824,0.0846057541459253,0.015475214344053724,0.16225688196724825,0.36465254276663467,1.0,0.16225688196724825
4,2,1,1,0,1.9705233971365883,0.026517934091183658,4.194408973023456,0.06256895164077536,1.445166481332011,6.912691630220568,0.6832123700792406,61.64138609043927,10065860410.600258,0.001373595962721692,0.08218150883803055,0.1623242563425708,0.17992131409065987,0.1231037384831023,1115500.1851185479,0.01618583963205494,0.08945543884011287,0.015796294381475902,0.630606363952533,0.42160120254823275,3.8848560169694832,0.1623242563425708
3,1,0,2,1,2.1792675117449183,0.09979701004899626,5.254521925581428,0.023086186418342137,0.5065372350732207,5.746414611379018,0.41734561082831334,115.74909908446244,15317342423.993784,0.0006809947242054629,0.18713663990489685,0.16246658456342622,0.15222151802318723,0.12698233116118754,5590363.143070999,0.011585695274641757,0.04259324311541379,0.011504621995427244,0.16246658456342622,0.45763563819737374,1.0,0.16246658456342622
3,0,0,2,1,1.7333722048383673,0.06619281970649857,2.7593273336210116,0.031005032994235113,5.106367100532979,4.120603849874117,0.42941918828960934,65.62819860805047,16983190553.306866,0.0006871068584219653,0.12157709957697582,0.1624791045057021,0.1785220307955979,0.14924275518683164,2978790.1993303434,0.0159350577396922,0.07719540927220969,0.015723526851479246,0.1624791045057021,0.5253125777377491,1.0,0.1624791045057021
3,1,0,2,0,3.2103303187127388,0.021372393567302632,6.282467428270612,0.024213671009405136,1.6466104302856541,4.839051566401916,0.5115875473559651,110.17632821687337,10205547691.284107,0.0007249028516328512,0.17788094063356297,0.16252253916716605,0.15682279235289848,0.12948875031812634,3662625.701614716,0.012296694100680157,0.06815454807566701,0.012153700509432586,0.026624101762660047,0.4125129694652212,0.16381790426788284,0.16252253916716605
3,1,0,2,0,2.7448045143404878,0.08240957960670486,1.5709032129021256,0.02197176237966056,1.854097234275968,2.440859018524307,0.10990749032717226,113.08212509349386,12089956934.456526,0.0006827945970081489,0.150118476222175,0.16269613120791096,0.17648189167436934,0.14171164934602842,2737947.0916500106,0.015572929044481919,0.08649774102704222,0.01535314478849824,0.16269613120791096,0.34239933962009156,1.0,0.16269613120791096
2,1,0,2,0,4.457914280837251,0.05100748472855684,2.772153399257624,0.022767268823765435,0.3280798627184726,9.547524838013809,0.5563253403707613,118.57283665612917,10819326038.91027,0.0005516217074441959,0.17363628553692279,0.1628926178281942,0.15995217017923305,0.138593900798918,3507755.4335953915,0.012792348372523164,0.07082850546732666,0.012677913386509395,0.5194341494654601,0.35577290185009053,3.188813320032199,0.1628926178281942
3,1,0,2,0,3.420169790527825,0.0248082602634026,5.896031426436011,0.023543359412393366,0.8558638881633719,1.1464208527918487,0.6140256422394935,107.28175568784467,9661917152.430355,0.0008226726410859842,0.20019023582045078,0.16293779504853534,0.14417660042664035,0.11923433497560247,5191620.539761633,0.010393446055291555,0.052323086011911935,0.010327171039409333,0.16293779504853534,0.3952510052575831,1.0,0.16293779504853534
4,2,1,1,0,2.0153856240518024,0.028525400532977047,6.643812514662071,0.006822057675235567,3.716119620873625,7.084819511504614,0.6791633475090407,81.74009250094214,10155626017.028337,0.0,0.1743331946380844,0.16299043763739618,0.15957168206708075,0.13018952832800565,3274229.4492899333,0.012731560858858751,0.07088226371573869,0.012603925709871294,0.16299043763739618,0.40022682794219816,1.0,0.16299043763739618
4,2,1,1,0,2.0153856240518024,0.028525400532977047,6.643812514662071,0.006822057675235567,3.716119620873625,7.084819511504614,0.6791633475090407,81.74009250094214,10155626017.028337,0.0,0.1743331946380844,0.16299043763739618,0.15957168206708075,0.13018952832800565,3274229.4492899333,0.012731560858858751,0.07088226371573869,0.012603925709871294,1.0,0.40022682794219816,30.250228186575438,0.16299043763739618
3,1,0,2,0,4.187835439033935,0.06366199578608407,4.689089015366484,0.017821780465818525,1.6719601190249818,10.150571954579364,0.025542659759567148,114.7392746140154,12857711270.225056,0.0,0.17541031191726086,0.16320402679030171,0.15905789714936297,0.12092975948156665,3238089.2693870245,0.012649707322788663,0.07088085817041212,0.012472203795641365,0.16320402679030171,0.3872933577183179,1.0,0.16320402679030171
3,1,0,2,0,4.187835439033935,0.06366199578608407,4.689089015366484,0.017821780465818525,1.6719601190249818,10.150571954579364,0.025542659759567148,114.7392746140154,12857711270.225056,0.0,0.17541031191726086,0.16320402679030171,0.15905789714936297,0.12092975948156665,3238089.2693870245,0.012649707322788663,0.07088085817041212,0.012472203795641365,0.16320402679030171,0.3872933577183179,1.0,0.16320402679030171
3,1,0,2,1,2.298853975985177,0.039154162769909705,8.831659006088282,0.022908680167595674,1.7519243522953605,1.535672370015071,0.5683622711788028,122.13126454027832,11498707451.638706,0.0009183574482826598,0.19944071039592456,0.1635102535671907,0.1448667093367133,0.12530023796994352,4462753.420823841,0.010493181737023889,0.05759296374927969,0.01042264120471994,0.1635102535671907,0.4365715115712189,1.0,0.1635102535671907
5,2,1,1,2,3.6140824955372635,0.01611236776328772,4.762822542024642,0.004093995447192069,4.498677689721434,13.272670567706871,0.6328457112866219,101.20917676513066,15286315225.44971,0.0,0.13351445406398638,0.16374044821942937,0.17877233917424126,0.14631586774719393,3009848.0098058693,0.01597977462691498,0.0861849697355841,0.01577514915313345,0.16374044821942937,0.363715955450953,1.0,0.16374044821942937
3,1,0,2,1,3.771945409004715,0.0770735587460289,6.9136129035904155,0.003425617496243508,3.8472217337417245,3.8118812445744643,0.14385883028322696,124.92904153933999,11151663029.2269,0.0,0.13659400815127076,0.16374192325648393,0.17858521569235525,0.13792944322857212,2462581.859030968,0.015946339631942523,0.08634945057642629,0.015707586388896758,0.16374192325648393,0.36317207552344066,1.0,0.16374192325648393
2,2,0,1,1,4.336873209257608,0.09192222435806155,9.814559119233676,0.002520871747862096,7.301438034191022,10.045487896837546,0.0292669116771899,100.79186851524474,19259298035.74833,0.0,0.14896951290106464,0.1639274583138695,0.17802362061235943,0.13890973876980828,2823542.723392156,0.015846204747966643,0.08733189821824827,0.015627837734951532,0.1639274583138695,0.34882210791819823,1.0,0.1639274583138695
2,2,0,1,1,4.336873209257608,0.09192222435806155,9.814559119233676,0.002520871747862096,7.301438034191022,10.045487896837546,0.0292669116771899,100.79186851524474,19259298035.74833,0.0,0.14896951290106464,0.1639274583138695,0.17802362061235943,0.13890973876980828,2823542.723392156,0.015846204747966643,0.08733189821824827,0.015627837734951532,0.1639274583138695,0.34882210791819823,1.0,0.1639274583138695
5,2,1,1,1,1.33986177519891,0.02403809729557382,7.028795348649274,0.05878032881349456,4.024299523011717,1.2623777973623853,0.7734971766150412,78.59765920930555,9430284848.015497,0.0013763941483949484,0.11059370638732657,0.16411178044043953,0.18021049229138264,0.11636508371410388,126297.95033860071,0.01623791076595124,0.09182562270200889,0.01580314596439158,0.42166651525294035,1.2032652327595303,2.569386025313242,0.16411178044043953
2,1,1,2,0,2.404155200816518,0.07158847774997212,4.8436391478379495,0.09871487419495059,1.0179747282140328,3.220304512537136,0.4742171987955868,82.31864757553467,14861026264.424507,0.0012000376931193442,0.16744497070249575,0.16417543618368177,0.16551059307482566,0.13122476063707103,3323388.774706093,0.013696878209990262,0.07450922416387351,0.01352605570380584,1.0,0.39590560201308955,13.031760840635847,0.16417543618368177
3,1,0,2,1,4.234488662482244,0.04425271390662116,2.713424554527046,0.020389013451835903,1.9236199817864041,9.062738376078766,0.6430921039543059,121.48406324891609,13794820063.867563,0.000880878766458395,0.11553864590827086,0.1641977051363465,0.1802508748497923,0.13383457880121777,1998766.7297458015,0.01624518894205774,0.0879053954301321,0.015959612392915126,0.17476128731514767,0.35387662611952475,1.0643345299499125,0.1641977051363465
3,1,0,2,1,4.234488662482244,0.04425271390662116,2.713424554527046,0.020389013451835903,1.9236199817864041,9.062738376078766,0.6430921039543059,121.48406324891609,13794820063.867563,0.000880878766458395,0.11553864590827086,0.1641977051363465,0.1802508748497923,0.13383457880121777,1998766.7297458015,0.01624518894205774,0.0879053954301321,0.015959612392915126,0.1641977051363465,0.35387662611952475,1.0,0.1641977051363465
3,1,0,2,0,0.5587056674316851,0.08585495227210255,1.190422947836249,0.003685453774954753,0.6872710240633035,6.683131118669468,0.27622341894762587,128.62052084118594,10138031475.381649,0.0,0.15012158525170255,0.16420034070041817,0.17810994700680483,0.13655375259215075,2838575.37264198,0.01586157661138341,0.08855818222988088,0.015599317921074659,0.03324057313093691,0.2921352021038862,0.20243912399416997,0.16420034070041817
5,2,1,1,2,4.8173008431871915,0.020601511966426005,8.90989033660383,0.0022420532601080947,9.876040659488991,14.47232219337263,0.22439326364897383,68.71252330263502,18925238920.922596,0.0,0.13266864431233516,0.1642615767408534,0.17937956309710035,0.11185220626515334,531546.5138853837,0.0160885138284533,0.08702180402557347,0.01567607162376466,0.1642615767408534,0.3723542090778801,1.0,0.1642615767408534
5,2,1,1,2,4.8173008431871915,0.020601511966426005,8.90989033660383,0.0022420532601080947,9.876040659488991,14.47232219337263,0.22439326364897383,68.71252330263502,18925238920.922596,0.0,0.13266864431233516,0.1642615767408534,0.17937956309710035,0.11185220626515334,531546.5138853837,0.0160885138284533,0.08702180402557347,0.01567607162376466,0.6885684090566532,0.3723542090778801,4.191901859939956,0.1642615767408534
1,1,0,2,0,4.11394853777641,0.07864903515161902,2.0917907645989557,0.0019570375487955923,2.6796118712163044,2.093047528152317,0.25352832703054284,129.87514684712434,10336452654.620924,0.0,0.14088000217370844,0.16433186357591795,0.1789813719856342,0.12556961848174616,2437832.238258073,0.016017165758929985,0.08705677982993909,0.015625041295517107,0.06990519219910575,0.30678425360464473,0.42539036969425587,0.16433186357591795
3,1,0,2,0,1.1903395802973198,0.03952772936600454,7.787633807331755,0.0046369408673556005,9.228490691546789,2.6399961081911902,0.7560805180592369,103.9904742588926,9539702772.118477,0.0,0.18894142713572135,0.16441981463196415,0.15274032357340428,0.12676014292335225,5024587.048132494,0.011664803222654119,0.0480183909219265,0.01158443719376749,0.16441981463196415,0.34523001594225694,1.0,0.16441981463196415
3,1,0,2,0,3.4190066604822325,0.024904383906974237,5.895302001335426,0.023435737166543118,0.8276140803631266,1.1459067560861387,0.6138264471659091,107.18250828809566,9659690858.037624,0.0008248697150280586,0.20438567669299335,0.16447992671446277,0.14320599254532637,0.11886154934887769,5254870.789355532,0.010253978150446035,0.05269267941935474,0.010189309766580232,0.16447992671446277,0.39454554990751006,1.0,0.16447992671446277
3,1,1,2,0,3.6056944361102703,0.060783880820439284,7.965334887816635,0.005822601967976771,4.121767769954805,6.238732978791317,0.3670689181898358,113.21398206678487,9368866267.299107,0.0,0.13443773141150972,0.16447997508452153,0.17932637052148023,0.1396454067373478,2497304.1940869307,0.016078973582203608,0.09053449783155298,0.015836408398539784,0.010592121478085323,0.35926009499908707,0.06439763547290384,0.16447997508452153
3,1,0,2,0,0.7547710041940343,0.02780204975656241,8.122990221094788,0.005725868214846483,3.1719819101517546,1.984143809152244,0.7228042457489183,105.74199412182269,11440074041.94503,0.0,0.08855932181282405,0.1644976055116074,0.18202889273985606,0.12953913524138141,1302428.8731084308,0.01656725889604901,0.09033435294572201,0.016294716211498087,0.1644976055116074,0.3490470082901985,1.0,0.1644976055116074
1,1,0,2,0,4.116077338986367,0.07872983030114003,2.0970915952797746,0.0020002159534431726,2.683607194960665,2.1058385757218905,0.25363716457474467,129.852063780901,10328227209.474337,0.0,0.14109446760392957,0.16462301984459576,0.17929684320988942,0.12602853728618327,2435447.5638600714,0.016073678992515834,0.08724591572734997,0.015680251143879283,0.06991173701268968,0.3070856520652416,0.4246777703305796,0.16462301984459576
3,1,0,3,0,2.7250211916490237,0.0806888243790569,6.683441164468587,0.02199087168206203,1.2958884337353527,13.147529468314353,0.5637066322652867,127.65937334864437,12637142645.61015,0.0009829360415579706,0.16724606315215224,0.16469239132140656,0.16620615464982824,0.1327770533158103,3371659.0820751153,0.01381224292174131,0.07472457532668453,0.013654719138217001,0.16469239132140656,0.5293012731680723,1.0,0.16469239132140656
4,2,1,1,0,1.9684370745025055,0.0324433507109902,6.79286511623765,0.00611507285572127,3.657104396260175,7.431161638690957,0.6933113035590445,82.667622210598,10159728451.120464,0.0,0.10790733501143204,0.16474412539480102,0.1814497737061666,0.1258853282357122,900421.0231326235,0.016462010189009533,0.08586700969074679,0.01613240822529432,0.16474412539480102,0.48820132539613226,1.0,0.16474412539480102
4,2,1,1,0,1.9684370745025055,0.0324433507109902,6.79286511623765,0.00611507285572127,3.657104396260175,7.431161638690957,0.6933113035590445,82.667622210598,10159728451.120464,0.0,0.10790733501143204,0.16474412539480102,0.1814497737061666,0.1258853282357122,900421.0231326235,0.016462010189009533,0.08586700969074679,0.01613240822529432,0.16474412539480102,0.48820132539613226,1.0,0.16474412539480102
4,2,1,1,0,1.9684370745025055,0.0324433507109902,6.79286511623765,0.00611507285572127,3.657104396260175,7.431161638690957,0.6933113035590445,82.667622210598,10159728451.120464,0.0,0.10790733501143204,0.16474412539480102,0.1814497737061666,0.1258853282357122,900421.0231326235,0.016462010189009533,0.08586700969074679,0.01613240822529432,0.16474412539480102,0.48820132539613226,1.0,0.16474412539480102
4,2,1,1,0,1.9684370745025055,0.0324433507109902,6.79286511623765,0.00611507285572127,3.657104396260175,7.431161638690957,0.6933113035590445,82.667622210598,10159728451.120464,0.0,0.10790733501143204,0.16474412539480102,0.1814497737061666,0.1258853282357122,900421.0231326235,0.016462010189009533,0.08586700969074679,0.01613240822529432,0.16474412539480102,0.48820132539613226,1.0,0.16474412539480102
1,1,0,2,0,4.117350874433012,0.07863712745100941,2.0847937951291695,0.0019485788194103235,2.670620238810829,2.14703456151582,0.25485453969617355,129.87845519457045,10334017178.18734,0.0,0.1400961903955137,0.16478070060304156,0.17952548893548886,0.12598494685963968,2414429.70445395,0.016114700588763166,0.0874698091732441,0.015718173062093357,0.06821155619606449,0.30642166688394457,0.4139535512741073,0.16478070060304156
2,2,0,2,1,0.37132307785301377,0.06901779019802047,7.745492518287624,0.05669494440061018,2.106127207065732,4.21817371301825,0.557629767312806,64.07827933007408,13294859472.395243,0.0009127399420223182,0.13331476159584932,0.16479040033143388,0.1803326763654097,0.15034592296595914,3403361.0834901235,0.016259937082555798,0.08057780973830819,0.016046577799246443,0.16479040033143388,0.5187770166374274,1.0,0.16479040033143388
5,2,0,1,0,4.863487719058222,0.07379774645444553,6.119628913307594,0.004468167660205065,9.516353908652519,1.4617929261732066,0.43328075124588183,96.07031519742623,18359887922.18266,0.0,0.16629639882280722,0.16488253899580108,0.16690058063416569,0.1357308307934051,3512150.0726214517,0.01392790190801082,0.07831203077804416,0.013767144054370996,0.16488253899580108,0.3798589871321021,1.0,0.16488253899580108
5,2,0,1,0,4.863487719058222,0.07379774645444553,6.119628913307594,0.004468167660205065,9.516353908652519,1.4617929261732066,0.43328075124588183,96.07031519742623,18359887922.18266,0.0,0.16629639882280722,0.16488253899580108,0.16690058063416569,0.1357308307934051,3512150.0726214517,0.01392790190801082,0.07831203077804416,0.013767144054370996,0.16488253899580108,0.3798589871321021,1.0,0.16488253899580108
3,1,0,2,0,2.3338873576341337,0.06862415051896502,8.819514999717798,0.014282811176205015,9.597329918104936,6.449103280938751,0.02455033344983159,110.93177970684958,13202617044.4729,0.0,0.18093492427094915,0.16500682273951997,0.15730381650522934,0.12397825882414056,4022810.0709326267,0.012372245343555433,0.06927252094109215,0.012212899239026923,0.16500682273951997,0.4337211551524799,1.0,0.16500682273951997
3,1,0,2,0,2.3338873576341337,0.06862415051896502,8.819514999717798,0.014282811176205015,9.597329918104936,6.449103280938751,0.02455033344983159,110.93177970684958,13202617044.4729,0.0,0.18093492427094915,0.16500682273951997,0.15730381650522934,0.12397825882414056,4022810.0709326267,0.012372245343555433,0.06927252094109215,0.012212899239026923,0.010759336924688459,0.4337211551524799,0.06520540633445907,0.16500682273951997
4,1,0,1,1,2.3225767149024947,0.06745294108582528,8.932599028010172,0.055198168875646325,1.4883852379047902,2.465154576421984,0.3386288199318029,89.08927878995453,11068716681.45567,0.0010413147695033965,0.17984282079893374,0.165089490142307,0.15849175047852815,0.1356494296293298,3891833.122972316,0.012559817484874013,0.06292003014814984,0.012451588079672024,0.165089490142307,0.4681062742776335,1.0,0.165089490142307
4,1,0,1,1,2.3225767149024947,0.06745294108582528,8.932599028010172,0.055198168875646325,1.4883852379047902,2.465154576421984,0.3386288199318029,89.08927878995453,11068716681.45567,0.0010413147695033965,0.17984282079893374,0.165089490142307,0.15849175047852815,0.1356494296293298,3891833.122972316,0.012559817484874013,0.06292003014814984,0.012451588079672024,0.165089490142307,0.4681062742776335,1.0,0.165089490142307
3,1,0,2,0,3.453160770700687,0.02487746900027302,5.8884084338120894,0.024163780211407776,0.8560453030692898,1.0355899268422881,0.5993945528389747,105.65673789952052,9619702286.37857,0.0008299056968586615,0.204649578971699,0.16517500802695462,0.14372657607191602,0.11693320106310058,5268939.166692718,0.01032866433467813,0.05257159321364191,0.010261192503040898,0.16517500802695462,0.3975339000071773,1.0,0.16517500802695462
3,1,0,2,0,3.8998832680199893,0.09616945218895397,2.8149503076524502,0.054261573680366194,0.5494686078289476,7.479352955521704,0.30259068120122146,122.81092781599976,10546579163.506378,0.0006737702245085501,0.17411280617116942,0.16523331899084617,0.16195930685974205,0.12106597380016225,2903061.7543363604,0.013115408539244044,0.07342926584148024,0.012843927850018455,0.16523331899084617,0.3602995545511088,1.0,0.16523331899084617
4,2,1,1,0,2.9295959704808494,0.024129947806270386,3.8837726746455186,0.063741825090575,1.4974318623478695,7.236592906159258,0.6796395416152823,63.50036998010804,10317000504.78854,0.0014702756454383398,0.16273842669577696,0.16527376241841227,0.16997692485167118,0.11437782546477876,118549.54000390571,0.014446077491015338,0.07842266437511036,0.014231570375650237,1.0,1.0647815122760134,7.138922155391384,0.16527376241841227
3,1,0,2,1,1.0027332186414566,0.0684786314777155,2.895550962370626,0.029077484313928263,3.629775367997155,4.416122718089726,0.5226681743786307,105.3621699018584,11162930857.026222,0.0005532638504750118,0.14479669332032535,0.16550126338565066,0.17997590420176776,0.13641962019088205,1956028.354361293,0.01619566304662194,0.08944253991601392,0.015909660275866672,0.16550126338565066,0.4737572507727116,1.0,0.16550126338565066
4,1,0,2,1,1.7631826038350682,0.05934804767494734,1.6671125997706384,0.003327890525268907,6.48687200445349,4.030124383618825,0.8269603008715146,83.49826076188418,9779715082.806353,0.0,0.1288874874948751,0.1655990666121888,0.1811547020174323,0.13366703662937465,2313068.004435521,0.016408513031512344,0.0870553974210393,0.016060003443850054,0.1655990666121888,0.30178308942222976,1.0,0.1655990666121888
3,1,0,2,0,1.885365468795094,0.08324263525495407,2.6233272103178185,0.007444915859506855,1.2937615668515967,3.3192052984950076,0.09055585014535163,92.16978116607255,14028198996.69918,0.0,0.18708462592717837,0.16564284334865742,0.1541056846702671,0.1312476416537028,3885229.6252345173,0.011874281023845901,0.0661576184345335,0.011782101280361099,0.014639504867223738,0.3412919177051001,0.0883799418753602,0.16564284334865742
4,2,1,1,0,2.0026469679458594,0.0283695374681642,6.5281347203070705,0.00581375751282471,3.5511547547787776,8.061203826691207,0.6802155216230824,83.22339586680297,10019136663.26424,0.0,0.1621563853777948,0.16564886781556334,0.17069538780465143,0.13786003455841006,2871705.502777564,0.01456845770889017,0.08080571155741156,0.01439412880711913,0.16564886781556334,0.39332622637436915,1.0,0.16564886781556334
3,1,0,2,0,3.321041895303529,0.018330527896885575,6.138363567056976,0.02417473196418308,1.642066766983215,4.4368856782181965,0.5278198855503884,108.2566974697585,10223764751.47129,0.0007242341160845315,0.150786144876652,0.1657999779652374,0.1795237636906715,0.121538499706167,264258.2332659416,0.016114390864832028,0.08680030364125269,0.015836168053287338,0.1657999779652374,0.40963664990124765,1.0,0.1657999779652374
3,1,0,2,0,2.627256962823979,0.007451499203049834,7.164890456491749,0.02189140952593867,1.485297401976214,3.538692108217463,0.4948932318317312,119.47720532041414,11628288874.098629,0.0006609326198431906,0.1597912489869387,0.16594620038834346,0.17275278646519612,0.12611893458705706,553188.9227393325,0.014921762615744823,0.08232699822086453,0.014713474099906788,0.16594620038834346,0.9971076686866794,1.0,0.16594620038834346
3,1,0,2,0,4.294799677532913,0.0932171744807217,7.35264436184033,0.008667112235720325,3.0905069248368537,5.318455404563169,0.18693924970607012,127.48149265071851,13164252443.300192,0.0,0.13370822504143498,0.16597924664490468,0.18128429551606573,0.14230194666375642,2340347.9057458644,0.016431997900378126,0.0876116861831635,0.016140165020381538,0.16597924664490468,0.36410303526366766,1.0,0.16597924664490468
3,1,0,2,0,1.0949228813940832,0.08976818201111869,2.3080986147688614,0.005276487324249391,0.45774980757939093,1.6797726265854152,0.3861415279221178,115.24380465658038,9221589155.97687,0.0,0.18228117201951155,0.16614866600765787,0.15773563424260958,0.09828081746719408,476115.7095940352,0.012440265154959154,0.06673679099962004,0.01222462379879556,0.16614866600765787,0.3539359929864735,1.0,0.16614866600765787
5,1,0,2,0,2.5577117368870192,0.03280806212360668,4.159834849380469,0.00930790170439446,3.600183873618439,9.21952684093263,0.47294647945008145,118.07726361938508,11255192498.452578,0.0,0.13908021490673503,0.16631433669598042,0.18129136357889652,0.14209547034903772,1415702.4502884767,0.016433279254147826,0.08882005891748501,0.016193419285169174,0.16631433669598042,0.3841337634804969,1.0,0.16631433669598042
3,1,0,2,0,4.747715588683842,0.053006685834196404,4.460358958526479,0.002712718857752713,9.907348040899251,6.330852495082989,0.05976096228739554,115.58800719869463,11230316746.429174,0.0,0.11109450731027329,0.1663238981785387,0.1827604853922034,0.13264450590327673,1339799.7858179237,0.016700697510396895,0.09175450708264643,0.0164204672646633,0.1663238981785387,0.3616573757971653,1.0,0.1663238981785387
3,1,0,2,0,0.18968770583569164,0.007077292869319779,4.9052040373877865,0.004167998497671384,0.5710510176955993,1.8539974538794013,0.6653501938986173,118.14740612860477,10089070978.395687,0.0,0.07786538033771698,0.16648208562157865,0.18467635169334115,0.11433013829300005,14190.423530788696,0.017052677437381314,0.0952256758696749,0.016620308140614874,0.16648208562157865,0.705170448368394,1.0,0.16648208562157865
3,1,0,2,0,0.18968770583569164,0.007077292869319779,4.9052040373877865,0.004167998497671384,0.5710510176955993,1.8539974538794013,0.6653501938986173,118.14740612860477,10089070978.395687,0.0,0.07786538033771698,0.16648208562157865,0.18467635169334115,0.11433013829300005,14190.423530788696,0.017052677437381314,0.0952256758696749,0.016620308140614874,0.16648208562157865,0.705170448368394,1.0,0.16648208562157865
4,2,1,1,0,1.7303824688371405,0.09922474881243806,8.257943968641158,0.005740348470417053,6.995997429420765,4.983742722244438,0.34322593371658044,116.12886967889976,17388966652.49015,0.0,0.1709877024211353,0.16664450739090222,0.16548024947034823,0.1281117795069883,3350612.6728912042,0.013691856482384345,0.07691763580445987,0.013457290426477572,0.36117582813851973,0.3648603682900269,2.167343129355596,0.16664450739090222
4,1,0,1,1,3.0242983926913016,0.04854911914544306,7.3866267142749145,0.0456577400598098,2.417036535516525,5.652839066487144,0.3275030036263326,81.71404051913377,11519003828.771114,0.0010819606481585248,0.16466039630844545,0.16666099547232596,0.16990026773286107,0.1274807743401893,2745538.7384497565,0.014433050487848934,0.08118406761057773,0.014125905234164913,0.16666099547232596,0.4426580461348283,1.0,0.16666099547232596
3,1,1,2,0,2.0333461248193205,0.06971848729827297,2.812541746564998,0.0029840043843342295,6.0037901074164335,7.969666099166245,0.4946671094164916,122.15888686949557,14476697409.604988,0.0,0.11013194412156058,0.16671083310993795,0.18329281320404528,0.13239438437580683,1557014.1450726963,0.016798127686126516,0.09130876592230208,0.016483910039085715,0.052746081948721046,0.3347512778656731,0.3163926480646731,0.16671083310993795
3,1,0,3,0,3.0675021659003243,0.0848237599984006,7.192068765616217,0.01278348691900139,2.4830018682789845,7.919362702843796,0.18988727155688237,124.6106387072799,13255513356.92015,0.0,0.12643633451251912,0.1667171012096536,0.1823741472966509,0.14310087528533408,2478750.871727377,0.016630164801090263,0.09091502083639724,0.016305633433983027,0.1667171012096536,0.4012885198146971,1.0,0.1667171012096536
3,1,0,3,0,3.0675021659003243,0.0848237599984006,7.192068765616217,0.01278348691900139,2.4830018682789845,7.919362702843796,0.18988727155688237,124.6106387072799,13255513356.92015,0.0,0.12643633451251912,0.1667171012096536,0.1823741472966509,0.14310087528533408,2478750.871727377,0.016630164801090263,0.09091502083639724,0.016305633433983027,0.1667171012096536,0.4012885198146971,1.0,0.1667171012096536
3,1,0,2,0,4.405898858015077,0.08126820970397046,3.56230499836967,0.02026132483550119,3.236199166325047,9.354189168787599,0.07777918687756491,113.83022490196703,16677776937.793507,0.0009659142095107304,0.14408216346140196,0.16673320243804654,0.18139688501972928,0.14473368440940612,2517559.921560456,0.01645241494743044,0.09038242501670057,0.016223401078013833,0.048442893673363754,0.42220074171292005,0.29054137367369165,0.16673320243804654
3,1,0,2,1,0.9282761593020058,0.016592090547482514,2.0509197307719584,0.01867422764543411,2.3901730108906984,3.6714444596524842,0.4172794264243315,113.9663003901572,11399120690.089458,0.0,0.1512222590907414,0.16676481523837136,0.1802792244499302,0.12935692667501958,134252.68058867528,0.016250299384134154,0.08684988036733088,0.016024038336669624,0.16676481523837136,0.40744660971847746,1.0,0.16676481523837136
3,1,0,2,2,2.721762603655627,0.08020860431308696,4.95030249318505,0.010460822953245994,2.409317307053449,6.011056299256906,0.1759809662104619,106.66491181867485,16085528312.696657,0.0,0.17633850975401383,0.16682981179702225,0.1621057943891834,0.13670550883777002,3627729.520109516,0.013139144287274104,0.07330080235913616,0.013008581865634663,0.019822404825519724,0.39129813422570003,0.11881812136572543,0.16682981179702225
3,1,0,2,1,1.0914971243514484,0.08993237494709157,2.2481733086171602,0.005525414924291086,0.49549489035159405,1.773440941238892,0.38848445801782927,115.59445886741729,9240089683.330904,0.0,0.12218715717018203,0.1668445427130617,0.18293742385280792,0.127160375969683,964972.7058925859,0.01673305052295095,0.0880344410703664,0.01642582052171936,0.1668445427130617,0.35252398539945934,1.0,0.1668445427130617
3,1,0,2,1,1.0914971243514484,0.08993237494709157,2.2481733086171602,0.005525414924291086,0.49549489035159405,1.773440941238892,0.38848445801782927,115.59445886741729,9240089683.330904,0.0,0.12218715717018203,0.1668445427130617,0.18293742385280792,0.127160375969683,964972.7058925859,0.01673305052295095,0.0880344410703664,0.01642582052171936,0.2274111165444778,0.35252398539945934,1.3630120161351524,0.1668445427130617
3,2,1,3,0,3.757671730788376,0.07334013820301502,3.2099660939071226,0.015611429888251094,2.2448415731069304,6.35764109629372,0.13697410379649289,129.91575721774367,13529281557.752018,0.0,0.13390592263295825,0.16690547698774688,0.18230506576507613,0.13731943229745258,2411309.220098212,0.016617568501804368,0.08839993061388085,0.016323452546258565,0.1223257279451178,0.3897992383623673,0.7329042171222347,0.16690547698774688
3,2,1,3,0,3.757671730788376,0.07334013820301502,3.2099660939071226,0.015611429888251094,2.2448415731069304,6.35764109629372,0.13697410379649289,129.91575721774367,13529281557.752018,0.0,0.13390592263295825,0.16690547698774688,0.18230506576507613,0.13731943229745258,2411309.220098212,0.016617568501804368,0.08839993061388085,0.016323452546258565,0.16690547698774688,0.3897992383623673,1.0,0.16690547698774688
2,0,0,2,1,4.9786511992611215,0.01558074439939331,2.563880570220538,0.027754641653542196,0.5431144485439339,8.609649376992198,0.48660675572861395,122.96926660545039,9379521940.37927,0.0007710817205428947,0.13226029900311187,0.1669322176206639,0.18211117127701154,0.12710986776043462,352391.5509189655,0.01658223935194252,0.09391190234902769,0.016263585522252953,0.1669322176206639,0.690748895833628,1.0,0.1669322176206639
3,1,0,2,2,2.72444719703596,0.0802126697775503,4.944887572664655,0.010450671639632,2.4114355119292976,6.006089019999904,0.17572753972300859,106.68464742501683,16087816702.066542,0.0,0.17638864197321136,0.1670405385627763,0.16228378408480276,0.1368098921205382,3626831.496230577,0.013168013288441442,0.07346060347177596,0.013036516990430203,0.019858866284398133,0.3915210935751807,0.118886507761916,0.1670405385627763
4,2,0,2,0,1.4202152469159761,0.06188418311028807,5.5951004167738,0.05317179947950694,5.9195112495040725,8.14931785282737,0.5738150958387007,123.9132189563413,14190747686.942245,0.0005468591195501494,0.1352818635415422,0.16718871765321655,0.1822986086505746,0.12149968968864124,2044912.3090579237,0.016616391357967674,0.09279975110505345,0.01618919104919214,0.16718871765321655,0.4889908775570297,1.0,0.16718871765321655
4,2,0,2,0,1.4202152469159761,0.06188418311028807,5.5951004167738,0.05317179947950694,5.9195112495040725,8.14931785282737,0.5738150958387007,123.9132189563413,14190747686.942245,0.0005468591195501494,0.1352818635415422,0.16718871765321655,0.1822986086505746,0.12149968968864124,2044912.3090579237,0.016616391357967674,0.09279975110505345,0.01618919104919214,0.023597137113849843,0.4889908775570297,0.14114072674924819,0.16718871765321655
4,2,0,2,0,1.4202152469159761,0.06188418311028807,5.5951004167738,0.05317179947950694,5.9195112495040725,8.14931785282737,0.5738150958387007,123.9132189563413,14190747686.942245,0.0005468591195501494,0.1352818635415422,0.16718871765321655,0.1822986086505746,0.12149968968864124,2044912.3090579237,0.016616391357967674,0.09279975110505345,0.01618919104919214,0.023597137113849843,0.4889908775570297,0.14114072674924819,0.16718871765321655
4,1,0,2,0,3.4556841306838444,0.011415781785465536,6.469001882096361,0.052109704594212485,9.009268527643258,1.0188875159927093,0.0360319379332612,107.79965286960712,12402310487.785864,0.0,0.15321318789024763,0.16732375972455849,0.17914761428626988,0.11279098793373486,321058.53648557886,0.016046933852231063,0.08924001559263794,0.015587915772089391,0.16732375972455849,1.60470451029465,1.0,0.16732375972455849
4,1,0,2,0,3.4556841306838444,0.011415781785465536,6.469001882096361,0.052109704594212485,9.009268527643258,1.0188875159927093,0.0360319379332612,107.79965286960712,12402310487.785864,0.0,0.15321318789024763,0.16732375972455849,0.17914761428626988,0.11279098793373486,321058.53648557886,0.016046933852231063,0.08924001559263794,0.015587915772089391,0.16732375972455849,1.60470451029465,1.0,0.16732375972455849
4,2,1,1,0,1.7303824688371405,0.06990884053839373,8.49177043024479,0.005740348470417053,6.995997429420765,4.983742722244438,0.34322593371658044,117.24282836245223,17263733600.832226,0.0,0.17269242230537443,0.16734136400826685,0.1650272996077548,0.1322567265208144,3406276.7708022124,0.013617004807913835,0.07654357090532748,0.013418835569559105,0.5170008526643332,0.3604860311290854,3.089498258415013,0.16734136400826685
4,2,1,1,0,1.7303824688371405,0.06990884053839373,8.49177043024479,0.005740348470417053,6.995997429420765,4.983742722244438,0.34322593371658044,117.24282836245223,17263733600.832226,0.0,0.17269242230537443,0.16734136400826685,0.1650272996077548,0.1322567265208144,3406276.7708022124,0.013617004807913835,0.07654357090532748,0.013418835569559105,0.5170008526643332,0.3604860311290854,3.089498258415013,0.16734136400826685
3,1,0,2,0,0.45640776829003693,0.013828383325523323,8.372873032297129,0.024382089774339845,5.541936431451805,5.8203868398418965,0.6080408644277984,124.03677189275173,11239343572.475441,0.0008799508522644459,0.17004924444415437,0.1673967017071395,0.1673941843738017,0.12000124910102246,1158255.0575798731,0.014010406481085159,0.06961285028971342,0.013824380591385974,0.1673967017071395,0.6784428664360398,1.0,0.1673967017071395
5,2,0,2,0,4.349482627959014,0.06972504837590714,5.4189492334253515,0.0035680082281503082,7.6825105811138545,2.3174958931545366,0.4946602977589581,105.51139787242118,19242887816.238205,0.0,0.17659423921601708,0.16752934745877338,0.16261192041888337,0.13292502780958695,3795409.8699124516,0.01322131833115863,0.07421340572291812,0.013095273970172266,1.0,0.36579427306229007,10.690774890869328,0.16752934745877338
3,1,0,2,0,4.303037151958059,0.09335748879062654,7.351466832574646,0.008727869358681492,3.0684653897499685,5.330565957602952,0.18679236751826883,127.36401308438872,13170615520.77984,0.0,0.13687091650310618,0.1675365846447466,0.18280685672057032,0.14363229401201477,2430480.0129897753,0.01670917343202756,0.08943503871010317,0.016405304587113617,0.05297395597684955,0.36413442951507474,0.31619336211955323,0.1675365846447466
3,1,0,2,0,4.303037151958059,0.09335748879062654,7.351466832574646,0.008727869358681492,3.0684653897499685,5.330565957602952,0.18679236751826883,127.36401308438872,13170615520.77984,0.0,0.13687091650310618,0.1675365846447466,0.18280685672057032,0.14363229401201477,2430480.0129897753,0.01670917343202756,0.08943503871010317,0.016405304587113617,0.1675365846447466,0.36413442951507474,1.0,0.1675365846447466
3,1,0,2,1,2.819883038953161,0.08265062415643878,2.9989154260509876,0.0013872188704855553,8.084030972673522,11.29545614600025,0.3875173388961934,121.34803736447486,9830899937.927792,0.0,0.08973827503362905,0.16760891665496014,0.1851751360926895,0.12550747985396127,823939.563910766,0.017144915513473042,0.0973178289763792,0.016754823631150394,0.16760891665496014,0.32190347552771365,1.0,0.16760891665496014
5,2,1,1,1,4.832015135756513,0.08983875284750954,5.587642079686802,0.00586436732081458,5.738551284728451,12.564908542128784,0.10162723869230328,91.10517025042522,14467768916.468796,0.0,0.11338955164422282,0.1678085449991386,0.18410158490630238,0.12743564692017753,651368.5559208357,0.016946696782506234,0.09610770814890235,0.016628357877368972,0.7035862915169715,0.3987582748559113,4.192791800444865,0.1678085449991386
3,1,1,2,1,0.12217666067495649,0.06829270477784102,3.6893821527999986,0.004044774545136676,1.6140596733870218,3.43429140425709,0.18664554146070175,96.36811833781049,14831010456.440033,0.0,0.07604225845397922,0.16797885656856237,0.1868381341239503,0.13046785769026012,974926.1566467573,0.017454244181459622,0.08983234862865319,0.017155139916046443,0.16797885656856237,0.3491741252438324,1.0,0.16797885656856237
5,2,1,1,1,3.6068671850200986,0.01616988494654302,7.0288980627793,0.007993098630467706,8.630175258986817,14.366606474027408,0.7937283359824447,95.77178299488541,14251429681.228626,0.0,0.12304858397454994,0.1681508207236019,0.18394691260519408,0.14961255656090025,2659950.631142165,0.016918233328491454,0.09595208288069779,0.016698796737022525,0.034492349490117154,0.38539720796932286,0.20512745249583997,0.1681508207236019
3,1,0,2,0,3.978342709631734,0.05916732999032259,8.023465902342087,0.00563483347436983,5.585530403164531,13.110078289155478,0.6344873998705617,105.77946991339076,12049411335.63609,0.0,0.09992734035395698,0.1681664736904238,0.1855353414223929,0.13668919547054673,1664197.2677008638,0.01721168145836195,0.0920896478154789,0.01690060665203405,1.0,0.3633078328326258,9.568536492130258,0.1681664736904238
3,2,1,3,1,3.8097129743952474,0.07537736021535618,3.063828973341609,0.015083303811471384,2.174121673433331,6.127943629278464,0.12454765925915204,128.73760463897557,13379307370.395044,0.0,0.14378571182444394,0.16820632632381247,0.18312099276557936,0.13764025683642628,2642908.8767145453,0.016766648995725685,0.09051728864123032,0.01644375715623465,0.12262120402676918,0.3792217492121701,0.7289928191565888,0.16820632632381247
3,1,0,2,1,3.4832091226593302,0.09578047898092537,1.2668747831430636,0.02320715936088472,0.7408961252269507,4.33411022584684,0.3353582271571522,82.66876433963189,15977474416.256334,0.0010802405485565267,0.1044025597220119,0.1682812272957463,0.18520070495744273,0.13947277146978354,1854709.4517760652,0.017149650558366876,0.09566035135802142,0.01685298638914815,0.1682812272957463,0.3764630537461891,1.0,0.1682812272957463
3,1,0,2,2,2.1944163198149007,0.09961223306187897,5.2782590066388,0.022931769301842216,0.498025257379235,5.725937503476841,0.417111142811817,115.83368076927617,15323183835.451437,0.0006832089775270241,0.17192315015000603,0.16829800886292415,0.16798955410776079,0.14129815909826035,5016715.476422988,0.014110245144662146,0.05273191618797768,0.01399970720059293,0.16829800886292415,0.4460989461609322,1.0,0.16829800886292415
3,1,0,2,0,1.2184890454838557,0.0892021662057699,2.206371811638196,0.005634772785979895,0.4098874244240245,1.5772198261912933,0.3939644603323054,114.69531558501231,9268881904.906176,0.0,0.10159410108540959,0.16848006069051868,0.18591004889743568,0.1351168801698988,1737672.8022376588,0.017281273140523464,0.09025500832803468,0.016966322015943735,0.16848006069051868,0.34380225913560264,1.0,0.16848006069051868
4,1,0,1,0,1.5098410287013282,0.020032590462086,2.475548170104943,0.01677525410685883,2.1953903055171473,7.716271480791037,0.6676311661068443,109.9716362603188,15082220631.363697,0.0,0.19276369518899591,0.16874247777496748,0.1536103490427268,0.1339802887160261,4220549.040082194,0.011798069666514178,0.06595101487412547,0.011716079613045544,0.16874247777496748,0.373547478229832,1.0,0.16874247777496748
4,1,0,1,0,1.5098410287013282,0.020032590462086,2.475548170104943,0.01677525410685883,2.1953903055171473,7.716271480791037,0.6676311661068443,109.9716362603188,15082220631.363697,0.0,0.19276369518899591,0.16874247777496748,0.1536103490427268,0.1339802887160261,4220549.040082194,0.011798069666514178,0.06595101487412547,0.011716079613045544,0.02607416777443354,0.373547478229832,0.1545204747390617,0.16874247777496748
3,1,0,2,0,2.1452366868011645,0.05415127098133375,6.818588568800731,0.011870843097566957,3.4181542917660734,7.234657823231545,0.03028793856282496,109.27274968001771,15452041189.16888,0.0,0.2016119977165884,0.16896618247532913,0.1488799357380703,0.12381415699390044,5025977.773198827,0.011082617632685969,0.05739855319002751,0.01100417663598604,0.16896618247532913,0.3987845106264585,1.0,0.16896618247532913
3,1,0,2,0,3.8675093433046204,0.023630487146397795,0.531394919902239,0.022600969889349794,0.1470095490607805,2.835687383545082,0.5226105564383451,119.09093917225688,12985111341.426437,0.0005220703109066573,0.17441081013863857,0.16898705656480734,0.16594609387315556,0.13669370571406733,3121805.1385763255,0.013769053035879079,0.06982545295712095,0.013601187487198983,0.16898705656480734,0.26794190434238885,1.0,0.16898705656480734
3,1,0,2,2,2.7192446879740757,0.08011160212115538,4.987251628170401,0.010498874101687417,2.427944673043693,6.00376315304558,0.17615093207157284,106.66728628279219,16065507978.481192,0.0,0.17822502534502033,0.16913937370824106,0.16316861340843,0.13836930141363735,3648150.3007421247,0.013311998200814842,0.07421121830008859,0.013181033881547191,0.16913937370824106,0.3845182077514892,1.0,0.16913937370824106
3,1,0,2,1,2.7045141903332084,0.05592024111042182,1.3961218239647786,0.03771933871200594,3.7895339940886728,3.087577447099538,0.5400316109282679,75.9963965837714,15460809395.721325,0.0006346939762495722,0.11522709512107655,0.16934124712858248,0.1858348764861342,0.14689628922041445,2585788.6355395624,0.017267300659308378,0.09513764652698309,0.0170013056340652,0.10437304990202552,0.5173165925002295,0.6163474739428016,0.16934124712858248
4,2,0,2,0,2.8178846103446675,0.09061417970283304,8.32867318022592,0.012166038146216368,3.5197835539103726,2.3616783171054756,0.6775536981775442,123.38744940026342,13456072452.87207,0.0,0.1760445678987959,0.16936249578113757,0.16491995132893397,0.1401428338578686,3483338.150558058,0.013599295173168977,0.07438275957885954,0.013467536548707094,0.2629221186731498,0.37738567793439337,1.5524223203047074,0.16936249578113757
3,1,0,2,2,2.0420518586656056,0.06790667912191453,8.905714641609325,0.008975636133176854,2.7170239934389793,3.618710569561394,0.6455066789390508,112.01568793835052,13148416602.35801,0.0,0.14165741451328218,0.16956346439814216,0.18528744004767717,0.1342212017194985,2210209.7884023655,0.01716571771971078,0.08255967491933858,0.016798727466477963,0.03545014698796105,0.3675662631256532,0.20906713078663341,0.16956346439814216
3,1,1,2,0,0.9610900533664145,0.06900088547728889,7.317243772317062,0.006475410482951976,2.0782919212181743,5.778526353922465,0.5990729907261932,118.88957462168638,9209598817.053959,0.0,0.1410457939668352,0.1697813974912789,0.18475007387723916,0.1251512402410929,579297.5605293871,0.017066294898822665,0.0967646050468548,0.01674122212815544,0.014116720816366795,0.45460739625144997,0.08314645199626139,0.1697813974912789
5,1,0,2,0,2.536789852316669,0.030259219178433387,4.273287065823004,0.009057778741198808,3.625564827681819,9.228107105139332,0.4723539308219685,119.09773931189335,11225863278.469925,0.0,0.14481971118191156,0.16993019441115326,0.185011737628984,0.1466042487319457,1417407.0888913407,0.01711467153024801,0.09146996581817768,0.01686702897025824,0.16993019441115326,0.3771937460132775,1.0,0.16993019441115326
5,1,0,2,0,2.536789852316669,0.030259219178433387,4.273287065823004,0.009057778741198808,3.625564827681819,9.228107105139332,0.4723539308219685,119.09773931189335,11225863278.469925,0.0,0.14481971118191156,0.16993019441115326,0.185011737628984,0.1466042487319457,1417407.0888913407,0.01711467153024801,0.09146996581817768,0.01686702897025824,0.16993019441115326,0.3771937460132775,1.0,0.16993019441115326
4,0,1,3,1,3.195048371234074,0.017097908084456208,8.482836768529566,0.08536867987751215,4.56637114398743,12.323400728526483,0.8163488145139783,92.33369065507091,10961262049.895536,0.0,0.13274794530850137,0.1699746220888124,0.18553046554490163,0.13157264798242627,413174.1342926788,0.017210776822653966,0.09551580538176485,0.016891543410761017,0.31055189337244926,2.168948226051603,1.8270485885250842,0.1699746220888124
5,1,1,1,2,4.53564096597397,0.037292849372165524,3.6795204899753156,0.007000169375642786,8.144290540370749,12.39073739721433,0.5726258342305565,99.51683654751972,14772095514.860878,0.0,0.11633944641490669,0.16998392593521533,0.18702833551714834,0.12785072781465703,460026.44492121314,0.017489799143157507,0.08636756935472034,0.017152835835542408,0.317126331463,0.4815482590622705,1.865625409686466,0.16998392593521533
3,1,0,2,0,3.2155058000797028,0.03412367680751413,1.6139786091005415,0.030177373980493194,1.3911007627919627,4.5827961308000145,0.6000127271131727,108.19288468678357,10029043129.961288,0.0006092964283886442,0.1438204754642301,0.170028536323007,0.18501618971466888,0.1445710383778139,2567787.6385436696,0.01711549522826717,0.09435953061827174,0.016801893556405663,0.170028536323007,0.33503049979089655,1.0,0.170028536323007
3,1,0,2,0,3.2155058000797028,0.03412367680751413,1.6139786091005415,0.030177373980493194,1.3911007627919627,4.5827961308000145,0.6000127271131727,108.19288468678357,10029043129.961288,0.0006092964283886442,0.1438204754642301,0.170028536323007,0.18501618971466888,0.1445710383778139,2567787.6385436696,0.01711549522826717,0.09435953061827174,0.016801893556405663,0.06925115436689136,0.33503049979089655,0.40729136334699373,0.170028536323007
5,2,1,1,1,3.6072268330312864,0.016051685655411083,7.026202942182641,0.008023589364342616,8.632657736090259,14.371375336950306,0.793484913255915,95.77238025350023,14250635992.054829,0.0,0.13071271146275715,0.17015536306141954,0.18571334587999083,0.15159645979235645,2852894.7833487205,0.017244723418970556,0.09802294638681952,0.016978356370297692,0.17015536306141954,0.386025894310081,1.0,0.17015536306141954
5,2,1,1,1,4.674178683766979,0.0965060145209613,1.74998455166914,0.0014659609284280988,7.231542028818636,16.83177804286115,0.10464574347847133,109.66240675872643,15427611522.019873,0.0,0.08871817011072691,0.17035590239945442,0.18885261623055727,0.11848612702924552,204975.66646592805,0.017832655328563072,0.09007274663032461,0.01734851636326361,0.019497950814008597,0.3202402255923352,0.1144542134401035,0.17035590239945442
4,2,1,1,0,1.8693528940177722,0.029657878331304007,6.6345047951016385,0.007283225216476731,3.8297599927169985,6.840904917982452,0.6945595707571783,80.78139426352723,10187053729.327477,0.0,0.18581017562382546,0.17038249981597725,0.15950145237091456,0.12971470787634992,3557883.074453509,0.012720356654215564,0.0706381597302278,0.012592783737797703,0.17038249981597725,0.39866643726917894,1.0,0.17038249981597725
1,1,0,2,0,4.6450099433278655,0.07896137120501397,2.022382603493757,0.0023243284751525398,1.4394974718155087,2.9110100474999743,0.19332301145748879,129.7156538644591,17339582756.873478,0.0,0.16419189895331326,0.17042453603750737,0.1742799988642544,0.1276509763687559,2985545.5397281176,0.01518675900206226,0.08325428052776562,0.014864257822413227,0.17042453603750737,0.31604956081330243,1.0,0.17042453603750737
3,1,0,2,0,3.5318692146863366,0.021188192552558265,0.3016517972064337,0.02103266956652342,0.37322472046823807,2.593933531114276,0.522993177543381,121.11257716206543,13518659881.12182,0.0005436582044720055,0.16592326443056032,0.17046280644632933,0.17297109082042703,0.142422452010613,3528516.1147523066,0.014959499129804207,0.08372139316850857,0.014750787112890228,0.17046280644632933,0.2629495264466031,1.0,0.17046280644632933
3,1,0,2,0,0.6313739110943286,0.0466776113735359,1.0242898700604024,0.0027356054730697816,0.9023503429851882,12.982904930951062,0.32835571678020065,128.77770708675206,14191303617.74931,0.0,0.1300747671990966,0.17048193755052543,0.18635109028640265,0.13601239446025537,1968427.590815309,0.017363364425465495,0.09423208451710119,0.016956509573552506,1.0,0.24162112843316214,36.431659198297524,0.17048193755052543
3,1,0,2,0,4.266724350421842,0.08452826627649111,5.786509221118557,0.00721741674335513,3.4748241129964335,1.6559990026749034,0.1377587827796969,108.99792238739505,14593297993.045645,0.0,0.14969283018787977,0.1704948863687654,0.185244727547736,0.1470237945616444,2697641.553849078,0.01715780454211747,0.09388672433379919,0.01687668525513092,0.7766895601412673,0.3932987502459447,4.5555006175455395,0.1704948863687654
3,1,0,2,1,3.215606592411452,0.09380576844809016,7.514659642138643,0.007250272721953184,5.199786704181613,3.755208042789761,0.3003104320326121,123.78875003004747,10625750969.05786,0.0,0.1642157036552903,0.17057284349159904,0.17434263140077577,0.1413717722179317,3098795.6136407126,0.015197676561873383,0.08467077124425926,0.015001580684987248,0.17057284349159904,0.36743182274583064,1.0,0.17057284349159904
3,1,0,2,0,3.5492793837285954,0.08626305179625339,7.880884529727908,0.009666968486611267,4.451360009088273,5.482196420926466,0.15949739205692068,120.31587328955781,12445782886.852087,0.0,0.15456778593273068,0.1705828450637108,0.18186411259587243,0.14639573595191588,2757162.3379789656,0.016537277725142085,0.08764554316625517,0.01626789998853805,0.1705828450637108,0.36371179451260566,1.0,0.1705828450637108
3,1,0,2,0,0.3538487989240394,0.041494043915220484,9.327123495286141,0.003793542267997773,3.4700256142321515,5.780768014413071,0.4026918955572741,105.48588274482505,14952268241.664087,0.0,0.06857107481381214,0.1709086362681031,0.19035779899820346,0.1347707414462244,1177381.9940737833,0.018118045819720215,0.09540102175907106,0.01779826120168211,0.04335947306241211,0.34320783079915934,0.25369971938922053,0.1709086362681031
3,1,0,2,1,4.16163307873172,0.037678515777723076,2.4373215012555116,0.02116395260451943,1.8711347490794052,9.244083711689935,0.6460777721726321,122.01258561079095,13743899862.491457,0.0008865783386624538,0.145461315347108,0.17116168022748007,0.18625702738878613,0.1394449526043316,2486967.3506643185,0.017345840125853516,0.09405698346727553,0.017022101653476642,0.17116168022748007,0.36920134845595926,1.0,0.17116168022748007
5,1,1,1,1,1.1366248949084672,0.022264783864621305,9.532655682934415,0.04153006247859079,1.9500679641017038,4.035735691033859,0.1523856940910927,117.02829261314838,14379842018.566721,0.0009803285311032468,0.10317204813029268,0.17116538429924136,0.18838142427410487,0.12709691844596788,1348537.166980884,0.017743780505770152,0.09990764468898172,0.017192112158678514,0.17116538429924136,0.47569177613575175,1.0,0.17116538429924136
5,1,1,1,1,4.982828564623204,0.06666141287977774,0.9366067662336856,0.011056790013033854,0.5914573819053349,6.9829387263732405,0.4553666863259461,109.35437357628771,10270686469.317442,0.0,0.16015955873872556,0.17124339512442513,0.17804475661058058,0.123978102158371,1609108.9792323173,0.01584996767826044,0.08835210454197973,0.015440056841176664,0.17124339512442513,0.15453513911379277,1.0,0.17124339512442513
3,1,0,3,1,3.669442238970341,0.06521145521366545,3.4129613967952115,0.002768241728939327,8.092624176167876,9.530148670995159,0.18573934994419317,101.98079672989063,12925884828.673021,0.0,0.14845482358918105,0.1713414167621752,0.18669033054456977,0.12601468520750242,798839.1049793921,0.017426639759420357,0.0872112526372173,0.017061879880031112,0.09477009970037564,0.4739693717619281,0.5531067823019005,0.1713414167621752
3,1,1,2,0,3.022702871496184,0.07140266289048489,5.7183837254734415,0.01810361336818152,0.9831565705737159,3.9955523946507148,0.6543002439807616,122.99434045091238,10329046056.18302,0.0,0.17434872668619417,0.17140145345692925,0.16799340961881704,0.13034572252779072,3429758.920068559,0.014110892837677825,0.07944044264264583,0.013893469669401842,0.17140145345692925,0.33874446654705825,1.0,0.17140145345692925
5,2,1,1,2,4.797845415147826,0.05246582030723366,6.5169414492083995,0.0015375039301228069,7.70325710753489,19.14380411042385,0.3455381063440224,101.34151225776723,15718219419.946693,0.0,0.097867193644252,0.17145856530481482,0.18926865430398682,0.12214225872933619,125235.08862811213,0.017911311751021036,0.095825677533247,0.017473638832834468,0.17145856530481482,0.38624993976628075,1.0,0.17145856530481482
5,2,1,1,2,4.797845415147826,0.05246582030723366,6.5169414492083995,0.0015375039301228069,7.70325710753489,19.14380411042385,0.3455381063440224,101.34151225776723,15718219419.946693,0.0,0.097867193644252,0.17145856530481482,0.18926865430398682,0.12214225872933619,125235.08862811213,0.017911311751021036,0.095825677533247,0.017473638832834468,0.17145856530481482,0.38624993976628075,1.0,0.17145856530481482
4,2,1,1,0,2.9859714603495546,0.02416130377259975,3.939513793003199,0.06317632323315316,1.3059428640306847,7.197958038646585,0.690697208281397,62.93280087502396,10254571269.045551,0.0014655848110281435,0.1687908186151078,0.17162670673315114,0.17209559608496117,0.11409640685786382,239712.17666097835,0.014808447095919053,0.08334571200810714,0.01457971635603294,0.07299455061277922,0.9477610001637635,0.4253099765310576,0.17162670673315114
3,1,0,2,0,4.951736013916636,0.061043310873373335,2.6880612838092555,0.002325535933988209,9.483565910065789,6.969818052189375,0.03148037161747485,127.91585108404304,12740799573.14928,0.0,0.14514575372890837,0.17177219153814663,0.1869420442355893,0.12849899388240987,1208313.8449686267,0.017473663951490515,0.09480966107751565,0.017001051330045022,0.17177219153814663,0.3384261093867618,1.0,0.17177219153814663
3,1,0,2,0,1.318935764495838,0.016474877318300926,8.392235341741063,0.018722208437385666,4.9324210794833165,2.9702187970298475,0.5508214688120279,129.14894041152186,11535138202.147188,0.0,0.17242718375457083,0.17179544833819327,0.1698045775971617,0.12011964477711491,77760.33491373523,0.014416797286475252,0.07953080583795002,0.014241923691326618,0.17179544833819327,0.606413186674413,1.0,0.17179544833819327
3,1,0,2,0,1.318935764495838,0.016474877318300926,8.392235341741063,0.018722208437385666,4.9324210794833165,2.9702187970298475,0.5508214688120279,129.14894041152186,11535138202.147188,0.0,0.17242718375457083,0.17179544833819327,0.1698045775971617,0.12011964477711491,77760.33491373523,0.014416797286475252,0.07953080583795002,0.014241923691326618,0.17179544833819327,0.606413186674413,1.0,0.17179544833819327
3,1,0,2,0,1.318935764495838,0.016474877318300926,8.392235341741063,0.018722208437385666,4.9324210794833165,2.9702187970298475,0.5508214688120279,129.14894041152186,11535138202.147188,0.0,0.17242718375457083,0.17179544833819327,0.1698045775971617,0.12011964477711491,77760.33491373523,0.014416797286475252,0.07953080583795002,0.014241923691326618,0.05802992292014266,0.606413186674413,0.33778498488450087,0.17179544833819327
3,0,0,2,0,1.8544782559636916,0.09209513937450219,5.936380393296719,0.004613501587037986,0.8813328682248162,4.864129880275394,0.3480732265421474,126.91532854602987,10848137376.855831,0.0,0.13243585528495022,0.1718059557356005,0.1876935394504175,0.1340507608637159,1456223.6060147518,0.017614432375712717,0.09527865639424993,0.01729161711693119,0.014566354575426798,0.40826735467281755,0.08478375800803775,0.1718059557356005
3,2,0,2,0,4.223163314627556,0.033091569123343524,5.392073731674544,0.03319709059973118,0.8190189163474688,5.626423129674233,0.7851797475910856,127.18467475330216,9535693686.366827,0.0006791400066132419,0.17205079875215012,0.17189001809684462,0.17007516618696086,0.12433351153059409,2752347.7757239663,0.01446278107676118,0.08136157093096807,0.014113996494242208,0.10033602151473887,0.4522085291644938,0.5837222115958387,0.17189001809684462
4,2,0,2,0,2.018684413002869,0.08705471042239112,5.3955517983104615,0.007178129824637474,0.8886285454855899,2.3594165536580474,0.8380859509342918,113.10097468196409,12190529175.731268,0.0,0.14779688115192446,0.17203740525466996,0.18692343102732642,0.13253382059798632,1659986.9930757515,0.017470184533513827,0.09778271194341137,0.01712097065416275,0.29447386135308096,0.37518738282618364,1.711685089165151,0.17203740525466996
4,2,0,2,0,2.9269646176267514,0.08775384273249731,8.480308144449465,0.01129433662159097,3.5781157721795736,3.224319007406232,0.6716811481788767,125.30377190920964,13063491624.216537,0.0,0.17331923159582655,0.17211877544839013,0.1695901099863221,0.14092836051288435,3329735.7210199293,0.014380402702586413,0.07794512661688147,0.0142083470682888,0.16019194789929325,0.37382598550723367,0.9307058307960531,0.17211877544839013
3,1,0,2,0,4.402132493676552,0.07557872694358715,9.682355275728016,0.006139192466370931,8.572549215917793,5.335960092475487,0.5068454157060057,105.46434463042675,11850873382.369265,0.0,0.13144584175370438,0.17218342410152537,0.1883053945667097,0.14695560357223192,2207141.033332654,0.017729460811462112,0.09330147183127657,0.017440112037850536,0.013209056742634638,0.3684219909704786,0.07671503114519383,0.17218342410152537
3,1,1,2,0,2.2766972251657744,0.04935503942570712,8.02352781742315,0.009625270012612003,2.337946112120135,2.681259340280298,0.6602201623305735,107.23701178189886,12348715873.101055,0.0,0.1329521898935614,0.17251816041710993,0.1888578229219753,0.13233228882522544,2082083.139523618,0.01783363863941409,0.08899439013564336,0.01742212916159345,0.012072166926308744,0.3800007307920998,0.06997620944439108,0.17251816041710993
3,1,0,2,0,3.9525650304546605,0.07641985140721409,9.203468581892002,0.009182659710336088,8.947162260986094,7.626756221810788,0.0476846345595081,122.87264938988287,13234341413.168219,0.0,0.14742614214598904,0.1725373299093893,0.18784462024203225,0.13980328200504247,2089412.2326425007,0.017642800676936653,0.09231911125031267,0.017256536643188575,0.23989509247274368,0.39703068830869676,1.390395299375088,0.1725373299093893
3,1,0,2,0,3.9525650304546605,0.07641985140721409,9.203468581892002,0.009182659710336088,8.947162260986094,7.626756221810788,0.0476846345595081,122.87264938988287,13234341413.168219,0.0,0.14742614214598904,0.1725373299093893,0.18784462024203225,0.13980328200504247,2089412.2326425007,0.017642800676936653,0.09231911125031267,0.017256536643188575,0.1725373299093893,0.39703068830869676,1.0,0.1725373299093893
3,1,0,2,0,2.180680759807618,0.06887783940779443,9.331292225376334,0.009298789084131993,5.1164583090537485,5.22556370073355,0.3104948822353597,93.75998242671974,14649143821.987885,0.0,0.1975539275099293,0.17268531685261299,0.15446435370179232,0.1301740854672796,4393737.268869032,0.011929618282256202,0.06637067726476142,0.011840534895065626,0.17268531685261299,0.3669240850327458,1.0,0.17268531685261299
3,1,0,2,0,2.061796990773694,0.04403232227737708,5.145311029614361,0.003971195649713097,2.4726433075475747,5.250629194602904,0.36818757790816137,119.67632561777091,13640978352.04393,0.0,0.15187619703561905,0.17289185183344935,0.18617275761967098,0.1456366485738536,2838233.960299028,0.01733014783985638,0.09793677894589148,0.017042444591662997,0.17289185183344935,0.363886138703286,1.0,0.17289185183344935
3,1,1,2,0,2.274560105833477,0.04937975365142589,8.024152242488729,0.009627054436473893,2.3390450858915237,2.6799157092711354,0.6603277647732082,107.28182258508119,12349711241.194328,0.0,0.13209065436621287,0.17310302652103032,0.18953658566501938,0.13243597033280105,2065684.5494948956,0.017962058652776617,0.08988586109628738,0.01754389811541764,0.17310302652103032,0.3799670853152998,1.0,0.17310302652103032
3,1,0,2,0,0.6414600219142501,0.013905285455446264,1.2056503046640676,0.011251609904676435,1.8210200207858416,2.589952678937487,0.6483524125203494,113.6202590785625,14891567131.462793,0.0,0.20097818466808504,0.1736036609041266,0.153289107853774,0.09964916220162733,91481.00613724133,0.011748775293302979,0.06534896976821725,0.011558497505878704,0.1736036609041266,0.6511041667867252,1.0,0.1736036609041266
3,1,0,2,0,0.6414600219142501,0.013905285455446264,1.2056503046640676,0.011251609904676435,1.8210200207858416,2.589952678937487,0.6483524125203494,113.6202590785625,14891567131.462793,0.0,0.20097818466808504,0.1736036609041266,0.153289107853774,0.09964916220162733,91481.00613724133,0.011748775293302979,0.06534896976821725,0.011558497505878704,0.1736036609041266,0.6511041667867252,1.0,0.1736036609041266
5,1,0,2,0,1.0588356486673838,0.03338559586825122,5.022197594570759,0.014290845500300237,1.5635330328619765,16.720670767290216,0.535324163449415,113.03872281319374,12181377782.15764,0.0,0.20460626312008687,0.17369661643246284,0.15125190864179175,0.12493034920567746,3320430.484810719,0.011438569933892457,0.06383892149979886,0.011344766428832217,0.17369661643246284,0.36948540479961395,1.0,0.17369661643246284
3,1,0,2,0,3.3536932023438517,0.07096271572122904,8.19264812059457,0.006618229931163787,9.814156255180857,6.299892400236627,0.5917811999191495,115.25060100562683,12122006256.17189,0.0,0.14957796101146864,0.17388908223025284,0.18914588105428395,0.149356947439408,2519847.549058975,0.017888082159900665,0.09483562351085972,0.017597897527352996,0.17388908223025284,0.3707016003506095,1.0,0.17388908223025284
3,1,0,2,0,1.0948109132258361,0.08960423962075303,2.2788081253994372,0.005159751716920771,0.5039325649716545,1.702697193681929,0.3879245619268973,115.46063563744022,9263864584.834526,0.0,0.08130682108580178,0.17390419605660248,0.19317317976811718,0.13478208210183742,863339.427351741,0.018657938690862658,0.09417510529739348,0.018296151726591783,0.17390419605660248,0.3513447155629386,1.0,0.17390419605660248
3,1,0,2,0,1.0948109132258361,0.08960423962075303,2.2788081253994372,0.005159751716920771,0.5039325649716545,1.702697193681929,0.3879245619268973,115.46063563744022,9263864584.834526,0.0,0.08130682108580178,0.17390419605660248,0.19317317976811718,0.13478208210183742,863339.427351741,0.018657938690862658,0.09417510529739348,0.018296151726591783,0.17390419605660248,0.3513447155629386,1.0,0.17390419605660248
3,1,0,2,0,3.3190224642109354,0.06485396732294021,5.899487072159245,0.004534350939177269,6.0167865186947775,5.777283901968176,0.026332331136331266,124.66754481280688,12753425213.14071,0.0,0.13517145960370697,0.17408585826142267,0.19004028391508646,0.1487266560890055,2323320.974264045,0.018057654755263334,0.09780322431301347,0.017753418745313936,0.10274942106643022,0.41352391601986493,0.5902226757105832,0.17408585826142267
3,1,0,2,0,3.3190224642109354,0.06485396732294021,5.899487072159245,0.004534350939177269,6.0167865186947775,5.777283901968176,0.026332331136331266,124.66754481280688,12753425213.14071,0.0,0.13517145960370697,0.17408585826142267,0.19004028391508646,0.1487266560890055,2323320.974264045,0.018057654755263334,0.09780322431301347,0.017753418745313936,0.17408585826142267,0.41352391601986493,1.0,0.17408585826142267
3,1,0,2,0,3.3190224642109354,0.06485396732294021,5.899487072159245,0.004534350939177269,6.0167865186947775,5.777283901968176,0.026332331136331266,124.66754481280688,12753425213.14071,0.0,0.13517145960370697,0.17408585826142267,0.19004028391508646,0.1487266560890055,2323320.974264045,0.018057654755263334,0.09780322431301347,0.017753418745313936,0.17408585826142267,0.41352391601986493,1.0,0.17408585826142267
5,1,1,1,1,1.140412537746293,0.02226918409407295,9.542970006093991,0.04160961119501437,1.9662926482564564,4.033559742626368,0.1536719555277682,117.13983737943667,14370427023.068554,0.0009789708651361914,0.09384290325255373,0.17422844839607626,0.19225136406086438,0.1284694598768196,985450.2693615782,0.018480293491631508,0.10397258214264526,0.017914326549648057,1.0,0.47485666733677934,30.679011517436653,0.17422844839607626
3,1,1,2,0,0.5392756191489657,0.03708836704809566,1.6865562402262453,0.004024892193101229,0.15924827335121194,5.970457008640272,0.4905289794976375,116.02348584169417,14960833107.611313,0.0,0.17953827785659282,0.17426081583449282,0.1677327913553178,0.11384720827392725,885539.3971473917,0.014067144647923285,0.07187726536650141,0.013814997944437322,0.17426081583449282,0.3397067919874504,1.0,0.17426081583449282
3,1,0,2,0,0.2927944786530897,0.05140268387906185,4.510470810774536,0.027760571666951873,2.201982617635731,4.796454365080009,0.6407489127176487,128.68920875220797,9209124493.548616,0.0005441585439443258,0.1378868105390179,0.1747307581737272,0.19038720925594152,0.13162002027105252,2296972.6238828544,0.01812364472413283,0.10202215086038724,0.017638164921398535,0.1747307581737272,0.49799874380510145,1.0,0.1747307581737272
3,1,0,2,0,0.26476712628057064,0.0528894988079272,4.40583396613871,0.028696251815960545,2.5553742527846697,5.095565009243504,0.6550140217166868,129.46642552165508,9295441639.89567,0.0005681328120261444,0.14545909822878506,0.1747726071484887,0.19005613635162055,0.1309357587071242,2102906.798531295,0.01806066748245289,0.10097805928098658,0.01757519518222964,0.1747726071484887,0.5041821643538584,1.0,0.1747726071484887
3,1,0,2,0,3.340082546169566,0.034391823737581304,1.9381558299508757,0.02842942713018399,1.4423333962873655,5.053908432042921,0.5843812042433192,106.15055603836925,10169786010.5044,0.0005576647942668526,0.1483972793231091,0.1748086843119602,0.18990068669413754,0.14806024045953053,2702654.848656049,0.01803113540345249,0.10143359771230442,0.017662159282142997,0.1748086843119602,0.3411107619937511,1.0,0.1748086843119602
3,1,0,2,0,4.15323124045288,0.08671166682811735,4.587205000562978,0.04109110208462866,1.8152413331247954,6.895320210591134,0.3830508294753457,117.70254601299662,9317353286.45022,0.0007476427374254207,0.1468503672258824,0.17481648586733523,0.19025588230075857,0.14210701000426354,2212101.9380631614,0.018098650375020047,0.09703070063290609,0.017669487138003193,0.09220352907037285,0.3738571509647892,0.5274304000158445,0.17481648586733523
3,1,0,2,0,0.2631450463361076,0.05290643174262669,4.409075264401971,0.028664479987360846,2.5602239648946528,5.098219859060236,0.6546270882482051,129.4862955544304,9293126066.405708,0.0005681337690525074,0.14583857179917054,0.17506228621242778,0.19034844060090078,0.13118122120508638,2105203.622280006,0.018116264419597326,0.1013673978144739,0.017628845938125925,0.01102846111012211,0.504229219928153,0.06299735567682305,0.17506228621242778
3,1,0,2,0,0.26415659852028134,0.05289882373337599,4.409772449537113,0.028672554201564754,2.5589534056745182,5.09491361778348,0.6548310632425265,129.47473023117288,9294208790.575752,0.0005681746903981137,0.1458970875233918,0.17510939530782046,0.19039572066138213,0.1312356767429177,2105908.39724386,0.018125265223083525,0.10143830216643779,0.017637674575984096,0.010792569287156741,0.5042118477088193,0.06163329653548715,0.17510939530782046
5,1,0,2,0,1.742481120853185,0.06860999530701843,3.512941211270807,0.031347251773464445,2.8106608729472575,2.535739825498581,0.22540536542645054,69.3614972032898,15362019185.390247,0.0014268852485889384,0.17641413440060166,0.17514483693461907,0.17044449512377363,0.13546496536348593,3182215.7015734194,0.014525662958999045,0.07966371546199102,0.014304647725985685,1.0,0.4176133244836342,72.95095640554672,0.17514483693461907
3,1,0,0,0,3.7347877929074964,0.07838926195938191,6.121932367510463,0.022837301682246146,1.701805045431939,14.841248776002779,0.3330977705639338,127.11419028774515,9426849502.171043,0.0005650473067448437,0.14839931614001678,0.17521181148867626,0.19047469299590428,0.14852638144705252,2493318.8035103395,0.018140304335941992,0.09962682836719394,0.017838591160279766,0.17521181148867626,0.4010629474579844,1.0,0.17521181148867626
4,1,0,2,1,2.292571867157412,0.05766833241992191,3.5440912228232655,0.04784019222531572,0.914729187470931,5.3909985150874435,0.6501092311403016,90.11057686677715,15392335467.799284,0.0006251367573477278,0.1259821600374056,0.17522560585625271,0.19163501948992737,0.15514618744355388,2820399.2759260326,0.01836199034745242,0.10237263541143127,0.01807308529234365,0.17522560585625271,0.5072837712282955,1.0,0.17522560585625271
3,1,0,2,1,3.20942039268169,0.09263028015636882,7.4830656801571385,0.007976952118202329,5.219464213664028,3.781463979660332,0.3000679700342515,123.49907776799576,10600122437.55332,0.0,0.17264915128274144,0.17564992679139269,0.17352142127815223,0.14299104812743313,3288183.4895686735,0.015054841821194992,0.08360319239167713,0.014867054410600178,0.05195931017176844,0.3709632269622326,0.2958117382734633,0.17564992679139269
3,1,0,2,1,3.20942039268169,0.09263028015636882,7.4830656801571385,0.007976952118202329,5.219464213664028,3.781463979660332,0.3000679700342515,123.49907776799576,10600122437.55332,0.0,0.17264915128274144,0.17564992679139269,0.17352142127815223,0.14299104812743313,3288183.4895686735,0.015054841821194992,0.08360319239167713,0.014867054410600178,0.05195931017176844,0.3709632269622326,0.2958117382734633,0.17564992679139269
3,1,0,2,0,2.9775498540219916,0.07872984198273594,8.405438737252078,0.006443383797248734,2.6004936446502094,4.527338855540234,0.6530215752705201,124.14063398634025,10259833390.72239,0.0,0.12336473663480024,0.1756684460169014,0.19267763365938406,0.13797215221210035,1794449.5435181037,0.018562335256289905,0.0959220762374089,0.018121390245150453,0.011905710665025963,0.36771248300105375,0.06777375752433361,0.1756684460169014
2,2,0,1,1,4.169059800961485,0.09663331238991674,9.359519673641708,0.004033445782195202,4.5181816304192655,8.82404955472933,0.0974624338969296,106.31529307664387,17327531611.88328,0.0,0.18521785479364486,0.17589930966242953,0.16519094774184426,0.1296802818352036,3972272.7665248406,0.01364402460792436,0.07648770094845092,0.013468081329485529,0.02373706281772685,0.35356119058084234,0.13494687877559572,0.17589930966242953
3,0,0,2,0,1.8653628507402638,0.09216256768924468,5.939345843181872,0.004693871217149235,0.8740208138613726,4.890381462003014,0.3473543844895759,126.98204141147686,10842955122.958778,0.0,0.13504769064502703,0.17591765779296975,0.19202448389071816,0.13842359784020905,1473619.7512246063,0.01843670120674834,0.10045253786541108,0.01807987307911624,0.05514268859351249,0.4130544094601353,0.3134573827626085,0.17591765779296975
3,2,1,1,0,2.4742445967999775,0.06280731102733118,1.196615443941366,0.032267074027055136,1.257141222671781,2.022130283292813,0.5077334878067088,65.54473602988921,10915135132.488665,0.0013129964452854243,0.15860060180654556,0.1759651843732414,0.18435681006489438,0.14223417326730303,2870989.702567833,0.016993716708651768,0.09259773855320064,0.01670713114219568,0.24156712690754242,0.30972598728782674,1.372812058066851,0.1759651843732414
3,2,1,1,0,2.4742445967999775,0.06280731102733118,1.196615443941366,0.032267074027055136,1.257141222671781,2.022130283292813,0.5077334878067088,65.54473602988921,10915135132.488665,0.0013129964452854243,0.15860060180654556,0.1759651843732414,0.18435681006489438,0.14223417326730303,2870989.702567833,0.016993716708651768,0.09259773855320064,0.01670713114219568,0.24156712690754242,0.30972598728782674,1.372812058066851,0.1759651843732414
3,1,0,2,0,2.0662004222788153,0.04410077147647317,5.15215115159522,0.0040471457593490665,2.4238552362628383,5.241003170810547,0.3679585855543056,119.7920458091158,13620250617.839558,0.0,0.14967048403487154,0.17600020208234765,0.1911456799717976,0.14631577432441054,2700821.5991514144,0.018268335485940434,0.10258866260558186,0.017939216001169128,0.17600020208234765,0.3650188727492892,1.0,0.17600020208234765
3,1,0,2,0,4.015714246076733,0.0855322402254025,4.6027930439663765,0.04095724396259219,1.8051506541628464,6.779925867697898,0.39548181146336264,118.00851583077473,9213787071.998356,0.0007463287249595502,0.14370790953362966,0.17610613895735666,0.19183614102027524,0.14411287998214184,2273381.245080602,0.018400552500775463,0.09879991976804947,0.017980776010465004,0.09289961595774761,0.37431847390773054,0.527520599269074,0.17610613895735666
3,1,0,2,0,4.016010030678694,0.0855804552240469,4.618412340164813,0.04093567455609591,1.8075502376711676,6.743690289247868,0.3962078441689053,117.94944930219789,9216553985.217194,0.0007476273198770436,0.1433775315725101,0.17622058695245152,0.19198363375211122,0.14414766300380943,2269248.172230891,0.01842885781433239,0.09888357587629748,0.01800709668283302,0.17622058695245152,0.37480248626470597,1.0,0.17622058695245152
3,1,0,2,0,4.775884490069378,0.07743539954974077,3.5103318438444053,0.04144711473026217,0.6700842991268515,16.371281555021735,0.5253313739204579,114.5811726334186,14238363622.837086,0.001244090017425808,0.17145499819512766,0.1763237975131479,0.17499837430078,0.12813958214344773,2925441.656226391,0.015312215503957949,0.08601417031893066,0.014954872312920916,0.1763237975131479,0.42439955634329823,1.0,0.1763237975131479
3,1,0,2,0,4.775884490069378,0.07743539954974077,3.5103318438444053,0.04144711473026217,0.6700842991268515,16.371281555021735,0.5253313739204579,114.5811726334186,14238363622.837086,0.001244090017425808,0.17145499819512766,0.1763237975131479,0.17499837430078,0.12813958214344773,2925441.656226391,0.015312215503957949,0.08601417031893066,0.014954872312920916,0.1763237975131479,0.42439955634329823,1.0,0.1763237975131479
5,1,1,1,1,0.5192489455396142,0.08698033319759392,8.86578155282851,0.07818341498984402,9.342276573373876,11.451835354598002,0.12768610178745599,118.07650692623983,18111734567.97606,0.000639556811005464,0.1513425570800857,0.17642279176633657,0.19054146354914858,0.15003292204740135,2481966.5470143924,0.01815302466572576,0.10090797462527867,0.017840923951055278,0.17642279176633657,0.46511959433807887,1.0,0.17642279176633657
5,1,1,1,1,0.5192489455396142,0.08698033319759392,8.86578155282851,0.07818341498984402,9.342276573373876,11.451835354598002,0.12768610178745599,118.07650692623983,18111734567.97606,0.000639556811005464,0.1513425570800857,0.17642279176633657,0.19054146354914858,0.15003292204740135,2481966.5470143924,0.01815302466572576,0.10090797462527867,0.017840923951055278,0.17642279176633657,0.46511959433807887,1.0,0.17642279176633657
3,1,0,2,1,4.105003297103008,0.040295818091935366,2.873895884733702,0.020569869250029255,1.7144303900162312,9.76421268843756,0.6520704408858135,125.57160920193445,13757782859.004038,0.0009111388376190679,0.1264452996641371,0.17657949235327788,0.19308026915948429,0.1431411075919311,2166351.2208574535,0.018639995169349447,0.10413997652083828,0.018263137650781185,0.17657949235327788,0.3873152665017853,1.0,0.17657949235327788
3,1,0,2,0,3.5693160661921213,0.07977759118788107,5.836179091349618,0.005257417014235803,5.403670624643054,7.437490194730098,0.14078826003494993,118.2817174105845,9403555310.560589,0.0,0.12130146553181455,0.17680875391996784,0.1935932963300798,0.14649683498926216,2120219.7496606493,0.01873918219197304,0.10504839306421276,0.01838508157621597,0.17680875391996784,0.3749934289623627,1.0,0.17680875391996784
5,1,0,1,1,4.988714583106808,0.06664133341786942,0.9285905894701298,0.011299005855853951,0.5937756287509607,6.9963424661020515,0.4547579680428296,109.1521931959708,10318440283.822824,0.0,0.16077811000230746,0.17684495995323166,0.18343817967801135,0.12872393084032122,1711481.7006339442,0.01682478288179119,0.09466516361691213,0.016360117552981543,1.0,0.1579927182971822,6.6160348025584925,0.17684495995323166
4,2,1,1,2,1.6240344772510602,0.04724630009837065,9.380648839155613,0.004962654904771937,3.9264514180073404,8.918678598185785,0.7971808275148019,62.69004180398789,10262741284.979874,0.0,0.173930997447993,0.17685782830792032,0.17376891146808138,0.13993576058669288,3054415.481946681,0.01509781729640095,0.08504528089531371,0.014909305282227924,1.0,0.3755957091832124,6.903534592077034,0.17685782830792032
3,2,0,1,0,4.0541216533582105,0.0669605033791162,4.114832593647972,0.005078293256317171,6.812360792647499,12.488843956110072,0.05187480564881844,106.10506139262085,13914034442.600723,0.0,0.09700013081753028,0.17689741723640012,0.1952020899925955,0.1394700418603133,1652651.3019204726,0.019051927968738676,0.10346075606760963,0.018666936418294238,0.03636289861446948,0.385832422660361,0.20555923982697413,0.17689741723640012
3,1,0,2,0,0.834083127685822,0.0978443164175854,4.161277570956921,0.003787167825329895,7.704869031342874,9.693523196496091,0.17704968842971666,124.11995004561301,10660075945.187592,0.0,0.14685592375050463,0.17692302478834623,0.19231365391436245,0.1444255176938069,2601039.2796145384,0.018492270740946587,0.10378018473131179,0.018084627184607998,0.17692302478834623,0.3367839047116339,1.0,0.17692302478834623
2,2,0,1,0,3.161647944340165,0.09760024883874384,6.410905202204793,0.008132484552109428,1.097002113374766,1.754239683626749,0.10249392275231095,95.85742248134659,15625599023.770653,0.0,0.14961391977347221,0.17701543912849743,0.19242966276233514,0.14018798218102005,2577066.931544354,0.018514587555413013,0.100876008281366,0.018120424070393545,0.17701543912849743,0.3995296689350866,1.0,0.17701543912849743
3,1,1,2,1,1.1935353752737605,0.0874533534021819,6.366244730506059,0.013754199793330351,1.3400403522700297,8.951642481301429,0.234707762271096,111.5897531907822,14715735044.755873,0.0,0.22140558905928792,0.17705167136656805,0.14500350296447145,0.12491730455718612,4922563.991273984,0.01051300793598374,0.057355899579941916,0.010452076373735488,0.17705167136656805,0.3727306801627811,1.0,0.17705167136656805
3,1,0,2,1,4.333424148766892,0.06441013997062674,2.3738472383066966,0.04343863854064382,1.959124624679848,4.627124846297626,0.7678724896998823,113.72643991660127,9423025917.42462,0.0009366486116943381,0.1080517756235928,0.17707894477005554,0.1950815822175095,0.13896052027135217,1252904.3300202566,0.019028411860243462,0.09811181021961268,0.01865080288216067,0.17707894477005554,0.36439572313888197,1.0,0.17707894477005554
3,1,0,2,1,4.333424148766892,0.06441013997062674,2.3738472383066966,0.04343863854064382,1.959124624679848,4.627124846297626,0.7678724896998823,113.72643991660127,9423025917.42462,0.0009366486116943381,0.1080517756235928,0.17707894477005554,0.1950815822175095,0.13896052027135217,1252904.3300202566,0.019028411860243462,0.09811181021961268,0.01865080288216067,0.016715740784825846,0.36439572313888197,0.09439711088481999,0.17707894477005554
3,1,1,2,1,3.1839498331178855,0.038815927484915705,5.581231420117856,0.00446207232844463,5.4251278476876585,9.59118595431838,0.06709814004851736,96.3115356265515,17804597157.009266,0.0,0.1024311092185837,0.17743077359527631,0.1954596715374981,0.14654071571632624,1715211.3475862439,0.01910224159877332,0.10426770495070148,0.018732437953608856,0.17743077359527631,0.368891241478291,1.0,0.17743077359527631
3,1,1,1,1,2.7901274391953073,0.0800166762615079,4.192074334847959,0.03286478546737244,0.8059724011803391,2.8854249367488127,0.05099380897882741,117.08746308549618,12861915313.54345,0.0009607036533391714,0.1688792832688007,0.17746440698275998,0.18025639744491587,0.14537717203353945,4957256.890868966,0.016246184409909735,0.050591646708093796,0.015990166096300138,0.17746440698275998,0.4180558173241741,1.0,0.17746440698275998
3,1,1,1,1,2.7901274391953073,0.0800166762615079,4.192074334847959,0.03286478546737244,0.8059724011803391,2.8854249367488127,0.05099380897882741,117.08746308549618,12861915313.54345,0.0009607036533391714,0.1688792832688007,0.17746440698275998,0.18025639744491587,0.14537717203353945,4957256.890868966,0.016246184409909735,0.050591646708093796,0.015990166096300138,0.5461550824003643,0.4180558173241741,3.077547163885214,0.17746440698275998
5,2,1,1,1,3.6101430354806676,0.016108499952609524,7.03285554661395,0.007857208807292775,8.577441636905839,14.357929338218904,0.793376083973959,95.88288653347362,14279287951.10155,0.0,0.13453169540472715,0.17753467753793375,0.19357586921001943,0.1559951242446013,2794005.187688861,0.018735808570207277,0.10663627021341049,0.01837844495964818,0.17753467753793375,0.3853166870122546,1.0,0.17753467753793375
5,2,1,1,1,3.6101430354806676,0.016108499952609524,7.03285554661395,0.007857208807292775,8.577441636905839,14.357929338218904,0.793376083973959,95.88288653347362,14279287951.10155,0.0,0.13453169540472715,0.17753467753793375,0.19357586921001943,0.1559951242446013,2794005.187688861,0.018735808570207277,0.10663627021341049,0.01837844495964818,0.17753467753793375,0.3853166870122546,1.0,0.17753467753793375
5,2,1,1,1,3.6101430354806676,0.016108499952609524,7.03285554661395,0.007857208807292775,8.577441636905839,14.357929338218904,0.793376083973959,95.88288653347362,14279287951.10155,0.0,0.13453169540472715,0.17753467753793375,0.19357586921001943,0.1559951242446013,2794005.187688861,0.018735808570207277,0.10663627021341049,0.01837844495964818,0.1005133380450075,0.3853166870122546,0.5661617180312892,0.17753467753793375
3,1,0,2,1,2.8632751178528957,0.09841824151288248,0.944734820218195,0.0411756003794856,0.5536110989055615,9.255851401616198,0.5254951648311097,123.10448980376557,17799653988.79339,0.0007934976952943583,0.18826122992525712,0.177654294001968,0.1648949357748476,0.13998466211111366,3422467.2652933206,0.013595169922095555,0.07641057735687617,0.013452487872870955,0.177654294001968,0.20694325884035536,1.0,0.177654294001968
3,1,0,2,1,2.8632751178528957,0.09841824151288248,0.944734820218195,0.0411756003794856,0.5536110989055615,9.255851401616198,0.5254951648311097,123.10448980376557,17799653988.79339,0.0007934976952943583,0.18826122992525712,0.177654294001968,0.1648949357748476,0.13998466211111366,3422467.2652933206,0.013595169922095555,0.07641057735687617,0.013452487872870955,0.177654294001968,0.20694325884035536,1.0,0.177654294001968
3,1,0,2,1,2.8632751178528957,0.09841824151288248,0.944734820218195,0.0411756003794856,0.5536110989055615,9.255851401616198,0.5254951648311097,123.10448980376557,17799653988.79339,0.0007934976952943583,0.18826122992525712,0.177654294001968,0.1648949357748476,0.13998466211111366,3422467.2652933206,0.013595169922095555,0.07641057735687617,0.013452487872870955,0.177654294001968,0.20694325884035536,1.0,0.177654294001968
5,2,1,1,2,2.549444762928934,0.01773540069426967,8.281939266994797,0.007886353468833117,4.138539787558462,16.04859639711462,0.46825590631510655,75.02572642470432,18438281937.467224,0.0,0.12577097795975423,0.1776799739743023,0.19419378018707253,0.11794928167565667,864013.5915958206,0.01885561213167252,0.10767862621438617,0.018147962972246558,0.1776799739743023,0.36142719802057277,1.0,0.1776799739743023
5,2,1,1,2,2.549444762928934,0.01773540069426967,8.281939266994797,0.007886353468833117,4.138539787558462,16.04859639711462,0.46825590631510655,75.02572642470432,18438281937.467224,0.0,0.12577097795975423,0.1776799739743023,0.19419378018707253,0.11794928167565667,864013.5915958206,0.01885561213167252,0.10767862621438617,0.018147962972246558,0.1776799739743023,0.36142719802057277,1.0,0.1776799739743023
5,2,1,1,2,2.549444762928934,0.01773540069426967,8.281939266994797,0.007886353468833117,4.138539787558462,16.04859639711462,0.46825590631510655,75.02572642470432,18438281937.467224,0.0,0.12577097795975423,0.1776799739743023,0.19419378018707253,0.11794928167565667,864013.5915958206,0.01885561213167252,0.10767862621438617,0.018147962972246558,0.1776799739743023,0.36142719802057277,1.0,0.1776799739743023
3,1,0,2,0,3.138129557558676,0.021745073006712204,7.889974115518822,0.005501610413774857,1.9916479777870058,4.984300100063324,0.19157018555497107,110.38520252092019,10231868145.330408,0.0,0.11110259526476979,0.17769445992812982,0.19543698708298865,0.14494288283775694,1700894.403083642,0.019097807960038134,0.10126001492698156,0.01873171840920258,0.17769445992812982,0.37126585979853277,1.0,0.17769445992812982
3,1,0,2,0,1.1726831408252567,0.03496115500269839,6.472699221966476,0.006834622796444155,4.849659290460066,6.743786668834733,0.7887294777903436,79.95406422827364,14646671268.638268,0.0,0.10429419685661978,0.1778283051044867,0.19620144982853635,0.1373487564349744,678770.0640838596,0.01924750445740983,0.0975997536905866,0.018826452497842292,0.1778283051044867,0.48809815102184356,1.0,0.1778283051044867
5,1,1,1,1,0.1085611101319189,0.09310611814927557,4.880324320870355,0.06834111663755606,8.881218321880768,11.139363451949192,0.06516225054544746,115.94822594154391,13364353735.105396,0.0006489026411175792,0.1332293502867063,0.17791520742256028,0.19414364611996549,0.15144155321690392,2243929.4928816427,0.018845877664377193,0.10578693646070847,0.018494798831194342,0.17791520742256028,0.4675010386586638,1.0,0.17791520742256028
1,0,1,2,2,0.1259283580487359,0.015715701879579578,0.3957048665134556,0.07027886920310303,1.5606320450749973,2.360771873323475,0.18866692255642653,71.2302538376126,13849070126.779602,0.0,0.12691858454960855,0.1779297886474969,0.19445287359649902,0.14020777202755785,10617697.321023757,0.018905960024968013,0.10707237723487817,0.018507172495802828,0.1779297886474969,0.781000124464942,1.0,0.1779297886474969
4,2,1,1,2,3.4082760478209626,0.06682988176909599,4.586624067913628,0.03268335825014605,7.790896164686812,10.197417052319862,0.7014627645162258,65.17141465817124,14867700446.418163,0.0005604269468172887,0.12349387758330466,0.177948141052316,0.19461279087725603,0.1435518014372433,1428666.8988441944,0.018937069186517292,0.10811442936314586,0.018560173932588072,0.177948141052316,0.4875983017974113,1.0,0.177948141052316
4,1,0,1,0,2.004632498320992,0.04670927220951785,5.212430262175698,0.015147406603902498,2.704948401546151,8.344513428851881,0.36418193104785496,109.50116816290635,14871168106.271791,0.0,0.1739212378822854,0.1779490665668426,0.17488857906842842,0.1381920596942308,2690451.2726037223,0.01529300754428697,0.08585934955451369,0.015066696591379991,0.1779490665668426,0.3931519582688928,1.0,0.1779490665668426
3,1,0,2,0,3.099434186993049,0.08573785212042961,7.442952043506389,0.014193960175515982,2.494873997118676,7.660728724672005,0.22670715915790657,124.20346560637635,13315685635.991215,0.0,0.1568012526539705,0.17807034225255633,0.18803277557132086,0.13950649647406105,2401608.6976680886,0.01767816234452736,0.09604816744357303,0.017233013185432293,0.04113236680024529,0.3539058568954493,0.2309894296822738,0.17807034225255633
3,1,0,2,0,2.7435153118647273,0.07137490999791267,7.569264209917494,0.013206070483418757,2.1805033999907892,10.997741967856381,0.5506423014068454,122.75102560157478,18026021834.865376,0.0,0.1676507238628286,0.17812288921477346,0.1797368203734429,0.14238805361630294,2950496.730845382,0.01615266229897764,0.08819555970818316,0.015869239092122303,0.15922430859992587,0.3453049564435007,0.8939014480499446,0.17812288921477346
3,1,0,2,0,3.3013875378330773,0.035073446770909504,1.5830782783763515,0.02987277942659056,1.4249992905440723,4.747197362706792,0.6086789440500303,108.23233112947378,10140808018.5585,0.0005784149171829281,0.14865443192684868,0.1781510704194892,0.19358631333622453,0.15101240070386693,2609213.0382114234,0.01873783035555545,0.10466181939156327,0.018374854214670066,0.06463323546140796,0.32958888077460463,0.3628001521922783,0.1781510704194892
3,1,0,2,0,3.3013875378330773,0.035073446770909504,1.5830782783763515,0.02987277942659056,1.4249992905440723,4.747197362706792,0.6086789440500303,108.23233112947378,10140808018.5585,0.0005784149171829281,0.14865443192684868,0.1781510704194892,0.19358631333622453,0.15101240070386693,2609213.0382114234,0.01873783035555545,0.10466181939156327,0.018374854214670066,0.06463323546140796,0.32958888077460463,0.3628001521922783,0.1781510704194892
3,1,0,2,0,3.3013875378330773,0.035073446770909504,1.5830782783763515,0.02987277942659056,1.4249992905440723,4.747197362706792,0.6086789440500303,108.23233112947378,10140808018.5585,0.0005784149171829281,0.14865443192684868,0.1781510704194892,0.19358631333622453,0.15101240070386693,2609213.0382114234,0.01873783035555545,0.10466181939156327,0.018374854214670066,0.1781510704194892,0.32958888077460463,1.0,0.1781510704194892
3,1,0,2,0,2.1180959990205057,0.051918144327572496,6.851426250807972,0.009385252094234336,2.6250335931496207,1.9761200977426783,0.38423665553890285,94.72443184929716,9645029725.27266,0.0,0.14059544847517713,0.17835903171666212,0.1946408684826518,0.14447040766551825,2193423.5264809453,0.01894253384184048,0.09874788781114496,0.01852079284091132,0.17835903171666212,0.3859456694518234,1.0,0.17835903171666212
3,1,0,2,0,2.1180959990205057,0.051918144327572496,6.851426250807972,0.009385252094234336,2.6250335931496207,1.9761200977426783,0.38423665553890285,94.72443184929716,9645029725.27266,0.0,0.14059544847517713,0.17835903171666212,0.1946408684826518,0.14447040766551825,2193423.5264809453,0.01894253384184048,0.09874788781114496,0.01852079284091132,0.010916514408691666,0.3859456694518234,0.06120527961843525,0.17835903171666212
3,1,0,2,1,4.519636957114137,0.06780016366073172,1.6760812687350721,0.03283964502550304,1.3448926715507667,7.8825350731230746,0.45028526044301953,124.61895806516483,10864376832.959835,0.0007046914908606007,0.13378300532413118,0.17844270575951746,0.19464646180664816,0.14942989125282824,2268252.6310326494,0.018943622546923472,0.10713763660627618,0.018585547698319434,0.1606176089573785,0.34165562162821006,0.9001074505888665,0.17844270575951746
3,1,0,2,0,1.9267765293036725,0.06498369449087119,9.199907483626957,0.00706892925828074,4.421833068640267,3.2179955674048526,0.4210883725373792,117.27605272290745,15971392482.657085,0.0,0.1955447551489557,0.17845326684461385,0.1610554576624204,0.12851105719645517,3985984.998917083,0.012969430221425849,0.07259960254666009,0.012797472069878926,0.17845326684461385,0.368289197094422,1.0,0.17845326684461385
3,1,0,2,0,1.9267765293036725,0.06498369449087119,9.199907483626957,0.00706892925828074,4.421833068640267,3.2179955674048526,0.4210883725373792,117.27605272290745,15971392482.657085,0.0,0.1955447551489557,0.17845326684461385,0.1610554576624204,0.12851105719645517,3985984.998917083,0.012969430221425849,0.07259960254666009,0.012797472069878926,0.17845326684461385,0.368289197094422,1.0,0.17845326684461385
4,2,0,2,0,0.13345738978188953,0.08168819117729018,5.6843933722255535,0.07563209977616117,8.683867091956587,13.343047021058114,0.3764152962320614,116.13787842595866,9653907133.91042,0.0006466697765728528,0.13771695527733657,0.1785755828253678,0.19487126833906093,0.1421750237444693,2339436.7792795133,0.018987405612037146,0.10199573385394656,0.01853920660429841,0.1785755828253678,0.5184114604268518,1.0,0.1785755828253678
4,2,0,2,0,0.13345738978188953,0.08168819117729018,5.6843933722255535,0.07563209977616117,8.683867091956587,13.343047021058114,0.3764152962320614,116.13787842595866,9653907133.91042,0.0006466697765728528,0.13771695527733657,0.1785755828253678,0.19487126833906093,0.1421750237444693,2339436.7792795133,0.018987405612037146,0.10199573385394656,0.01853920660429841,1.0,0.5184114604268518,6.2127502637252165,0.1785755828253678
3,1,0,2,0,4.747718893786667,0.07607063134147715,4.030439610708874,0.007552032280546244,6.576122332214966,2.092745353440535,0.0804551483639102,114.403882233373,14427564606.042244,0.0,0.15325996354937493,0.17879728221262858,0.1915527016178784,0.15080417721651757,2722485.7155018263,0.018346218748553977,0.10191394378255525,0.01805006536463974,0.12294610077103114,0.3877500264968234,0.6876284653187383,0.17879728221262858
3,1,0,2,0,4.747718893786667,0.07607063134147715,4.030439610708874,0.007552032280546244,6.576122332214966,2.092745353440535,0.0804551483639102,114.403882233373,14427564606.042244,0.0,0.15325996354937493,0.17879728221262858,0.1915527016178784,0.15080417721651757,2722485.7155018263,0.018346218748553977,0.10191394378255525,0.01805006536463974,0.17879728221262858,0.3877500264968234,1.0,0.17879728221262858
3,1,0,2,0,2.820086588450409,0.04436212037055758,3.134321777910421,0.004970726690988813,2.758047837675908,10.662261374609422,0.5018895049863921,84.23969416789097,17887102930.097908,0.0,0.11279565642045769,0.17891556194014208,0.19635702147465117,0.1439174138346554,1915245.6615240609,0.01927803994119831,0.10816817737211548,0.018853673393283966,0.17891556194014208,0.35324576249556033,1.0,0.17891556194014208
3,2,1,1,0,2.4516123652991864,0.06265709540750096,1.0056339950668767,0.03160107592134523,1.1707444420170745,2.424360300757378,0.5299676240852199,64.8503888374584,10953814250.980019,0.00131308296826185,0.15670474384553296,0.17893336977378327,0.1890702550330642,0.14293688007307423,2786432.2842603414,0.01787378066913397,0.09642509718134595,0.017550886673294533,0.5392682249077471,0.23759030351813298,3.0137934896633176,0.17893336977378327
3,1,0,2,0,1.492022599925792,0.0180340344991479,0.5342332055402099,0.011309627459308655,0.7069193478541247,6.757018406402218,0.5907335679339628,122.97088018005715,14835980268.20948,0.0,0.15134531591129896,0.17917871208460434,0.19352820891618638,0.1511990735198524,2621263.214518495,0.01872658382315354,0.10434185029138099,0.01840435140041103,0.17917871208460434,0.20249073790245037,1.0,0.17917871208460434
3,0,0,2,0,3.390357011800832,0.06969877717258384,2.9552704380661377,0.005397995039034503,0.14188885134610946,6.791689935988808,0.6063051938572509,127.10733747847495,10832629387.363691,0.0,0.16551301511811994,0.17945927528930528,0.18273552405005788,0.1410566081498769,2995184.6373246326,0.016696135874924644,0.09076864295439036,0.016387150614434902,0.17945927528930528,0.360025882554444,1.0,0.17945927528930528
4,2,1,1,0,1.8870531216381896,0.028845447888945084,6.576593821550176,0.004031051308421244,3.784826433656941,7.029341781130739,0.6727672693633688,82.30316880372948,10182590664.597813,0.0,0.1462483035301641,0.1796953651057024,0.19546538108384454,0.14811970100375896,2252685.7400427395,0.019103357601126286,0.10564416255739995,0.01873179945969996,1.0,0.38737597195687723,53.970024692160344,0.1796953651057024
5,1,1,2,1,4.973571028040556,0.06664240993128208,0.9341434179189955,0.010661954510501946,0.5535277634057572,6.941342189843042,0.4513166883412845,109.63232186815323,10283127327.10792,0.0,0.1744898266500502,0.17974680785025793,0.17629336033541396,0.12149148548133233,1410887.964429915,0.015539674449176056,0.08718136523249898,0.015159748356486681,0.17974680785025793,0.1591202369197561,1.0,0.17974680785025793
3,1,0,2,0,3.273175391340482,0.03344847073032641,1.4597675705361979,0.026381318824456303,1.2734335390928746,4.452538561590668,0.6016253540011237,109.24668965350726,10228028587.579071,0.0005799143427089868,0.14522189926370793,0.17982561407622882,0.19562952583418022,0.15168141213260458,2493770.4206989864,0.01913545568905309,0.10645298739075182,0.018772085499618757,0.018044309839956967,0.33447340898908623,0.10034337951604552,0.17982561407622882
5,1,0,2,0,1.7374746010046507,0.02710775041300096,6.082755752718384,0.031347251773464445,2.7266173815166814,2.535739825498581,0.22540536542645054,69.3614972032898,15310623979.232683,0.0014268852485889384,0.1861668923919212,0.1798298310306573,0.16844058371500453,0.13873812992208545,3397741.419636537,0.014186115121125725,0.0782017259927612,0.013990911234170374,0.1798298310306573,0.4656744429120583,1.0,0.1798298310306573
3,1,0,2,0,2.3742299066788743,0.03866005357941434,6.292325404481402,0.006868193096725628,2.4839137824608306,5.252574219242353,0.6293064751554909,92.18183495875309,10033767396.987656,0.0,0.11571549104895262,0.17987385928338911,0.19744820548016906,0.13641392609115596,793389.1946086304,0.01949289692366953,0.10564930453228583,0.019030817469669146,0.11826472147396509,0.4967507740077034,0.6574869852969599,0.17987385928338911
3,1,0,2,0,2.3742299066788743,0.03866005357941434,6.292325404481402,0.006868193096725628,2.4839137824608306,5.252574219242353,0.6293064751554909,92.18183495875309,10033767396.987656,0.0,0.11571549104895262,0.17987385928338911,0.19744820548016906,0.13641392609115596,793389.1946086304,0.01949289692366953,0.10564930453228583,0.019030817469669146,0.11826472147396509,0.4967507740077034,0.6574869852969599,0.17987385928338911
2,2,0,1,0,3.3365459300355313,0.08581357753033285,8.625088146818138,0.005905981044191153,1.613303273234246,2.683940479676666,0.045110181568780265,118.31580575671508,13426403048.904617,0.0,0.14176028244871358,0.17992683208663757,0.19596296637186736,0.14460172721664943,2449824.9194613076,0.019200742094630806,0.10620518886766162,0.01877570076263301,0.17992683208663757,0.39922378700121286,1.0,0.17992683208663757
2,2,0,1,0,3.3365459300355313,0.08581357753033285,8.625088146818138,0.005905981044191153,1.613303273234246,2.683940479676666,0.045110181568780265,118.31580575671508,13426403048.904617,0.0,0.14176028244871358,0.17992683208663757,0.19596296637186736,0.14460172721664943,2449824.9194613076,0.019200742094630806,0.10620518886766162,0.01877570076263301,0.17992683208663757,0.39922378700121286,1.0,0.17992683208663757
2,2,0,1,0,3.3365459300355313,0.08581357753033285,8.625088146818138,0.005905981044191153,1.613303273234246,2.683940479676666,0.045110181568780265,118.31580575671508,13426403048.904617,0.0,0.14176028244871358,0.17992683208663757,0.19596296637186736,0.14460172721664943,2449824.9194613076,0.019200742094630806,0.10620518886766162,0.01877570076263301,0.17992683208663757,0.39922378700121286,1.0,0.17992683208663757
3,1,1,0,0,4.969886713444569,0.09527094502699704,2.8635292036968196,0.020990576811519418,2.417949280560263,1.6322309303860405,0.5287243784034069,119.69546527738265,9742231862.227715,0.0006180823650046761,0.1411606074954963,0.18005377693123342,0.19629580955902165,0.14980066149940313,2309817.249486018,0.01926602242521585,0.10362014620058868,0.01891037792306935,0.18005377693123342,0.36534955201487296,1.0,0.18005377693123342
3,1,1,2,1,2.943582345756628,0.07356313516975066,4.214715111852434,0.010912790151398753,0.6648959226627801,7.538467019937025,0.598961768994455,128.68796510412312,12773990751.91582,0.0,0.13167487452978466,0.1800834999494343,0.1972869143624896,0.148467622132787,1695257.9069724295,0.019461063289336153,0.09665651700724176,0.019109598789489986,0.1800834999494343,0.34696227686433734,1.0,0.1800834999494343
3,1,1,2,1,2.943582345756628,0.07356313516975066,4.214715111852434,0.010912790151398753,0.6648959226627801,7.538467019937025,0.598961768994455,128.68796510412312,12773990751.91582,0.0,0.13167487452978466,0.1800834999494343,0.1972869143624896,0.148467622132787,1695257.9069724295,0.019461063289336153,0.09665651700724176,0.019109598789489986,0.1800834999494343,0.34696227686433734,1.0,0.1800834999494343
5,1,0,2,1,3.384610551384943,0.06554630296548954,1.9347115405722934,0.08188914506030054,1.7911276588552036,2.2486756481054955,0.36804322009046286,79.55715669555597,14806082444.901009,0.0009266827266234672,0.1465986460415592,0.18011085724141734,0.19571225157198693,0.1522989848401594,2650327.724435001,0.01915164270768835,0.10935857935532212,0.018775270965930433,0.7394106667308129,0.3544852848050041,4.105308686303792,0.18011085724141734
4,2,0,2,0,2.9754858951398715,0.0908610970174461,8.333602100707017,0.01444013045609445,3.340273240626889,3.0874962775246004,0.6749202938866248,126.19745361809275,12729172106.877165,0.0,0.17175306557692321,0.18011792002309365,0.17884709589506365,0.140359694441662,2770417.283056837,0.015993141855049048,0.08585294448336234,0.015704945208871116,0.18011792002309365,0.3783511503252752,1.0,0.18011792002309365
3,1,0,2,0,1.7978596473770219,0.022769803245390286,6.379129440190671,0.003811473610489673,5.240244865530634,6.746089619636606,0.8218001707858791,86.08141847673416,12173101528.13794,0.0,0.15992392760896926,0.18018276906945022,0.18765960673278154,0.1443459379507787,2920788.3169540497,0.017608063999551112,0.09832206847229319,0.01731303206528409,0.18018276906945022,0.3599604410293711,1.0,0.18018276906945022
3,1,0,2,0,3.2602328471544766,0.03974763511971482,2.4698093716657037,0.020558150101350904,2.4886402420506846,4.593013412269926,0.28499197807378635,127.31747213568694,12643940343.16064,0.0008344811036968976,0.131103216239204,0.18032065950767953,0.19695546556639684,0.15024389066474714,2155777.0673870225,0.019395727708238063,0.10767133157740261,0.019008414804517013,0.18032065950767953,0.36218136070779333,1.0,0.18032065950767953
3,1,0,2,0,3.2602328471544766,0.03974763511971482,2.4698093716657037,0.020558150101350904,2.4886402420506846,4.593013412269926,0.28499197807378635,127.31747213568694,12643940343.16064,0.0008344811036968976,0.131103216239204,0.18032065950767953,0.19695546556639684,0.15024389066474714,2155777.0673870225,0.019395727708238063,0.10767133157740261,0.019008414804517013,0.04904340117961047,0.36218136070779333,0.2719788254629903,0.18032065950767953
3,1,0,2,0,3.2602328471544766,0.03974763511971482,2.4698093716657037,0.020558150101350904,2.4886402420506846,4.593013412269926,0.28499197807378635,127.31747213568694,12643940343.16064,0.0008344811036968976,0.131103216239204,0.18032065950767953,0.19695546556639684,0.15024389066474714,2155777.0673870225,0.019395727708238063,0.10767133157740261,0.019008414804517013,0.18032065950767953,0.36218136070779333,1.0,0.18032065950767953
3,1,0,2,1,2.7663840127231376,0.09805997303473793,0.5644943357963618,0.03865255873967298,0.4991665029637256,9.346396716983884,0.5359816534444154,122.94945763441454,18096439135.94434,0.000775891198133926,0.1608850210936078,0.18035589986441994,0.18699211763158194,0.14369257355538964,2738235.0788089223,0.01748302602817169,0.09938257122816418,0.017079060809857317,0.18035589986441994,0.24963342603127978,1.0,0.18035589986441994
3,2,0,1,0,3.3298903342570925,0.06490650757214617,4.491211738178565,0.004465265784335789,2.771051479930085,12.479250915277438,0.19978838183706515,116.04045124688565,13589063209.567371,0.0,0.11241432353937844,0.18051504178171054,0.19819407888231552,0.14418751853945552,1898630.7300460264,0.019640446452004755,0.108946724643464,0.01922508763297173,0.18051504178171054,0.36451188240553134,1.0,0.18051504178171054
3,2,0,1,0,3.3298903342570925,0.06490650757214617,4.491211738178565,0.004465265784335789,2.771051479930085,12.479250915277438,0.19978838183706515,116.04045124688565,13589063209.567371,0.0,0.11241432353937844,0.18051504178171054,0.19819407888231552,0.14418751853945552,1898630.7300460264,0.019640446452004755,0.108946724643464,0.01922508763297173,1.0,0.36451188240553134,19.04197124084358,0.18051504178171054
4,2,0,2,0,0.5768085251319572,0.0833469702236064,6.70481092819942,0.08883229848023365,8.72533661130616,13.006449601774895,0.3153187689091272,128.29905287794674,13485942640.25898,0.0005674241000340313,0.15028245501819776,0.1810097377940045,0.19677746322436837,0.13643042726653923,2445006.135868188,0.01936068501650882,0.10124918826803497,0.018878955558015272,0.1810097377940045,0.4999775342893699,1.0,0.1810097377940045
3,1,0,2,1,2.85650315527744,0.09829007334014848,0.9448027354664855,0.04070275007949533,0.5427306186630164,9.293064855674695,0.5269750885546927,123.17102178177205,17804471808.4788,0.0007934120637582864,0.19184167685697945,0.18102997500749332,0.1658020422071994,0.1413420334515776,3481024.393180401,0.013745158600038969,0.07728843279635911,0.013605414829050474,0.18102997500749332,0.2078318233666425,1.0,0.18102997500749332
5,1,0,2,0,2.4404757502162955,0.031140843639093443,4.1556899204403,0.01187227399140702,3.544924466882577,9.66361054835394,0.4763428048630291,120.47752771450831,11033418752.356144,0.0,0.1563806567235182,0.18117270860708984,0.19175592679084058,0.15264242488597848,1678011.348654677,0.018385167729707108,0.0986591149702758,0.018080818746402647,0.18117270860708984,0.3867044727040111,1.0,0.18117270860708984
5,2,1,1,1,3.6104247356564545,0.016213196123953496,7.025703201373532,0.008004840959272171,8.601710578434338,14.36058380672472,0.7930379019789824,95.76523430565477,14264532838.28237,0.0,0.1347335421588577,0.18117567495296794,0.19769791576243784,0.15229755331970082,1771628.083318281,0.019542232948405982,0.10837315599065245,0.019183273145288587,0.10832770204869341,0.3852794131998913,0.597915266918777,0.18117567495296794
5,2,1,1,1,3.6104247356564545,0.016213196123953496,7.025703201373532,0.008004840959272171,8.601710578434338,14.36058380672472,0.7930379019789824,95.76523430565477,14264532838.28237,0.0,0.1347335421588577,0.18117567495296794,0.19769791576243784,0.15229755331970082,1771628.083318281,0.019542232948405982,0.10837315599065245,0.019183273145288587,0.10832770204869341,0.3852794131998913,0.597915266918777,0.18117567495296794
3,1,0,2,0,1.6647792844442753,0.06567925844026445,3.1570162239828683,0.010848695971024305,1.201360855931354,4.2320683339484,0.13575260637211795,119.46361471579479,15931879187.479347,0.0,0.2179022294026279,0.18135939457915354,0.15112652476035304,0.12348723605615777,5647737.467779447,0.0114196132430708,0.05396704032566624,0.011336146000172305,0.18135939457915354,0.3373014052738192,1.0,0.18135939457915354
3,1,0,2,0,2.7886772034441583,0.031071606854900992,3.7394755285799812,0.018078070573982138,0.3879761163320289,13.306486955535748,0.38311042950743934,113.76865457393974,12787476325.794495,0.0,0.19104566882804777,0.18144849583116263,0.16694126908770707,0.13747141080250025,4404782.403229176,0.01393469366230711,0.07420060969249298,0.01378595290488067,1.0,0.33823043069512293,212.99935736697316,0.18144849583116263
5,2,1,1,1,3.575136631465981,0.03707864998149448,9.438948972856602,0.007345104617108521,6.570738200243599,15.433688896872273,0.824567685141905,122.1987800593196,15933927471.100134,0.0,0.10492342856876147,0.18147870789657516,0.200264410766248,0.13471822052998594,515305.43173970666,0.020052917109776254,0.10010282922674907,0.019566486718387677,0.18147870789657516,0.4770937447478486,1.0,0.18147870789657516
4,2,1,1,0,1.918625676277978,0.022338632106940627,7.756137669311352,0.003913083392333811,5.0400923955337396,8.036141057647775,0.6133163513844558,79.00154716123987,10724544727.129799,0.0,0.142210223285624,0.18149947639746894,0.19767532768161197,0.14740238068386266,2113963.9129913305,0.019537767587016332,0.10776096648933486,0.019141358306900186,0.18149947639746894,0.35793918760110277,1.0,0.18149947639746894
3,1,0,2,0,1.2187773669705013,0.06328883044513614,5.671025661652523,0.0021302866597711924,3.343979374612856,5.286202875066522,0.5688178922683904,124.84668556724147,10208306553.443573,0.0,0.1671327167113904,0.18165383569931529,0.1836013789653004,0.12943335355047408,2321022.6779554146,0.01685473317897993,0.09485627160991883,0.016391960499696916,0.18165383569931529,0.31900173964944867,1.0,0.18165383569931529
3,1,0,2,0,1.2187773669705013,0.06328883044513614,5.671025661652523,0.0021302866597711924,3.343979374612856,5.286202875066522,0.5688178922683904,124.84668556724147,10208306553.443573,0.0,0.1671327167113904,0.18165383569931529,0.1836013789653004,0.12943335355047408,2321022.6779554146,0.01685473317897993,0.09485627160991883,0.016391960499696916,0.02428989415508031,0.31900173964944867,0.13371528358633974,0.18165383569931529
3,1,0,2,0,0.6481450371716098,0.013817874261933804,1.193495972407912,0.011293498317447756,1.808855943944033,2.567804030193577,0.6482501864026754,113.57381774760174,14906514947.23716,0.0,0.2037340538662739,0.1817337970816605,0.15910635495679268,0.10372906082464906,244790.62459542003,0.012657416093818452,0.07046038323757853,0.01243933749844052,0.36824909492412733,0.6166400281590111,2.0263104652936836,0.1817337970816605
3,1,0,2,0,0.6481450371716098,0.013817874261933804,1.193495972407912,0.011293498317447756,1.808855943944033,2.567804030193577,0.6482501864026754,113.57381774760174,14906514947.23716,0.0,0.2037340538662739,0.1817337970816605,0.15910635495679268,0.10372906082464906,244790.62459542003,0.012657416093818452,0.07046038323757853,0.01243933749844052,0.1817337970816605,0.6166400281590111,1.0,0.1817337970816605
4,2,1,1,0,1.609794974789839,0.06858447013379132,8.232061394452979,0.006593285007193214,7.11315699035669,4.836031035516704,0.3251300035646541,117.06328753580857,17238399721.255093,0.0,0.193082990815027,0.18175052045009624,0.1657442273964629,0.13319168367380516,4055787.359399094,0.013735574457625202,0.07619603797414398,0.013546310289930898,0.5641111220415784,0.363968363960326,3.10376619909855,0.18175052045009624
3,1,0,2,0,1.5681137867634978,0.06936323285595254,7.4017408990947855,0.01311107954231658,0.9611676617099716,4.895526392758867,0.683446746093111,118.6625136831331,12415223815.432037,0.0,0.21807372397499122,0.18224547810681355,0.15178212333909097,0.12447843867039508,5752951.13908177,0.01151890648266151,0.05494203951448817,0.011432235622887659,0.011592214331446709,0.3328653856123507,0.06360769250281505,0.18224547810681355
4,2,0,2,0,3.008372875256024,0.08770860820019039,8.402319511136275,0.013468013636758642,3.434915994462437,2.962742093262985,0.6625838931093477,124.16762045562946,13316145787.510843,0.0,0.17470643403621106,0.1822622889090925,0.17893048150958715,0.14087417623959833,2701945.8609044747,0.016008058606626355,0.08486848757053511,0.015727867067335387,0.1822622889090925,0.37753753020367,1.0,0.1822622889090925
3,1,0,2,0,0.6365141747327355,0.08535137681536832,1.4746310820716975,0.0037987325195582384,1.0613641092698645,6.604417087086496,0.261423006892507,127.72906492963924,10121851798.023746,0.0,0.18547418412721325,0.1823612933382395,0.17127193808289753,0.13700171191083169,3941855.2321998845,0.014667038387335941,0.08224256479682668,0.014492397981034612,0.04888040907580197,0.3087171482120313,0.26804157933416123,0.1823612933382395
3,2,1,1,0,2.431012117706224,0.06154787503698075,1.1953779842550274,0.031384343405114756,1.4714868996889698,2.039431512625691,0.5563535881464073,65.8041542116617,10920510320.467182,0.0013560935326957073,0.15528464500020583,0.18240950003728787,0.19388458655231927,0.1469392386438837,2692509.7545578466,0.01879561645128189,0.1025506215106804,0.018404453069203842,0.19944011959063615,0.2988506181943825,1.0933647619771278,0.18240950003728787
3,1,0,2,0,3.297790365558168,0.0367222863309882,1.6499447210520999,0.031198600763929378,1.4924167727260331,5.033892983882484,0.6165231632642779,108.4225526243325,10038768907.83137,0.0005738110232991723,0.14869345618047203,0.18271150270388817,0.19852909626597703,0.15263575040642663,2512256.2063299497,0.01970690103209279,0.11083506034358925,0.019262771499948983,0.18271150270388817,0.33499024333189226,1.0,0.18271150270388817
3,2,1,3,1,3.8738677967332222,0.07341323722961836,2.76135675909365,0.012130954284890957,2.242448999503268,6.416923340876771,0.13027135547188484,128.73953197576495,13204584116.021465,0.0,0.1360319063572365,0.18277977423152958,0.199378026848674,0.15051426931272782,2499213.8812967935,0.019875798795035284,0.110261323050862,0.01941097722910699,0.18277977423152958,0.37863697577354816,1.0,0.18277977423152958
3,1,0,2,0,1.976285418053984,0.06296566299592195,9.19153605180966,0.006318258408455782,4.314083235037104,3.4603805063745794,0.4276835078758852,116.91628053219337,16264801955.24577,0.0,0.18996154752917624,0.18306938175695717,0.16898215293028998,0.13453314142514652,3717441.8284599343,0.014277484004477954,0.07985159297357514,0.014059575454277252,0.18306938175695717,0.3669520252328227,1.0,0.18306938175695717
5,1,1,1,1,4.727301386881515,0.09602773096357553,1.8441944526129412,0.0020299156431123427,7.3452827726250725,16.428216437015777,0.11349662507246977,109.59355115628482,15317561256.346191,0.0,0.08310251563098137,0.1832991046524997,0.20312541733798054,0.12820314775453734,251181.4209129191,0.020629967584364382,0.10911751508897949,0.019997649830702378,0.017511320302340334,0.31396520939305134,0.0955341289611778,0.1832991046524997
4,2,1,1,2,1.5746194736403183,0.03589305241997343,6.688784884276234,0.006621089758605669,3.8632623131129282,8.508899857620248,0.8209021011834997,74.68428317834066,9054982767.866955,0.0,0.1910482014247362,0.18343592806277892,0.1686706347034956,0.13915104412665444,3558437.4085295065,0.014224891505640026,0.07862420390175506,0.014067615955128615,0.18343592806277892,0.3944150409210318,1.0,0.18343592806277892
3,2,0,0,0,2.4404619228271907,0.05273613498193373,5.188222006466048,0.03552646344951028,2.019747138076401,3.8056407162022157,0.4426816019672053,116.9188621692641,12918622245.500082,0.0009636534923103189,0.18537009801695095,0.1834870525867572,0.17254358397424807,0.14107656875299876,3612606.965333104,0.014885644185339199,0.08139959760577065,0.0147023834756846,1.0,0.4416014660924874,5.6003532982418225,0.1834870525867572
3,1,0,2,0,1.4027551349243823,0.05827166173456005,9.826589416436388,0.010922503073865272,7.721025911547329,8.926373109472463,0.0851784960698476,108.67193388691842,16890994342.136253,0.0,0.21577265219600955,0.18362966811457118,0.15393147809065502,0.1331667775982127,5047143.773341437,0.011847449973586905,0.06316939891902529,0.011772975945993865,0.18362966811457118,0.3550581353281626,1.0,0.18362966811457118
3,1,0,3,0,3.1857653393255077,0.08520559135194582,7.173182868176636,0.010990554237876038,2.6744444652138064,7.828574281329256,0.1964176885296944,125.93991949208996,13243303083.68341,0.0,0.14122396925772557,0.18379208964712287,0.2000464124169481,0.15975566562883703,2840726.8316512704,0.020009283560445842,0.11381952903616865,0.019640400375527698,0.03660597360890543,0.4089578438571536,0.19917056103550576,0.18379208964712287
3,1,0,2,0,0.2795134923795714,0.04875253222813318,4.49564296761687,0.027184964834578475,2.7329898296822175,4.845519666540254,0.6418742289169964,127.22846808499352,9602645754.644754,0.00059842912942776,0.14684162948698853,0.1838021498612287,0.1998518967295023,0.14043825649239502,2175450.6187132224,0.019970390313189822,0.11174873302285648,0.019414909363324042,0.008894320343217377,0.5159339799894683,0.048390730739181355,0.1838021498612287
3,1,0,2,0,2.4337845921920644,0.07431719711594269,6.07373987508416,0.011119738892699373,5.042657860448584,9.784844077179878,0.1286232894123442,120.50711871272891,12600590547.618448,0.0,0.16733984319407008,0.1838645838509894,0.18593513900401443,0.1467656885844896,2968571.1879967526,0.017285937958221084,0.09325690543926135,0.01699946122088377,0.1838645838509894,0.37936974662134204,1.0,0.1838645838509894
3,1,0,2,0,2.4337845921920644,0.07431719711594269,6.07373987508416,0.011119738892699373,5.042657860448584,9.784844077179878,0.1286232894123442,120.50711871272891,12600590547.618448,0.0,0.16733984319407008,0.1838645838509894,0.18593513900401443,0.1467656885844896,2968571.1879967526,0.017285937958221084,0.09325690543926135,0.01699946122088377,0.1838645838509894,0.37936974662134204,1.0,0.1838645838509894
3,1,0,2,0,1.8881608422801257,0.07326831143680598,1.132680115990291,0.004499284905053261,2.1500138192144784,1.8481594420783958,0.17260306598546601,122.72337829725149,9787518809.858515,0.0,0.17067004616297893,0.1839023102999426,0.18339520598497194,0.14447221683314077,3115469.7176302355,0.016816900789135142,0.0919623005047141,0.01650568312710776,0.1839023102999426,0.26604323336514096,1.0,0.1839023102999426
3,2,0,0,0,1.8454974502009687,0.07468118551055922,5.82048722902951,0.030534689735504546,1.0653718343412397,4.607143802489167,0.5411262156481285,121.31087550715297,10083011110.320833,0.000898151097913601,0.20771605811113342,0.18390915330465457,0.15868476124715955,0.13406724845736204,4847143.00101649,0.012590426726034016,0.07034565222216282,0.012479107884697926,0.18390915330465457,0.4263177266503656,1.0,0.18390915330465457
3,1,0,2,0,0.19951687834525644,0.008209414757684698,4.752887096973626,0.004811343376701107,0.5834791676265599,1.9008091336272435,0.6563935361760523,118.99708747309919,10134754365.714178,0.0,0.11563971139399201,0.18397884713727133,0.20204202376785796,0.13545539578636345,13947.271485182186,0.02041048968410584,0.10881233761374343,0.02000206143473844,0.004147495876288652,0.6750394099560791,0.022543330066603248,0.18397884713727133
3,2,0,2,1,2.4553070246619564,0.07865837354224262,5.589200424953016,0.05086536606767738,5.1939325824837805,6.472404896079481,0.019122244036895795,104.98121191318931,12728358790.662445,0.0006723597345519799,0.1445614963084874,0.1839962893044283,0.20038756310834016,0.1526996345699822,1945073.593602546,0.020077587724249505,0.10869812921404665,0.01968484194050487,0.22387003218588913,0.4870231023386352,1.216709494697952,0.1839962893044283
3,1,0,2,0,2.8918308457643525,0.07551130816644328,7.040192128434278,0.010091982669390643,4.58245149888148,9.276240008525916,0.2785226591097457,95.75973460226155,9119591158.919643,0.0,0.13984768222333185,0.1840870859722935,0.20089199797235535,0.15194084876402708,2250570.0423806366,0.020178797424662415,0.10655127426783484,0.019732459718616428,0.1840870859722935,0.3830812622825643,1.0,0.1840870859722935
3,1,0,2,0,0.5408216411096485,0.03713646056712321,1.6922355022773168,0.0040545977437702364,0.14322499017426651,5.956070620162064,0.4900507486436092,116.05846894441837,14964407571.223135,0.0,0.18506118644133568,0.1841862536334917,0.17380662264217644,0.11852818986762965,887587.7845456643,0.015104371037139963,0.07576605601061681,0.014824333518405213,0.1841862536334917,0.3398723050864548,1.0,0.1841862536334917
3,1,0,2,0,0.5408216411096485,0.03713646056712321,1.6922355022773168,0.0040545977437702364,0.14322499017426651,5.956070620162064,0.4900507486436092,116.05846894441837,14964407571.223135,0.0,0.18506118644133568,0.1841862536334917,0.17380662264217644,0.11852818986762965,887587.7845456643,0.015104371037139963,0.07576605601061681,0.014824333518405213,0.1841862536334917,0.3398723050864548,1.0,0.1841862536334917
5,1,0,2,0,1.03067665502154,0.015866346633608582,4.787344056103342,0.015445106647278835,0.9426182691732397,15.239063605665763,0.549513555610899,112.15153775652111,13872435070.244814,0.0,0.19039813929866856,0.184325224971315,0.16988326355258682,0.11931556541576997,222926.74864067053,0.014430161617638835,0.08082023417674922,0.014226497204804645,0.184325224971315,0.6930045242034505,1.0,0.184325224971315
3,1,0,2,0,1.3618045048266754,0.06322672054332373,2.943732976828624,0.016075534024522584,2.146686466331306,5.283002719421721,0.8018111343395848,116.48787747262696,10401848242.942726,0.0,0.19998265657959868,0.18446510991763407,0.1639361291757528,0.13479870406805805,4330722.618434788,0.013437527224564552,0.07426186555276482,0.013297335214030507,0.18446510991763407,0.3545402896732207,1.0,0.18446510991763407
5,1,1,1,1,4.074047587590856,0.09485687762278194,5.572934106002417,0.033260453128629915,2.9360914079173215,5.320090174096915,0.30978675021861957,127.78031618432937,14903030473.019445,0.0010543813360579875,0.1569027387165761,0.1845202660666195,0.19509955572533588,0.14630546307509135,2490035.656248568,0.01903191832211172,0.0986204430183436,0.01855956807477375,1.0,0.4464647574876803,46.43103189128398,0.1845202660666195
5,2,1,1,1,3.5903012913678203,0.038434843271513794,9.399854489199225,0.007346006223085623,6.319029760046783,15.840097899151509,0.8121385087763742,121.29040359542957,15926440022.446642,0.0,0.13905413597827426,0.1847389202872446,0.20152150389111928,0.1505867865345747,1379286.0948356602,0.020305458265269204,0.10955324535232092,0.019871180079321867,1.0,0.3816488357935113,243.49348667838424,0.1847389202872446
5,2,1,1,1,3.236330653645992,0.01911263854391636,8.768460424159231,0.010030465238759865,8.650597734551956,17.768154302522877,0.6212665811532673,81.39749954470958,16018039487.306047,0.0,0.07984304014988194,0.18493162503446703,0.2048427753917754,0.14493829654344922,1069314.120840152,0.02098028131510267,0.11548199756417443,0.020443654741708867,0.18493162503446703,0.3736532020438608,1.0,0.18493162503446703
3,2,1,1,0,2.425072166888297,0.06171601756217978,1.188092659681688,0.03143992671654436,1.4597326954105452,1.9950184932267803,0.5542455639244741,65.81616805379812,10956416946.708584,0.0013577010246611308,0.1561321570842153,0.18493676782595056,0.19590937125923477,0.1478767191068679,2686060.148253512,0.019190240873594343,0.10440082162337261,0.018782774313050404,0.2021883248784191,0.29595001697504725,1.0932835436418165,0.18493676782595056
3,2,1,1,0,2.425072166888297,0.06171601756217978,1.188092659681688,0.03143992671654436,1.4597326954105452,1.9950184932267803,0.5542455639244741,65.81616805379812,10956416946.708584,0.0013577010246611308,0.1561321570842153,0.18493676782595056,0.19590937125923477,0.1478767191068679,2686060.148253512,0.019190240873594343,0.10440082162337261,0.018782774313050404,0.2021883248784191,0.29595001697504725,1.0932835436418165,0.18493676782595056
5,2,1,1,1,3.605305087252605,0.016131338664307684,7.047212724013862,0.00808848351924087,8.58398682929453,14.317968429585783,0.7932179429976115,95.8535864990091,14279039980.982784,0.0,0.12558831520071306,0.18524581310259114,0.20243113893295092,0.16079218353074518,2540180.6313801743,0.020489183004845837,0.11750940198609838,0.020096129133600767,0.03552998546418053,0.3858613138436283,0.19179912824536355,0.18524581310259114
3,1,0,2,0,2.9812380327326578,0.09255057963163309,4.370914787541339,0.005502721386089747,8.92203664699056,4.067410151284896,0.15031979490250263,123.65678063263549,10211678095.824553,0.0,0.1745897478190318,0.18525454347585715,0.18168232933792322,0.13875533057722955,3433031.31220159,0.0165042343968268,0.09360321812367678,0.016182494460837724,0.18525454347585715,0.3597610795702113,1.0,0.18525454347585715
3,1,0,2,0,2.9812380327326578,0.09255057963163309,4.370914787541339,0.005502721386089747,8.92203664699056,4.067410151284896,0.15031979490250263,123.65678063263549,10211678095.824553,0.0,0.1745897478190318,0.18525454347585715,0.18168232933792322,0.13875533057722955,3433031.31220159,0.0165042343968268,0.09360321812367678,0.016182494460837724,0.18525454347585715,0.3597610795702113,1.0,0.18525454347585715
3,1,0,3,0,3.053805818976329,0.08643038896043591,7.157861737976979,0.012086135678728077,2.4080835974697172,8.012853983817395,0.1770265276618784,124.13526632742374,13267443946.611408,0.0,0.14461229515563268,0.18535704364617675,0.2015688444419164,0.1618881642741665,2907005.4540159926,0.020314999524824746,0.11554322273049944,0.019957407129375354,0.18535704364617675,0.4032077346958769,1.0,0.18535704364617675
4,1,0,1,0,1.895031764113701,0.07154280800831285,6.363763002337579,0.01290729833354182,6.391595879195281,8.096861890575894,0.11533025420479529,99.09501607406905,13504927965.895082,0.0,0.17389628266270415,0.1853843091871746,0.18249893249004545,0.14221135672686483,2701145.53786726,0.016652930180003085,0.09117531004539003,0.01636879134896963,0.1853843091871746,0.41870249760661465,1.0,0.1853843091871746
4,1,0,1,0,1.895031764113701,0.07154280800831285,6.363763002337579,0.01290729833354182,6.391595879195281,8.096861890575894,0.11533025420479529,99.09501607406905,13504927965.895082,0.0,0.17389628266270415,0.1853843091871746,0.18249893249004545,0.14221135672686483,2701145.53786726,0.016652930180003085,0.09117531004539003,0.01636879134896963,1.0,0.41870249760661465,21.085179318298636,0.1853843091871746
3,1,0,2,0,1.1336598997480034,0.08841153455030719,2.582039246948259,0.004645770985574759,0.7165961002495985,13.22624430161482,0.3564092888555566,115.86754421205224,9256644793.262266,0.0,0.13334648998409548,0.18540128961289856,0.2023372552810917,0.14011814505347156,221142.72632133585,0.020470182437342836,0.11447578005797454,0.02006544785711428,1.0,0.4515566109319125,5.966369724949607,0.18540128961289856
1,0,0,0,2,0.14383960999296957,0.08248544377775514,5.193027004069851,0.01388556565583337,5.481605751670111,4.520845740920374,0.8087131823020004,61.745275398833485,12423018891.377214,0.0,0.15045387891326473,0.18541383700924374,0.20094230148047768,0.15049217504141252,2953577.512273118,0.02018890426213559,0.11489459806328994,0.019670502079961367,0.18541383700924374,0.3275495031602582,1.0,0.18541383700924374
3,1,0,2,0,4.731521361501289,0.07758685331377727,5.012266334019174,0.005707448772497626,9.95603213170281,6.667591289899262,0.06484893283338171,120.00483940080981,10882881770.63803,0.0,0.10216674142544735,0.18575438775096298,0.20454913315402934,0.14990202583525442,1655112.8883520036,0.02092017393703241,0.11466557603828165,0.02048829432270346,0.18575438775096298,0.3788436471075954,1.0,0.18575438775096298
5,1,1,2,1,4.777610078031295,0.03502199517448954,2.041097742213488,0.03361405000894929,2.9401303425971244,10.628592789128279,0.8145601052739607,99.68235471763562,11753157807.109543,0.0007925159153784986,0.13022257914782526,0.18613531508472705,0.20354472288422343,0.16273385619115832,2724900.0302593033,0.020715227107007655,0.11150820640791059,0.020337207562419867,0.03949630528418206,0.5176419457857164,0.2121913580246914,0.18613531508472705
3,1,0,2,0,3.156932245058315,0.040511740078533504,2.4332461357738837,0.020854057820742688,2.4723381246174867,4.56279739229756,0.2807287519541592,126.87965970863695,12691685045.7444,0.0008073156879825485,0.15970521334720567,0.18617713467375696,0.1942066170311377,0.15333938942015257,2706114.1561708283,0.01885810504933949,0.10431767178552476,0.018510944756278378,0.18617713467375696,0.36248922157440483,1.0,0.18617713467375696
3,1,0,2,0,1.5883904457066202,0.06886086465346529,7.384157034083944,0.013144160383735781,0.977147102469843,4.889293083603355,0.6876219654477511,118.6452764472173,12392173424.970634,0.0,0.21977230831704442,0.18622705355271768,0.1542815397630779,0.1292977789826186,5753156.358575669,0.011901396755833092,0.05740973225601198,0.011812406242758594,0.011466804891643638,0.33284227751230855,0.06157432377781557,0.18622705355271768
3,1,0,2,0,1.5883904457066202,0.06886086465346529,7.384157034083944,0.013144160383735781,0.977147102469843,4.889293083603355,0.6876219654477511,118.6452764472173,12392173424.970634,0.0,0.21977230831704442,0.18622705355271768,0.1542815397630779,0.1292977789826186,5753156.358575669,0.011901396755833092,0.05740973225601198,0.011812406242758594,0.011466804891643638,0.33284227751230855,0.06157432377781557,0.18622705355271768
3,1,1,2,0,4.4532704568958135,0.07644217812014771,2.6500382820172876,0.014548755609021356,0.7130072816904559,2.8632144592544444,0.16881799783337964,119.26442566448851,12432895626.608086,0.0,0.18660806498331428,0.18633860302828098,0.1743193992761978,0.1326825186216684,2896908.4926228262,0.015193626482007236,0.08552496830929945,0.014871383969476583,0.18633860302828098,0.33006381710040517,1.0,0.18633860302828098
3,1,1,2,1,2.9173472887969667,0.04784553052434775,5.000548987842148,0.005154394409336526,3.7181001444378783,3.6138614535046005,0.04473033118628466,128.13589394993434,14089891801.081074,0.0,0.15628292296365653,0.1864526676983764,0.19741808698568714,0.15523835578958292,2652943.3971235105,0.01948695053454417,0.10575611825179831,0.01913396810375576,0.015925925243710556,0.40058170790902237,0.08541537882136312,0.1864526676983764
3,1,0,2,0,1.8509324701639778,0.05839457339377837,3.191534436456125,0.017754311887362317,0.9348811073275245,5.951866572591606,0.3683255337832016,121.32430592400922,11417993612.080296,0.0,0.21274511651933348,0.18647162550144275,0.1582250248724993,0.13706014903598654,5084588.795059219,0.012517579247951507,0.06611951106301239,0.012427547325687599,0.12768963092351482,0.3331252446879416,0.6847670822847354,0.18647162550144275
3,1,0,2,0,1.8509324701639778,0.05839457339377837,3.191534436456125,0.017754311887362317,0.9348811073275245,5.951866572591606,0.3683255337832016,121.32430592400922,11417993612.080296,0.0,0.21274511651933348,0.18647162550144275,0.1582250248724993,0.13706014903598654,5084588.795059219,0.012517579247951507,0.06611951106301239,0.012427547325687599,0.12768963092351482,0.3331252446879416,0.6847670822847354,0.18647162550144275
3,1,0,2,0,3.5740483417702222,0.06460231716953031,3.3955058679264103,0.0030545545537792197,1.5196188660092,18.030224905902806,0.1585442651642395,127.80434632647146,10298265022.209518,0.0,0.15254043594840244,0.18656570204867512,0.2007549341283178,0.1400787022623268,843740.5353721961,0.02015127178843261,0.10825321918719388,0.019717357539368322,0.18656570204867512,0.3477330940998115,1.0,0.18656570204867512
3,1,0,2,0,3.5740483417702222,0.06460231716953031,3.3955058679264103,0.0030545545537792197,1.5196188660092,18.030224905902806,0.1585442651642395,127.80434632647146,10298265022.209518,0.0,0.15254043594840244,0.18656570204867512,0.2007549341283178,0.1400787022623268,843740.5353721961,0.02015127178843261,0.10825321918719388,0.019717357539368322,0.18656570204867512,0.3477330940998115,1.0,0.18656570204867512
1,2,0,2,0,2.2296231436210845,0.08275656804819376,8.577148386265437,0.002117942133890997,6.708760735772826,5.206833202600476,0.7579729042916742,117.6897432191685,19754865029.97284,0.0,0.1558177859102972,0.1865849078840415,0.19773869294419813,0.1367638436942127,1869380.7856282697,0.019550295343639938,0.10990634037491143,0.01898166436220671,0.1865849078840415,0.31497861929635984,1.0,0.1865849078840415
3,1,0,2,0,3.472717708218829,0.06163581998402959,8.515205776174144,0.00885836732749435,6.539484699424002,8.879369027353619,0.3277908130314473,60.60493821560746,19023797076.659546,0.0,0.13684036830730262,0.1866277010999455,0.203821654436387,0.14912590147381588,2241186.98036424,0.020771633408592977,0.10997389486443587,0.020240913149586644,0.1866277010999455,0.36879367784099654,1.0,0.1866277010999455
5,2,1,1,1,3.218233867718443,0.018893281874857726,8.75829231275623,0.010069731576560742,8.639595403539483,17.762662610657074,0.6204851485378771,81.24348644606215,16051959529.391624,0.0,0.1312633345382212,0.18673481169994383,0.203768496197533,0.13251552945350809,1094961.3607996176,0.02076080002130201,0.11860766408129153,0.019949284176691083,0.18673481169994383,0.37966800433941406,1.0,0.18673481169994383
5,2,1,1,1,3.218233867718443,0.018893281874857726,8.75829231275623,0.010069731576560742,8.639595403539483,17.762662610657074,0.6204851485378771,81.24348644606215,16051959529.391624,0.0,0.1312633345382212,0.18673481169994383,0.203768496197533,0.13251552945350809,1094961.3607996176,0.02076080002130201,0.11860766408129153,0.019949284176691083,0.18673481169994383,0.37966800433941406,1.0,0.18673481169994383
3,1,0,2,0,1.6686720436879448,0.030117302624079505,3.7722353213603794,0.014960545261962459,0.6994807213785617,3.5062549978842776,0.44443647646781426,120.24685752060527,10072097646.33904,0.0,0.212861006596287,0.18705348434684824,0.1596000382763976,0.12537899717843265,5930524.425278688,0.012736086108913788,0.05060458547463209,0.01262207094144816,0.18705348434684824,0.3671467842854123,1.0,0.18705348434684824
3,1,0,2,0,3.1342237864651876,0.020642862459085035,6.139547351922597,0.024181057754302418,1.383059354369676,4.648131620520466,0.5034221454825896,108.81704629256394,10357725450.017843,0.000702683304339789,0.2019932024815498,0.18718770290024764,0.16512636454774382,0.14024319562040635,4379352.852967187,0.013633358134377195,0.07642915398305883,0.013503190041044,0.10938877639845462,0.3919824250329684,0.5843801419837281,0.18718770290024764
3,1,0,2,0,3.1342237864651876,0.020642862459085035,6.139547351922597,0.024181057754302418,1.383059354369676,4.648131620520466,0.5034221454825896,108.81704629256394,10357725450.017843,0.000702683304339789,0.2019932024815498,0.18718770290024764,0.16512636454774382,0.14024319562040635,4379352.852967187,0.013633358134377195,0.07642915398305883,0.013503190041044,0.18718770290024764,0.3919824250329684,1.0,0.18718770290024764
2,2,0,2,0,1.820502515209357,0.05761190567717548,3.9813466905953634,0.0027617042376066768,8.431028783681482,5.583292880001751,0.23359637441524733,100.84198613900053,10815966408.788586,0.0,0.2173843345909202,0.18721514870582645,0.1560071919591811,0.12999503340375293,4980284.568245151,0.012169121971494392,0.06766878617226468,0.012081209830698594,0.18721514870582645,0.33567120739992684,1.0,0.18721514870582645
3,1,0,2,0,2.66718443734595,0.05348620204819847,7.565290665310092,0.011462073711564123,9.953574598548679,7.311260315698912,0.030914976231240357,112.35267023027582,15191281077.653774,0.0,0.18492928145574494,0.18724882415348199,0.1764044190102595,0.1413755098930561,3683034.9847436342,0.015559259523173602,0.08651876949477855,0.015317499605989599,0.18724882415348199,0.4166210810990182,1.0,0.18724882415348199
3,1,0,2,0,2.66718443734595,0.05348620204819847,7.565290665310092,0.011462073711564123,9.953574598548679,7.311260315698912,0.030914976231240357,112.35267023027582,15191281077.653774,0.0,0.18492928145574494,0.18724882415348199,0.1764044190102595,0.1413755098930561,3683034.9847436342,0.015559259523173602,0.08651876949477855,0.015317499605989599,0.17576836245638142,0.4166210810990182,0.9386887381055573,0.18724882415348199
4,1,0,1,2,2.3095707276785005,0.06729550477323824,8.933285581092184,0.055283553785867766,1.5236848442905833,2.4791713919283787,0.3381470192416017,89.07313767870795,11080233090.660872,0.0010401016746996409,0.1778656727498467,0.18726851623878288,0.18138115323181384,0.1339617718172504,3459467.590438346,0.016449561373851364,0.09197218515105865,0.016056202938614213,0.18726851623878288,0.49662913169381107,1.0,0.18726851623878288
4,1,0,1,0,1.5284881331928937,0.02127761779761436,2.563704742370851,0.01819792298192105,2.138831015349336,8.058355949587792,0.6704939615099453,112.1642401454246,15366786808.1067,0.0,0.1870876222057114,0.1873399734523606,0.17500926881739773,0.14978951083307268,3625296.8798401356,0.01531412208600009,0.08520715433904102,0.015152658054418972,0.10106504284583581,0.36748663141397575,0.539473989364774,0.1873399734523606
4,1,0,1,0,1.5284881331928937,0.02127761779761436,2.563704742370851,0.01819792298192105,2.138831015349336,8.058355949587792,0.6704939615099453,112.1642401454246,15366786808.1067,0.0,0.1870876222057114,0.1873399734523606,0.17500926881739773,0.14978951083307268,3625296.8798401356,0.01531412208600009,0.08520715433904102,0.015152658054418972,0.1873399734523606,0.36748663141397575,1.0,0.1873399734523606
3,2,0,2,0,4.002780567215151,0.09408974619420354,2.376984363058921,0.0026911566568611715,6.064079541460709,13.071049906470149,0.35515701812403155,129.26359975727956,11736320377.405087,0.0,0.09943112560885531,0.18736820045776692,0.20658158132254678,0.13692741138942166,835008.0175728248,0.021337974870862003,0.11470802619232623,0.020719701080676937,0.18736820045776692,0.3718901814812061,1.0,0.18736820045776692
3,1,1,2,0,3.263368711264844,0.03972687600869931,2.4694443101745196,0.020561308727646357,2.4758900376788864,4.564585732615114,0.2868682977353736,127.40826606981585,12583725042.73969,0.0008336098522080471,0.1260041709466322,0.18771339569634546,0.20533403757561025,0.15410978584965818,1984462.0384175603,0.021081033493551064,0.11650407070135127,0.020593498863085147,0.18771339569634546,0.35499379004986165,1.0,0.18771339569634546
3,1,1,2,1,4.1480279969919645,0.03295748861842842,5.414743289398635,0.015645331059669396,0.8145466104295253,13.179909565183468,0.22531856143443776,105.41826679090906,14490324225.977985,0.0,0.18330319933172134,0.187814033256123,0.17804823142182508,0.13451860365971227,3226044.282276796,0.01585058635621989,0.08874411070479049,0.015529506574753198,0.16067251804694213,0.3913353106658069,0.8554872884702506,0.187814033256123
1,2,0,2,0,2.2133052139506395,0.08284141141167972,8.574168147333214,0.002112466853561681,6.7149382081504765,5.216315683951277,0.7601604378477513,117.61905017169715,19756037866.806995,0.0,0.15737798898136557,0.18797121786026394,0.19791497324280527,0.13667417259781836,1852330.2166844285,0.01958516831685016,0.11013911959303813,0.019013611303060837,0.18797121786026394,0.31495853640645677,1.0,0.18797121786026394
3,2,1,1,0,1.0758267229471599,0.05582811922422193,4.544541690488251,0.04994317574276086,8.584170671910146,3.7158412327192445,0.6749680074924871,85.3748488610788,19314304308.248367,0.0007779481938986952,0.14250679630042756,0.18808165420071626,0.20459215399781952,0.15532371819417592,2818693.088711601,0.02092897473873375,0.12013069501223295,0.02049208778468637,0.02565221796445569,0.5226232711124523,0.1363887300623178,0.18808165420071626
3,1,0,2,0,4.73470085402988,0.07749073979292184,5.011167543415791,0.005412374266111118,9.943000897682738,6.687817306722318,0.06478329227362492,120.08008235004677,10876036890.655113,0.0,0.10894500003908811,0.18815383827786067,0.2067650491337152,0.1533815063221975,1743984.402562172,0.02137589277163383,0.11775003747333324,0.020938066161159518,0.18815383827786067,0.37844555825979137,1.0,0.18815383827786067
4,1,0,1,1,3.0326096755929637,0.04872835346439211,7.381267143969759,0.04589321620853652,2.4282623551747853,5.620096865841613,0.3266172856715184,81.71419893704541,11529190216.148014,0.0010831272062537685,0.193505396847108,0.18819781627395848,0.17150511457675408,0.1402325851723293,3082763.302700182,0.014707002162992772,0.08223737849943547,0.014469525690662913,1.0,0.44245643478903945,25.33479982072792,0.18819781627395848
3,1,0,2,1,2.84160275333116,0.09801544288919242,0.9734155041642176,0.03830606601682636,0.6623620546894546,9.050693221459783,0.5312084208456295,123.38400334523408,17738493213.96489,0.0007755183607329249,0.19448272605148975,0.18829235100210634,0.17091783244876582,0.14665056346419797,3618977.8077783557,0.014606452724492194,0.08230929897382744,0.014467256054164443,0.18829235100210634,0.18814204961866146,1.0,0.18829235100210634
3,1,0,2,0,4.735906371570887,0.07751332693038174,5.014158956969258,0.005424659062133099,9.945365433763271,6.687291961332321,0.06499574029978088,120.05254866977228,10878756821.989088,0.0,0.10867974153452878,0.18832001527675643,0.206957525461388,0.15342966674670358,1738971.4809326371,0.021415708672550528,0.11802692248445401,0.020975995492035215,0.18832001527675643,0.3785789633562882,1.0,0.18832001527675643
3,1,0,2,0,4.735906371570887,0.07751332693038174,5.014158956969258,0.005424659062133099,9.945365433763271,6.687291961332321,0.06499574029978088,120.05254866977228,10878756821.989088,0.0,0.10867974153452878,0.18832001527675643,0.206957525461388,0.15342966674670358,1738971.4809326371,0.021415708672550528,0.11802692248445401,0.020975995492035215,0.013732989994422207,0.3785789633562882,0.0729236877675488,0.18832001527675643
2,1,0,3,0,3.6187217708992954,0.09845710628507459,9.044411678862673,0.018825420637663105,1.5410584684715156,4.140326162082534,0.12885216601898475,92.84097574461389,18783802086.534744,0.0007422957777826671,0.20008761843128986,0.18839812202536704,0.16743920952494182,0.135102906757533,4565510.730550903,0.014017944443168682,0.07847977961230834,0.013872504373070941,0.6093605752108928,0.5179479161270651,3.234430198454127,0.18839812202536704
4,2,1,1,0,4.472424715655588,0.09886691121964093,3.1986199160207174,0.0026071961192069273,6.666543103298139,14.67431449696184,0.3901646411644785,95.44768720068934,17017727681.922766,0.0,0.15194822354799936,0.18842134043928893,0.20317869298050187,0.13051404276276415,400746.42450747296,0.02064079064063252,0.11266014644155575,0.020126353749224838,0.08931692045396218,0.37596792208029123,0.47402762471452065,0.18842134043928893
3,1,0,2,0,4.734818393846986,0.07751083986166923,5.0108245843039585,0.005421940309946137,9.944734499108108,6.6885501180424445,0.06530108487194461,120.0444542891277,10878985903.11626,0.0,0.10875006331254036,0.1884217536162057,0.20706326468994327,0.15350233568907581,1739782.8919385497,0.02143759779202875,0.1181719114905091,0.020996984493729873,0.1884217536162057,0.37841859924358784,1.0,0.1884217536162057
5,2,1,2,1,4.486559942740854,0.07602806899295829,7.588708671835506,0.06165819179239245,3.4675132726158,1.1082313972840403,0.7951260718160412,78.69680571626482,9382776423.810118,0.001382857171404052,0.16110233204223134,0.18886577612099864,0.1957888273272532,0.14202227918524069,2953106.2197931553,0.019166632453090485,0.10802126319405048,0.018523726442814043,0.18886577612099864,0.4748074651983487,1.0,0.18886577612099864
5,2,1,2,1,4.486559942740854,0.07602806899295829,7.588708671835506,0.06165819179239245,3.4675132726158,1.1082313972840403,0.7951260718160412,78.69680571626482,9382776423.810118,0.001382857171404052,0.16110233204223134,0.18886577612099864,0.1957888273272532,0.14202227918524069,2953106.2197931553,0.019166632453090485,0.10802126319405048,0.018523726442814043,0.18886577612099864,0.4748074651983487,1.0,0.18886577612099864
3,1,0,2,0,4.6210393318052,0.016127863025793995,5.473525812416287,0.005236768939575358,4.813193949476952,7.51508008939448,0.4159969486475842,79.37698819821455,14742215732.34359,0.0,0.16379467531349834,0.18888596363313132,0.19360973865174028,0.14275578097208202,1397913.0791797647,0.018742365450397588,0.10626753653576437,0.018407695986526338,0.18888596363313132,0.3627800332647276,1.0,0.18888596363313132
3,2,1,1,0,4.575968347717603,0.0601402273668671,1.188092659681688,0.03143992671654436,1.8031852451213553,1.9950184932267803,0.5542455639244741,65.81616805379812,10956416946.708584,0.0008473199357137849,0.12596411733584956,0.18891584027361932,0.2066738862149259,0.15296749623938408,1768595.0135834846,0.02135704762159007,0.11753957486120603,0.020860032852122713,0.33783374038255376,0.2010873661411159,1.788276408655022,0.18891584027361932
3,2,1,1,0,4.575968347717603,0.0601402273668671,1.188092659681688,0.03143992671654436,1.8031852451213553,1.9950184932267803,0.5542455639244741,65.81616805379812,10956416946.708584,0.0008473199357137849,0.12596411733584956,0.18891584027361932,0.2066738862149259,0.15296749623938408,1768595.0135834846,0.02135704762159007,0.11753957486120603,0.020860032852122713,0.18891584027361932,0.2010873661411159,1.0,0.18891584027361932
3,1,0,2,0,3.5747475682054453,0.05239837175883201,7.46861448082286,0.011195469213321464,5.2555561669565884,4.733987538195462,0.12331722973949967,109.56270298024484,11605229226.263494,0.0,0.1646895404216624,0.18891627728735214,0.19323136738049213,0.1514462711278364,2915709.770460938,0.018669180669867357,0.10034691857322975,0.018257962359164277,0.18891627728735214,0.3856741263991665,1.0,0.18891627728735214
3,1,0,2,2,2.438256182228979,0.09547999726452065,3.0829452717217616,0.028138445613923323,0.36384955899168714,6.836409020827647,0.32035969334574194,116.08451636492067,16392416955.462269,0.0007350658796083062,0.1878269538744724,0.18897509721850372,0.17751663896233993,0.15084887723388413,5477318.003138565,0.01575607855424287,0.061424244819485274,0.015621662008172114,0.18897509721850372,0.389115974802635,1.0,0.18897509721850372
3,1,0,2,2,2.438256182228979,0.09547999726452065,3.0829452717217616,0.028138445613923323,0.36384955899168714,6.836409020827647,0.32035969334574194,116.08451636492067,16392416955.462269,0.0007350658796083062,0.1878269538744724,0.18897509721850372,0.17751663896233993,0.15084887723388413,5477318.003138565,0.01575607855424287,0.061424244819485274,0.015621662008172114,0.18897509721850372,0.389115974802635,1.0,0.18897509721850372
5,0,1,0,1,4.041288896160691,0.08210136869984601,3.6315909015491883,0.0896703781340433,6.8278987022366815,17.483538075878872,0.4751389256406743,115.81742256466809,17603646328.23559,0.0012237386191483784,0.16172435948317487,0.18898406417016128,0.1955427457176907,0.17417851295373654,3729285.496184069,0.019118482701406724,0.10529492172643873,0.018895606976521463,0.18898406417016128,0.5679041360834396,1.0,0.18898406417016128
3,1,0,0,0,3.2925070425661,0.06352762137040531,5.977434821667298,0.005313476980382592,5.783130307915035,5.347130300290812,0.03254563509660298,123.97150713419066,12442967206.645678,0.0,0.15383369767202865,0.1891364976909128,0.20284836592645747,0.14201674650222423,474585.1092840369,0.020573729779517,0.10276902970334856,0.020132324580202112,0.1891364976909128,0.45638720504478214,1.0,0.1891364976909128
3,1,0,2,0,3.495812448486532,0.026780354439899175,5.529299100167205,0.01616890502684286,1.495044443693286,4.793456372751364,0.5478578146676601,108.51490703015281,9848201386.498701,0.0,0.1771164443813169,0.18916956408892763,0.18391891461239557,0.1428873945853071,2888528.6253008563,0.016913083576100826,0.09252717278381262,0.01655702172188431,0.18916956408892763,0.3813573664020082,1.0,0.18916956408892763
5,2,1,1,1,3.4039478782450785,0.044000924634796316,2.6163160386605013,0.0382107019693111,7.155411881773685,1.919856238730185,0.8201753901431247,104.72172633846405,14032401693.06,0.0014106597785644868,0.14900447046810406,0.18925864994056457,0.20552448474202573,0.17160635414744652,3249909.9861305887,0.021120156914237583,0.12113213081451202,0.020740854058728914,0.18925864994056457,0.5513941215322145,1.0,0.18925864994056457
3,1,0,2,1,2.2646902497585226,0.03915259840781961,8.78777259113891,0.022060571969808495,1.4991840953640463,1.0061889300116384,0.5914787962707504,121.96613050281113,11240737038.423437,0.0009050313220932285,0.22336336301888762,0.18932393771531317,0.1544374587938783,0.12846331804320243,5293888.472274109,0.01192546433935543,0.06669224676954177,0.011836662316261756,0.18932393771531317,0.43979325422320215,1.0,0.18932393771531317
3,1,0,2,0,2.242306529350282,0.09831518450848299,8.076597453522579,0.012045819439740688,1.806439613662088,7.152583934660895,0.1544039437236291,105.10269437608895,12458195583.120327,0.0,0.15147735199794155,0.18970714659036983,0.20538703396060493,0.15351109652502715,1570766.283127562,0.02109191685956734,0.10770466434071557,0.020702423857300062,0.010917051941803604,0.38606291668320625,0.05754686704226561,0.18970714659036983
4,2,0,2,0,4.913121489331052,0.06656614063457292,3.324786961501887,0.0639017417444418,2.14953866921135,3.5723543110743483,0.7891302596349413,112.17251119528864,19936433002.957115,0.0009161213179766158,0.17846899764136082,0.1897322937610413,0.183354055839365,0.13071547387338897,2489520.550627339,0.01680935489637249,0.094406772400217,0.01630889425521423,0.1897322937610413,0.3860284516228289,1.0,0.1897322937610413
3,2,1,1,0,2.4776146798314325,0.06274273907864164,1.1608496446819954,0.035297030481289605,1.6652782684995924,2.3281984635036754,0.5675739235359188,64.68929620119735,10826355631.172039,0.001337461889056262,0.16218588689365426,0.18978232752440843,0.19609672279243562,0.15110887362468808,2762772.9574662903,0.01922696234496667,0.10417519064606806,0.018844472797455384,0.6375558087941471,0.2613881627242566,3.359405573272618,0.18978232752440843
3,1,1,2,1,2.7980227491735126,0.07991754883944623,4.2105426757915865,0.03276103872695174,0.7780389464729168,2.8646622005214724,0.051168689555895146,117.28291320424057,12888831904.571524,0.0009608098974170551,0.18124933203595375,0.18985818583334796,0.18385054843619666,0.14409795004593362,5141868.603069937,0.016900512080145147,0.05165548570295686,0.016612629255528855,0.18985818583334796,0.41116047892739754,1.0,0.18985818583334796
3,1,1,2,1,2.7980227491735126,0.07991754883944623,4.2105426757915865,0.03276103872695174,0.7780389464729168,2.8646622005214724,0.051168689555895146,117.28291320424057,12888831904.571524,0.0009608098974170551,0.18124933203595375,0.18985818583334796,0.18385054843619666,0.14409795004593362,5141868.603069937,0.016900512080145147,0.05165548570295686,0.016612629255528855,0.11679958687435249,0.41116047892739754,0.6151938425076694,0.18985818583334796
3,1,0,3,0,2.9969095384219435,0.0879844262054585,4.531163502852177,0.018665041471399052,6.0936142051754,13.225331092831366,0.017674253372886767,119.5200603740856,17515485086.34707,0.0,0.1443551045216297,0.1903792537719331,0.2075161269028229,0.15093702459728173,2367727.616550354,0.021531471462374246,0.11392434210666902,0.02102230409460382,0.04115295177354082,0.4092015060543627,0.21616300599035043,0.1903792537719331
5,1,0,2,0,4.005257235133642,0.030617319889006428,3.4621214950795367,0.016140241403751025,0.1110566276956485,2.9331394305699128,0.7247918882484431,119.75215950489655,11071339632.028093,0.0,0.22747329305813702,0.19038196553225553,0.15344531527902763,0.13324635940138357,5056404.196280178,0.011772732390540094,0.059015554511355095,0.011698367305834996,0.5999030343145088,0.3198717203783445,3.1510496944253368,0.19038196553225553
2,1,0,2,1,3.3873447808889847,0.06411667522502525,1.9868722837934043,0.08068649197689827,1.5415083722965344,2.2316112362346967,0.3634325531332021,80.14623397528213,14833751787.930576,0.000918832370564524,0.1402266714694939,0.1903993328008681,0.2073292934291206,0.15541898201343698,2280976.010580697,0.021492717956909196,0.12166927829590912,0.021011054762475254,0.1903993328008681,0.3456976902229104,1.0,0.1903993328008681
4,2,1,1,0,3.7640459734830265,0.0648042733015928,3.6833575924076922,0.03251611048281294,3.330323837970617,4.344118805023158,0.8214209053080493,109.70614039567914,18734460610.474525,0.0011298708788117155,0.15275645718660733,0.19053103607421548,0.20483511309828506,0.15350070096698545,2405514.2462030235,0.020978711778993613,0.11313157927797213,0.02048937298949802,0.19053103607421548,0.41181519535562994,1.0,0.19053103607421548
3,1,0,2,1,3.9199882396573673,0.08475713534401903,3.05105703656608,0.04043843120009358,2.3580300330020263,1.961773411684661,0.5298238533177352,124.7577058002854,12979031260.764605,0.0007467058244937304,0.15082163913315438,0.190571163978476,0.20644124780791817,0.15126406779129056,2491549.916404096,0.02130899439824514,0.11730600927736745,0.02072742012703866,0.190571163978476,0.37527380747902306,1.0,0.190571163978476
3,1,0,2,2,2.1844363864065985,0.09970380337727001,5.263601806958526,0.02289735446533379,0.5073392597630415,5.7492269613202325,0.4179154728413476,115.93956203324562,15331936860.769377,0.0006823805703455512,0.19142515651776718,0.190646410755288,0.17728366203049778,0.1506215380479495,5916469.5202978505,0.015714748411471878,0.049970470962758085,0.015577897521691897,0.190646410755288,0.45159136428208396,1.0,0.190646410755288
3,1,0,2,2,2.1844363864065985,0.09970380337727001,5.263601806958526,0.02289735446533379,0.5073392597630415,5.7492269613202325,0.4179154728413476,115.93956203324562,15331936860.769377,0.0006823805703455512,0.19142515651776718,0.190646410755288,0.17728366203049778,0.1506215380479495,5916469.5202978505,0.015714748411471878,0.049970470962758085,0.015577897521691897,0.190646410755288,0.45159136428208396,1.0,0.190646410755288
3,1,0,2,2,2.1844363864065985,0.09970380337727001,5.263601806958526,0.02289735446533379,0.5073392597630415,5.7492269613202325,0.4179154728413476,115.93956203324562,15331936860.769377,0.0006823805703455512,0.19142515651776718,0.190646410755288,0.17728366203049778,0.1506215380479495,5916469.5202978505,0.015714748411471878,0.049970470962758085,0.015577897521691897,0.190646410755288,0.45159136428208396,1.0,0.190646410755288
4,2,0,2,0,0.3261466039812494,0.08168819117729018,5.6843933722255535,0.07563209977616117,8.683867091956587,14.307288296640632,0.5455752070029077,116.78184236778085,9653907133.91042,0.0006466697765728528,0.1529026099802433,0.19070276290400773,0.20495891929725407,0.14641102463216296,2131946.072518561,0.021004079299749154,0.11207232387686439,0.02045614289027167,0.8983700184631005,0.5126916371539004,4.7108390291928,0.19070276290400773
3,1,0,2,0,3.3062224128704596,0.03561352748364756,1.6668330783321366,0.031202246610362847,1.6632483675347927,4.821443598568849,0.6134170507289146,108.51773733259715,10046524769.386446,0.0005743739812040044,0.14819000320059617,0.1908533628800498,0.20745684695610334,0.15797823692349913,2368164.7063847724,0.021519171674484038,0.1205916844721594,0.021003514582638112,0.014414050756788399,0.33261466441439197,0.07552421680852196,0.1908533628800498
3,1,0,2,1,2.822660816125229,0.09525341227943707,1.383184028107392,0.042019640153346235,0.16714893658221924,10.284906830050486,0.5497134429091856,124.73503210339723,17934383641.992023,0.0007926396731147315,0.1961254272984071,0.19089304534653043,0.1728398512985591,0.14680246727455304,4073516.159959275,0.014936807098454014,0.07383918579760695,0.01478354386145157,0.19089304534653043,0.36755176417373775,1.0,0.19089304534653043
2,2,0,2,0,1.30611318735864,0.06179222351923748,5.341248404866124,0.05422599686070258,6.04473484909126,17.816123717933788,0.13882369210135767,124.20396996496328,14562028979.740988,0.0005516463305214948,0.20636559599867693,0.1908991824459963,0.16593296005418048,0.13850550904803877,4613834.943192767,0.013766873616171127,0.07455257322648012,0.01362981259518249,1.0,0.5029697113368807,8.5764802533122,0.1908991824459963
2,0,1,0,1,0.3713140569398178,0.00988763212102117,2.73974378481533,0.026178185133541594,6.736731201581583,4.068619064505974,0.77122151503495,83.48491829295604,19865885592.97831,0.0013995055340706877,0.12711353053715582,0.1909868423352481,0.2088100769006337,0.1476072583027808,541636.2605435306,0.021800824107624277,0.12105118474940879,0.02123968921091435,0.1909868423352481,0.6928206549100123,1.0,0.1909868423352481
2,1,0,2,0,3.2890301564128035,0.05254938360614252,5.607149481124145,0.05344507444085,3.063349654236817,2.763150094890559,0.3460036652512042,69.4865553927962,18949327399.832825,0.0014457316908909764,0.15683677930850254,0.19104252722447496,0.20189314015883697,0.14988348382606928,2537892.727197601,0.020380420021597897,0.10974213068454208,0.019907211181393658,0.19104252722447496,0.43465132412728263,1.0,0.19104252722447496
4,1,0,2,0,2.947831709001451,0.08811662309266581,8.088821901544478,0.015061703040420813,3.4743742849083756,3.129080124137796,0.6880149546118647,126.24892154997825,13226824368.22629,0.0,0.17001808459248113,0.1912149747514737,0.19137049294318814,0.14811359494801093,2950645.107176109,0.018311332784659413,0.09915309213649848,0.017904727907313095,0.1912149747514737,0.374534278318833,1.0,0.1912149747514737
3,1,0,0,0,4.279635046862597,0.06992262702363923,5.470782935698791,0.007422476514872615,8.501479304648655,12.957095612922272,0.15235063098144883,123.36683478080806,12133820593.563736,0.0,0.1550496968465539,0.19122219450847933,0.20429907068231998,0.14094197865204888,222660.96720206342,0.02086905514082979,0.09972125335714299,0.02044914477891942,1.0,0.43589354797729657,12.637662984266676,0.19122219450847933
3,1,1,2,1,2.2145294892391356,0.08462836946898651,6.303074507132075,0.016023857949253144,3.181868940852486,8.135763078833445,0.047947313434199265,110.55431729026944,9709131170.4924,0.0,0.20500914364684983,0.19127061008273172,0.166949308208741,0.14375129324262997,4328950.776702649,0.013936035755688594,0.07840635351600567,0.013805269691405372,0.19127061008273172,0.426638550659204,1.0,0.19127061008273172
3,1,0,2,0,4.312350523502108,0.033474920056375916,5.377476117971712,0.032729721834213424,0.6277710611467954,4.81791591546488,0.8086253353895825,127.20023144406296,9444402356.59982,0.0006844973841459675,0.1442871806380029,0.1913118314729438,0.2081878757795178,0.16334685016218592,2968587.1154762064,0.021671095810793968,0.12108446475827661,0.021194350674004426,0.1913118314729438,0.5233561119381652,1.0,0.1913118314729438
3,1,0,2,0,2.0320617327001016,0.048278038226640785,3.643292023716383,0.016318162259086638,2.1573253552691614,3.161233477268806,0.43441805871301803,120.71195203094452,18580760103.823494,0.0,0.200105077080943,0.191386801230772,0.17015163254706658,0.14583928296770168,4167582.72312583,0.014475789029215985,0.08150454970950427,0.01434128275101655,0.191386801230772,0.37190646768885777,1.0,0.191386801230772
5,0,1,1,1,3.2635344311050654,0.0746692891440096,8.414739365404202,0.05995329485826793,7.312505377519974,3.0024323101668773,0.7460941955315925,67.56170545865902,9343745302.914238,0.0012747565188050245,0.15875314171323596,0.19150355192930116,0.20096229137214555,0.17297060155390084,3369201.4477927648,0.020192921276771563,0.10520178065094643,0.0198702178059078,0.19150355192930116,0.6056069241132486,1.0,0.19150355192930116
5,2,1,1,1,4.658161362799119,0.043842874490238,8.149696013321972,0.035108480768669105,9.964094548476949,16.576259443860128,0.3504137474484889,105.46813625624765,17116283705.914019,0.0006906710079571903,0.13320176734560712,0.19151752250500337,0.20938503957464805,0.16852694452217926,3209399.399382138,0.021921047398838465,0.11568196258660501,0.021483406996663935,1.0,0.5194424008994329,11.036357924651751,0.19151752250500337
2,1,0,2,1,3.3443708069761224,0.06676357165688053,2.016130068862039,0.08348528423161901,1.6985375549962884,2.449909545066407,0.37551235431273894,79.20458814841041,14726384986.799212,0.0009456893060853155,0.169569430926452,0.1915895446704377,0.19181150045132736,0.1546737134707799,3539916.100609997,0.01839582585269478,0.10486072764377097,0.018103026156789076,0.054618262878770044,0.5073022134716305,0.28507955887009134,0.1915895446704377
3,2,0,2,1,4.3302438917036685,0.043511716164537625,2.5220532218025156,0.009383752214958622,1.4428330104970735,14.854251669472454,0.59764647106812,122.36247700494594,15420017523.649887,0.0,0.16827692284888396,0.1916460921312654,0.19312440639368483,0.14174345985939593,2125077.224766988,0.01864851817245657,0.10175572756577189,0.018178461365006542,1.0,0.3799570399197569,18.40017535366467,0.1916460921312654
4,2,0,2,0,3.2967379170098874,0.04764304510300142,6.606665766366786,0.023510424266229568,2.805654030630276,2.0720721252258403,0.5403855324986185,106.03198025154849,19240556181.627262,0.0005486509364993141,0.15722195296751884,0.19165068955627718,0.20198829912654223,0.1355525549183539,2105488.5235591894,0.02039963649201675,0.11397259871722354,0.019786625928347193,0.3193504454712158,0.5043576478149147,1.6663151393329076,0.19165068955627718
3,1,0,2,1,1.4361546724343681,0.017119927053553446,5.995574521162115,0.011013873385479026,3.322317306576063,16.949182771516007,0.24562989844716487,86.37926343836695,12523495186.34884,0.0,0.15925445937269855,0.19173588711538278,0.2007036726853358,0.148735485107809,2058381.5727246664,0.020140982114691203,0.10647412118728938,0.019724431782671605,0.19173588711538278,0.35397036734398507,1.0,0.19173588711538278
3,1,0,2,1,1.4361546724343681,0.017119927053553446,5.995574521162115,0.011013873385479026,3.322317306576063,16.949182771516007,0.24562989844716487,86.37926343836695,12523495186.34884,0.0,0.15925445937269855,0.19173588711538278,0.2007036726853358,0.148735485107809,2058381.5727246664,0.020140982114691203,0.10647412118728938,0.019724431782671605,0.19173588711538278,0.35397036734398507,1.0,0.19173588711538278
3,1,0,2,1,1.4361546724343681,0.017119927053553446,5.995574521162115,0.011013873385479026,3.322317306576063,16.949182771516007,0.24562989844716487,86.37926343836695,12523495186.34884,0.0,0.15925445937269855,0.19173588711538278,0.2007036726853358,0.148735485107809,2058381.5727246664,0.020140982114691203,0.10647412118728938,0.019724431782671605,0.19173588711538278,0.35397036734398507,1.0,0.19173588711538278
4,1,0,2,0,1.2201349380682036,0.06369845430011511,4.180161599904008,0.014248829181782795,3.437861312198846,8.07381874340539,0.5524634801981829,128.57238397297212,10863758742.309725,0.0,0.19766359810827733,0.1917414688891855,0.17207408391425544,0.13932691300777278,3025943.687345322,0.014804745177465111,0.08304679091343514,0.01462874178966867,0.11499892566233506,0.3696864621252297,0.5997603248194432,0.1917414688891855
5,2,1,1,1,3.2173338094570862,0.018959694710634054,8.755266739515319,0.009963713690401867,8.627976801186016,17.77211525544961,0.620905704707511,81.40874674333193,16071401295.959232,0.0,0.10418186670759022,0.19186632693509506,0.2109798267756139,0.14363631382847614,1080658.901996878,0.02225624365313402,0.12423137315574095,0.021464966005339536,0.19186632693509506,0.37955568741518947,1.0,0.19186632693509506
5,2,1,1,1,3.2173338094570862,0.018959694710634054,8.755266739515319,0.009963713690401867,8.627976801186016,17.77211525544961,0.620905704707511,81.40874674333193,16071401295.959232,0.0,0.10418186670759022,0.19186632693509506,0.2109798267756139,0.14363631382847614,1080658.901996878,0.02225624365313402,0.12423137315574095,0.021464966005339536,0.19186632693509506,0.37955568741518947,1.0,0.19186632693509506
3,1,0,2,0,1.4852274017075047,0.017698073620962068,8.652613879235975,0.01217851242114645,2.9089265918939207,5.615942591058592,0.74092820083527,106.51189844568293,10718293552.696173,0.0,0.20903559839231556,0.1919497846513338,0.16514601938531953,0.13969600801399062,4883802.156311824,0.013636603859408167,0.07547125451351622,0.013506418658785801,0.1919497846513338,0.33770228684140396,1.0,0.1919497846513338
3,1,0,2,0,1.4852274017075047,0.017698073620962068,8.652613879235975,0.01217851242114645,2.9089265918939207,5.615942591058592,0.74092820083527,106.51189844568293,10718293552.696173,0.0,0.20903559839231556,0.1919497846513338,0.16514601938531953,0.13969600801399062,4883802.156311824,0.013636603859408167,0.07547125451351622,0.013506418658785801,0.1919497846513338,0.33770228684140396,1.0,0.1919497846513338
3,1,0,2,0,4.095462550984163,0.020798987267337945,3.4642405115968047,0.004450750632844803,4.016859813390056,2.497717649016385,0.49439493176929067,100.98957452535075,9396602129.645557,0.0,0.13346970302615613,0.19197639145849477,0.20960995680402147,0.15512692324685526,2155023.040242818,0.021968166995691873,0.12072069347968217,0.021427246574921645,0.0075090271526368196,0.36175206269441246,0.03911432596262895,0.19197639145849477
3,1,0,2,0,4.095462550984163,0.020798987267337945,3.4642405115968047,0.004450750632844803,4.016859813390056,2.497717649016385,0.49439493176929067,100.98957452535075,9396602129.645557,0.0,0.13346970302615613,0.19197639145849477,0.20960995680402147,0.15512692324685526,2155023.040242818,0.021968166995691873,0.12072069347968217,0.021427246574921645,0.19197639145849477,0.36175206269441246,1.0,0.19197639145849477
3,1,0,2,0,1.869644932705711,0.055225140800227654,8.779239068124257,0.02301493127979213,0.597726098179242,3.8910632473516578,0.4383391793290406,102.75792023977465,12473390048.083302,0.0008867847745299624,0.2065395190534294,0.19220766365800127,0.16750987989670868,0.1435085056686395,5689351.1211911375,0.014029779931504885,0.066883203772651,0.013923036320652046,0.19220766365800127,0.43116921273121006,1.0,0.19220766365800127
3,1,0,2,0,1.869644932705711,0.055225140800227654,8.779239068124257,0.02301493127979213,0.597726098179242,3.8910632473516578,0.4383391793290406,102.75792023977465,12473390048.083302,0.0008867847745299624,0.2065395190534294,0.19220766365800127,0.16750987989670868,0.1435085056686395,5689351.1211911375,0.014029779931504885,0.066883203772651,0.013923036320652046,0.06641350864031247,0.43116921273121006,0.34552997199156055,0.19220766365800127
3,1,0,2,0,1.869644932705711,0.055225140800227654,8.779239068124257,0.02301493127979213,0.597726098179242,3.8910632473516578,0.4383391793290406,102.75792023977465,12473390048.083302,0.0008867847745299624,0.2065395190534294,0.19220766365800127,0.16750987989670868,0.1435085056686395,5689351.1211911375,0.014029779931504885,0.066883203772651,0.013923036320652046,0.19220766365800127,0.43116921273121006,1.0,0.19220766365800127
5,1,1,1,1,1.0253843866384473,0.022679545120356737,9.312198676958342,0.04134108681038439,1.9249664563351299,4.274346053801708,0.15676120608576563,117.98180769156419,14376051976.075502,0.000990479723495309,0.15572291052587683,0.1922153752576839,0.20397059352526734,0.13539689964157195,326681.78999767604,0.020802001511524917,0.11424942996420184,0.02025576367086837,0.1922153752576839,0.460553547830278,1.0,0.1922153752576839
3,1,1,2,1,2.899955522450209,0.04785243979879619,4.928265115892412,0.006142627721237807,3.9436061586520155,3.8881429469561346,0.04057727431036423,129.95150111810426,14116273722.927664,0.0,0.1407666661436775,0.1922968673212374,0.20960970177275878,0.14230189268259952,797855.643360475,0.021968113538632438,0.11983763660553948,0.02130833090497189,0.1922968673212374,0.4792644056933032,1.0,0.1922968673212374
5,1,1,1,1,2.1405911975413807,0.07105065272118594,5.15065908593915,0.01040961628658564,3.238446040673901,14.433927443507903,0.7328817106360036,108.30064644365238,12209425456.332832,0.0,0.1817746929072021,0.19274961816988945,0.18391003672123,0.14680206059193282,2078498.0230862766,0.016911450803402082,0.09512232418543087,0.016680124167162236,0.19274961816988945,0.38888938442446563,1.0,0.19274961816988945
3,1,1,2,1,2.895641264155795,0.04785244793134501,4.934422546612643,0.006233623424134409,3.9314473021976455,3.8834263522388754,0.04040681029236682,129.90235447861315,14104580548.239826,0.0,0.14051756237040147,0.1928177684446734,0.2101659658819208,0.14291975999689469,791603.9207246614,0.022084866607540346,0.12093151992287321,0.021418894518781047,0.1928177684446734,0.47900457625791854,1.0,0.1928177684446734
3,1,1,2,1,2.895641264155795,0.04785244793134501,4.934422546612643,0.006233623424134409,3.9314473021976455,3.8834263522388754,0.04040681029236682,129.90235447861315,14104580548.239826,0.0,0.14051756237040147,0.1928177684446734,0.2101659658819208,0.14291975999689469,791603.9207246614,0.022084866607540346,0.12093151992287321,0.021418894518781047,0.1928177684446734,0.47900457625791854,1.0,0.1928177684446734
3,1,1,2,1,2.895641264155795,0.04785244793134501,4.934422546612643,0.006233623424134409,3.9314473021976455,3.8834263522388754,0.04040681029236682,129.90235447861315,14104580548.239826,0.0,0.14051756237040147,0.1928177684446734,0.2101659658819208,0.14291975999689469,791603.9207246614,0.022084866607540346,0.12093151992287321,0.021418894518781047,0.10215301231127473,0.47900457625791854,0.5297904499946862,0.1928177684446734
3,1,0,2,0,3.1976122472310093,0.03521105403020885,1.46279924951782,0.031179689993300494,1.3181999851933486,5.186248296645424,0.6005234508455207,111.04613693177828,10044727600.765215,0.0006133532690095111,0.15753799685841274,0.1928644143423313,0.20290565888894574,0.14058709476294995,2390411.4777675536,0.020585353204578605,0.11686800901013361,0.019989134066605452,0.1928644143423313,0.5194716888113519,1.0,0.1928644143423313
3,1,0,2,0,1.6531463992864015,0.033188989974519995,1.7834171097040024,0.010317413287675267,1.1200504220206242,5.933132623231503,0.569788914573102,121.96258528464521,15156056139.89694,0.0,0.207855803102502,0.19292076435476493,0.16672298121117343,0.14124457709687538,4593380.299966258,0.013898276231970647,0.07725275161430212,0.013769621189797234,0.19292076435476493,0.31999263693825003,1.0,0.19292076435476493
3,1,0,2,0,1.6531463992864015,0.033188989974519995,1.7834171097040024,0.010317413287675267,1.1200504220206242,5.933132623231503,0.569788914573102,121.96258528464521,15156056139.89694,0.0,0.207855803102502,0.19292076435476493,0.16672298121117343,0.14124457709687538,4593380.299966258,0.013898276231970647,0.07725275161430212,0.013769621189797234,0.012882120877634524,0.31999263693825003,0.06677415425301444,0.19292076435476493
3,1,0,3,0,4.258293760175631,0.08562234511951726,5.442155893895343,0.007392603637536214,4.163178766071123,6.12785585125857,0.09538754673022873,128.01677132026768,10228398686.955046,0.0,0.13332260827563125,0.19310894702271675,0.21066191254783304,0.16449837414120527,2470196.22500249,0.022189220699155427,0.12541459816638678,0.021709490133398644,0.19310894702271675,0.40562006385557764,1.0,0.19310894702271675
5,1,1,1,1,2.344544327495132,0.06978832406343344,0.774379335377365,0.01226480370814776,0.5125710653322804,16.045445939220482,0.46814020575837445,109.20275454196707,10335404976.782135,0.0,0.17909567485467554,0.19311323317927867,0.18615800825550669,0.1526208741472465,2001463.2696651584,0.017327402018828646,0.09851503672075201,0.017045616161624966,1.0,0.18351172464282545,150.20010017298978,0.19311323317927867
5,1,1,1,1,2.344544327495132,0.06978832406343344,0.774379335377365,0.01226480370814776,0.5125710653322804,16.045445939220482,0.46814020575837445,109.20275454196707,10335404976.782135,0.0,0.17909567485467554,0.19311323317927867,0.18615800825550669,0.1526208741472465,2001463.2696651584,0.017327402018828646,0.09851503672075201,0.017045616161624966,1.0,0.18351172464282545,150.20010017298978,0.19311323317927867
3,1,0,2,0,1.8895666969080058,0.057313861482581004,6.7324033899913305,0.009590933646204457,4.502876984873218,7.727533304905901,0.3483040504137557,90.74487289826578,9199454198.42913,0.0,0.20318216913066472,0.1933186395308832,0.1699517667481419,0.1415803821586116,4063438.845156171,0.014441801510407418,0.08135577470276556,0.014273930963710981,0.12295130388710644,0.38107325423241734,0.6360033579041643,0.1933186395308832
3,1,0,2,1,3.9922915563631194,0.08543436506406138,3.1110132752531343,0.04002782839659587,2.2789385806467544,1.9470706410217593,0.5260526505214174,123.64400631478219,12890488824.892193,0.0007490981866981445,0.14395457814115048,0.1934832298522409,0.2103915065522209,0.17017148390386327,2995905.077190482,0.02213229301465661,0.12692211450125512,0.021680071857437394,0.1934832298522409,0.4946670577449153,1.0,0.1934832298522409
5,1,0,1,1,4.782543965647416,0.04849610724584823,1.355001161516302,0.04364987560746689,1.9080545942998652,2.311954447935946,0.10522038973588253,101.50950136706318,18052662167.873116,0.0007875546645642645,0.12148464475914111,0.19349791095114346,0.21175449865718202,0.15746839948025282,1854083.4567426075,0.022419983850777248,0.1262271132408569,0.021901171589059826,0.19349791095114346,0.29140318429202444,1.0,0.19349791095114346
5,1,1,1,1,3.1579467477587677,0.08583780335781371,4.492929294161101,0.09436752723145733,8.975960112867474,15.160718297279933,0.2497043846004626,103.33735636661936,14589349003.807737,0.0006668104322059751,0.18014983087671313,0.1934996059089637,0.1857731990786558,0.15032999544421352,2780318.3187578875,0.01725584074795894,0.09795204509991418,0.016991267680199363,0.1934996059089637,0.467369677202095,1.0,0.1934996059089637
3,2,0,1,0,4.625995675190529,0.09578202673440102,9.136999157799554,0.007659562929465982,8.448627619030988,2.3545222586594896,0.44852310453056743,73.89860163771047,18351123059.07366,0.0,0.161368312697605,0.19381782939981781,0.20112867119274658,0.15468526271278993,2717497.349980496,0.020226371187879982,0.10697091153708416,0.019824429467287227,0.19381782939981781,0.38890165125907505,1.0,0.19381782939981781
3,1,0,2,0,3.2344641961275036,0.034378999558060515,1.5432839118758137,0.030882336948315745,1.342731471132191,4.922681630698754,0.6018265917544211,109.2231352656709,10149427773.095068,0.0005839562586865205,0.1339956933596278,0.193821572905712,0.21140066365708365,0.15809715467115687,1966972.382049699,0.022345120297327707,0.12627936228686265,0.021815599360585105,0.193821572905712,0.32855017529086467,1.0,0.193821572905712
3,1,0,2,0,3.2344641961275036,0.034378999558060515,1.5432839118758137,0.030882336948315745,1.342731471132191,4.922681630698754,0.6018265917544211,109.2231352656709,10149427773.095068,0.0005839562586865205,0.1339956933596278,0.193821572905712,0.21140066365708365,0.15809715467115687,1966972.382049699,0.022345120297327707,0.12627936228686265,0.021815599360585105,0.10761464829086538,0.32855017529086467,0.555225337807038,0.193821572905712
3,1,0,2,0,3.2344641961275036,0.034378999558060515,1.5432839118758137,0.030882336948315745,1.342731471132191,4.922681630698754,0.6018265917544211,109.2231352656709,10149427773.095068,0.0005839562586865205,0.1339956933596278,0.193821572905712,0.21140066365708365,0.15809715467115687,1966972.382049699,0.022345120297327707,0.12627936228686265,0.021815599360585105,0.10761464829086538,0.32855017529086467,0.555225337807038,0.193821572905712
3,1,0,2,1,1.0938968752130789,0.08944009877587734,2.2732054650789673,0.004952963192260398,0.5297849296596324,1.6850417812183454,0.3891125493741114,115.50900393043572,9250199552.150356,0.0,0.11554710683658959,0.19384446115918097,0.21289803573333269,0.14856272507640148,838586.7080896143,0.0226627868095557,0.11941272207081832,0.02212841920137118,0.03154952932881021,0.3526915393599975,0.1627569296545564,0.19384446115918097
3,1,0,3,0,3.3968606104868244,0.07372684829423107,4.8788723222267985,0.009244877638566917,3.676059589063581,3.4741932422107076,0.11460840061549502,119.3315524583211,10668095834.679085,0.0,0.1602839252814724,0.19389817410654223,0.20161839552402516,0.16547511049106603,3333933.7128596343,0.020324988706841126,0.11662190700061903,0.020007037489564033,0.13901750064446983,0.4166230456766175,0.7169613704979149,0.19389817410654223
5,2,1,1,1,3.853410628773941,0.07741359052606094,2.741843423464196,0.06205579116364749,4.080175222174208,1.1032386397306961,0.765734380038042,79.18142875864382,9195343417.512466,0.0013718994298484528,0.13238552437983786,0.19412970824717807,0.21219874501640534,0.15432218128151523,2001423.0419216005,0.02251415369326871,0.12031582159156395,0.021950909121859957,1.0,0.3711259374940981,17.002524799103018,0.19412970824717807
3,1,1,2,0,2.214609780701524,0.0844819225073819,6.327571892993628,0.015986506711254306,3.187530838738209,8.138800402378198,0.050797722565788815,110.6068306974249,9723496309.234358,0.0,0.20619499926011917,0.19419492194726043,0.16884755688715736,0.14620598166142493,4296084.112768991,0.014254748733380921,0.08024063396722403,0.014122064748742237,0.19419492194726043,0.4323572161846619,1.0,0.19419492194726043
2,2,0,2,0,2.940980864756308,0.09577260169292535,9.290249062408694,0.00493531124171509,7.85877369055278,7.274794511824498,0.036582732963171286,97.57090574803516,14745802434.732376,0.0,0.22203292188463755,0.19428404693006154,0.1594440782319886,0.13311773247156342,4811603.268023315,0.012711207041624253,0.07123115285364023,0.012608886069194827,0.19428404693006154,0.36531286417159725,1.0,0.19428404693006154
5,1,1,1,1,4.8233322099319835,0.06764893732812824,0.774379335377365,0.01226480370814776,0.5125710653322804,7.878209015998715,0.46814020575837445,109.20275454196707,10335404976.782135,0.0,0.1777304459169422,0.1943266846411092,0.1884268835122112,0.1245596435435468,1432937.8076835081,0.017752345215062203,0.09973663454126802,0.017173356824854928,1.0,0.18077044324091576,19.535133990729754,0.1943266846411092
5,1,1,1,1,1.353597806590505,0.03713709408545028,6.819029197683158,0.011393985460505053,8.576078349090263,3.252107975635642,0.10752452963750674,118.50361390755417,11857645035.995413,0.0,0.2084562617330521,0.19442165634138953,0.16765756228405315,0.1434000374180187,4238335.180488085,0.014054529095515583,0.07883779472658758,0.013920824116330263,1.0,0.38130964369075904,22.72130656668487,0.19442165634138953
3,1,0,2,0,3.164625739337699,0.03914854412882224,6.555333506934035,0.04058642435309889,5.946110832877354,3.2722229309135398,0.055922558285536154,112.09767803814518,11706594567.397074,0.0005310988546009365,0.15318331679547975,0.19448282805486497,0.2085232943328086,0.14073443982044337,2483213.154270784,0.021740982139703567,0.12093094666823723,0.021064923071206026,0.19448282805486497,0.5018774705618381,1.0,0.19448282805486497
3,1,0,3,0,3.0287193498228997,0.08893020343439183,9.198669423768957,0.013393651563681407,4.806691159448832,10.262732410667518,0.06906016415848003,117.59899278757209,17974362171.64603,0.0,0.1520010802283071,0.19461312089288696,0.20950122446845748,0.16451782849528135,2971455.083382117,0.021945381526891506,0.1258876164063183,0.02140853625002185,0.19461312089288696,0.4430062969202161,1.0,0.19461312089288696
3,1,0,3,0,3.0287193498228997,0.08893020343439183,9.198669423768957,0.013393651563681407,4.806691159448832,10.262732410667518,0.06906016415848003,117.59899278757209,17974362171.64603,0.0,0.1520010802283071,0.19461312089288696,0.20950122446845748,0.16451782849528135,2971455.083382117,0.021945381526891506,0.1258876164063183,0.02140853625002185,0.19461312089288696,0.4430062969202161,1.0,0.19461312089288696
3,1,0,3,0,3.0287193498228997,0.08893020343439183,9.198669423768957,0.013393651563681407,4.806691159448832,10.262732410667518,0.06906016415848003,117.59899278757209,17974362171.64603,0.0,0.1520010802283071,0.19461312089288696,0.20950122446845748,0.16451782849528135,2971455.083382117,0.021945381526891506,0.1258876164063183,0.02140853625002185,0.19461312089288696,0.4430062969202161,1.0,0.19461312089288696
3,1,0,2,0,4.572961523789176,0.08482268453376077,9.201591528415122,0.006591633763133875,9.781902846594953,5.564201741100345,0.513494115236285,102.59159248810904,11412081666.396854,0.0,0.1299391951325004,0.1946367353249979,0.2130796194603465,0.15972085701799985,1962109.5740704848,0.02270146211468304,0.11774051842688416,0.022195036661885333,0.011769417102040687,0.37573807286057076,0.060468631897203313,0.1946367353249979
3,1,1,2,1,1.4279358223514995,0.0625711244837967,5.251352954180623,0.005779301153007432,1.0740194098063296,10.729490895856234,0.7157005114279652,126.82761461441963,9347606255.571892,0.0,0.10718386241929623,0.1947580355462168,0.21411349044719857,0.1504421615636265,262068.85650567143,0.022922293395741297,0.12512521750692307,0.022421026583020087,0.6937577518529429,0.4671501764941866,3.5621521335807045,0.1947580355462168
3,1,0,2,0,1.770373439153587,0.07887361083630334,3.547869912357205,0.03859881259335601,0.5845794965893841,4.725254237252035,0.5910098524637484,108.65228417785931,16865994151.739702,0.0014152369711982022,0.1890036442210658,0.19485072211553042,0.18169194873099048,0.15374970588352807,5255235.169511633,0.016505982116832435,0.07680449653947974,0.016334724073520438,0.5595247511891858,0.44920204187073426,2.871555953780011,0.19485072211553042
3,1,1,2,1,2.088605451353989,0.0739912876555833,5.171419544605467,0.013930681871527916,4.693933588099735,9.9578943132457,0.039774449002025467,117.88964215276384,14276370291.070322,0.0,0.1859502890779649,0.19512004050907697,0.18333321969919875,0.14954097027142038,3329499.102930988,0.01680553472263734,0.09236197768032994,0.016522328971090752,0.19512004050907697,0.3828863630247447,1.0,0.19512004050907697
3,1,1,2,1,2.088605451353989,0.0739912876555833,5.171419544605467,0.013930681871527916,4.693933588099735,9.9578943132457,0.039774449002025467,117.88964215276384,14276370291.070322,0.0,0.1859502890779649,0.19512004050907697,0.18333321969919875,0.14954097027142038,3329499.102930988,0.01680553472263734,0.09236197768032994,0.016522328971090752,1.0,0.3828863630247447,9.208383658754213,0.19512004050907697
3,1,1,2,1,2.088605451353989,0.0739912876555833,5.171419544605467,0.013930681871527916,4.693933588099735,9.9578943132457,0.039774449002025467,117.88964215276384,14276370291.070322,0.0,0.1859502890779649,0.19512004050907697,0.18333321969919875,0.14954097027142038,3329499.102930988,0.01680553472263734,0.09236197768032994,0.016522328971090752,0.19512004050907697,0.3828863630247447,1.0,0.19512004050907697
4,2,0,2,0,2.995660875583627,0.058246614769798685,7.935998541690852,0.02329990843606715,4.543152768492454,1.6420831207946875,0.7972484325403238,116.0869530534176,12242761611.991543,0.0007260442447208765,0.15050854345899994,0.19523396871006943,0.2114681219942577,0.15318305422875717,2774055.0930701983,0.022359383309889132,0.1289267011387346,0.021722052373025463,0.19523396871006943,0.5110046828651968,1.0,0.19523396871006943
3,1,0,2,1,4.364727953241192,0.06725038330319083,1.562456587970499,0.0326207153870493,1.4360792612253441,7.977562430482069,0.45387359706799063,124.79295255144874,10919751769.822046,0.0006921709088817519,0.13719974810143692,0.1952396800326508,0.21270875441832063,0.1583383164380557,2143881.2125194306,0.022622507103096715,0.12892252033703178,0.022093193491847418,0.1952396800326508,0.33170580146746487,1.0,0.1952396800326508
3,1,0,2,1,4.364727953241192,0.06725038330319083,1.562456587970499,0.0326207153870493,1.4360792612253441,7.977562430482069,0.45387359706799063,124.79295255144874,10919751769.822046,0.0006921709088817519,0.13719974810143692,0.1952396800326508,0.21270875441832063,0.1583383164380557,2143881.2125194306,0.022622507103096715,0.12892252033703178,0.022093193491847418,0.1952396800326508,0.33170580146746487,1.0,0.1952396800326508
3,1,0,2,1,4.364727953241192,0.06725038330319083,1.562456587970499,0.0326207153870493,1.4360792612253441,7.977562430482069,0.45387359706799063,124.79295255144874,10919751769.822046,0.0006921709088817519,0.13719974810143692,0.1952396800326508,0.21270875441832063,0.1583383164380557,2143881.2125194306,0.022622507103096715,0.12892252033703178,0.022093193491847418,0.1952396800326508,0.33170580146746487,1.0,0.1952396800326508
3,1,0,2,0,4.394843665428772,0.09137764679086756,5.109933219591702,0.012358929104885067,3.05950811322086,6.397144076602952,0.03048946382648227,114.61767004625439,13615587252.28265,0.0,0.1822982014952258,0.19532931633672151,0.18602736817625326,0.1371404535586509,2844670.686990851,0.01730309085529164,0.09756080904967845,0.01681245377811753,0.19532931633672151,0.4049796385561327,1.0,0.19532931633672151
3,1,0,2,0,4.746296299483558,0.09157270597206627,3.5025896507667027,0.004224198532750522,5.6886802031208985,8.637861991346542,0.2938476450543034,119.66869373408633,11475194914.480865,0.0,0.16832687844008187,0.19552528378685577,0.19705310263598944,0.1396660592975528,1063650.4531978308,0.019414962629234894,0.10577132764086783,0.01896408501566413,0.013220008357235071,0.3662097245450294,0.0676127818417916,0.19552528378685577
3,1,0,2,0,4.746296299483558,0.09157270597206627,3.5025896507667027,0.004224198532750522,5.6886802031208985,8.637861991346542,0.2938476450543034,119.66869373408633,11475194914.480865,0.0,0.16832687844008187,0.19552528378685577,0.19705310263598944,0.1396660592975528,1063650.4531978308,0.019414962629234894,0.10577132764086783,0.01896408501566413,0.19552528378685577,0.3662097245450294,1.0,0.19552528378685577
3,1,0,2,0,4.746296299483558,0.09157270597206627,3.5025896507667027,0.004224198532750522,5.6886802031208985,8.637861991346542,0.2938476450543034,119.66869373408633,11475194914.480865,0.0,0.16832687844008187,0.19552528378685577,0.19705310263598944,0.1396660592975528,1063650.4531978308,0.019414962629234894,0.10577132764086783,0.01896408501566413,0.013220008357235071,0.3662097245450294,0.0676127818417916,0.19552528378685577
2,1,0,1,0,3.169896517626509,0.09749317682512049,6.413193661737646,0.008022214167890975,1.1068856629980324,1.7953900036277388,0.10001609533342139,95.83015962714192,15625925657.134468,0.0,0.15836997301705225,0.19563670533281943,0.2052829231151242,0.14508762873105913,2280549.143226482,0.021070539261344997,0.11672970272979455,0.020530937234010498,0.19563670533281943,0.3947480306503377,1.0,0.19563670533281943
3,1,0,2,0,2.5032611934659403,0.027502486913714187,7.749594006742681,0.00922129171033954,6.250751854280098,2.4490187761145137,0.8421942385745057,106.15933278679118,12621544166.685518,0.0,0.1927362714392327,0.19579368003504752,0.17910034647938472,0.14523295135988196,3824267.37564766,0.016038467054517825,0.09071855570157017,0.01581395718570568,0.19579368003504752,0.3627708891434679,1.0,0.19579368003504752
5,2,1,1,0,2.883688045924026,0.024855716208228885,3.3946494726068317,0.007117522270090987,7.202834369907926,3.7699514243340486,0.6662252136228716,127.34465161882282,17842331576.55667,0.0,0.16006721512723296,0.1958514005547829,0.20408478212242606,0.1565894597128456,2658080.4000979993,0.02082529914697906,0.11506584717089352,0.02039293879280124,0.17043411903122516,0.3777960341193013,0.8702215993781055,0.1958514005547829
3,0,0,2,1,3.8660506773655743,0.06722402581362447,1.6274465924131838,0.032435485242625545,5.106367100532979,4.120603849874117,0.42941918828960934,65.62819860805047,16983190553.306866,0.000674182797535997,0.15201297855473794,0.1960138115363377,0.2111889615021083,0.1692480510575296,2571441.797829046,0.022300388730169495,0.12443692435079268,0.02182055231633885,0.39438850368746314,0.5513066896376756,2.012044460521855,0.1960138115363377
3,1,0,3,0,3.746465637272879,0.08616993326676649,6.937891689711358,0.008661399576216405,3.001751664212815,12.53587490786108,0.36594242713219544,109.19269030921718,18566577422.16317,0.0,0.11972322192741897,0.19606408775012876,0.2145470904040149,0.16152612167651256,1863919.8794643562,0.023015227000414272,0.1312427692064887,0.02249254420729827,0.07653809936445703,0.42085006012795984,0.3903728634996123,0.19606408775012876
3,1,0,3,0,3.746465637272879,0.08616993326676649,6.937891689711358,0.008661399576216405,3.001751664212815,12.53587490786108,0.36594242713219544,109.19269030921718,18566577422.16317,0.0,0.11972322192741897,0.19606408775012876,0.2145470904040149,0.16152612167651256,1863919.8794643562,0.023015227000414272,0.1312427692064887,0.02249254420729827,0.19606408775012876,0.42085006012795984,1.0,0.19606408775012876
3,1,0,2,0,2.0554360001800807,0.03817941260168367,0.5160715583861843,0.014427478062464128,0.3917920922743491,10.474282654231942,0.7122200556900254,120.70378137954376,17420007781.329906,0.0,0.18172723974085986,0.1962164655191985,0.18726768616970982,0.15426756147490897,3274695.5996104865,0.017534593141678465,0.09957113151303354,0.0172682070890701,0.1962164655191985,0.2011430369269062,1.0,0.1962164655191985
4,1,0,1,0,1.9166131209936783,0.07292021064441816,1.0309414909269392,0.004964461017437997,1.9924378341500162,1.7021435917546135,0.16958394123854792,122.71882124501987,9637289547.49624,0.0,0.15660125077803766,0.1964730530277189,0.20781251521608818,0.15262767505044095,2615922.1655169385,0.021593020740218443,0.11736583299568559,0.02099912370167396,0.44784112039952295,0.2366032672788873,2.2794022564322876,0.1964730530277189
5,1,0,2,0,1.0501277658958645,0.0338073525397956,5.037964932802897,0.014522369481509072,1.5526875862396574,10.062368086895361,0.45468714950568245,112.79768223287088,11907368364.692104,0.0,0.23537361488940536,0.19651190170064115,0.15414878508866484,0.12611847671916743,3470894.025418812,0.01188092397215569,0.06196211992502354,0.011779850150658,1.0,0.3744600230163181,42.60871628900538,0.19651190170064115
2,2,1,1,2,3.008442279130604,0.03807170339032431,7.116895158306423,0.005670789885179915,2.000564891274913,1.3630874553496852,0.5373304154457729,116.57004950341715,14480336773.213995,0.0,0.1190593954197479,0.19664286014118315,0.21541479422879434,0.15253813973238706,1917798.5723242227,0.023201766786316903,0.12854453872809402,0.022601019850880547,0.19664286014118315,0.35524073211432133,1.0,0.19664286014118315
2,2,1,1,2,3.008442279130604,0.03807170339032431,7.116895158306423,0.005670789885179915,2.000564891274913,1.3630874553496852,0.5373304154457729,116.57004950341715,14480336773.213995,0.0,0.1190593954197479,0.19664286014118315,0.21541479422879434,0.15253813973238706,1917798.5723242227,0.023201766786316903,0.12854453872809402,0.022601019850880547,0.399740323605954,0.35524073211432133,2.0328239902478713,0.19664286014118315
3,1,0,2,1,2.599959001137612,0.07533102648283943,0.4869381950601644,0.011109623292872585,0.23955681473828624,1.430110881494997,0.5088123701581746,105.9911970730753,10355341875.099056,0.0,0.17396997734724595,0.19665968462444747,0.19349911513928092,0.15160138441565768,3252675.058509483,0.01872095377984235,0.10689774885462677,0.01825216877792517,0.19665968462444747,0.21139350431850598,1.0,0.19665968462444747
3,1,0,2,1,2.599959001137612,0.07533102648283943,0.4869381950601644,0.011109623292872585,0.23955681473828624,1.430110881494997,0.5088123701581746,105.9911970730753,10355341875.099056,0.0,0.17396997734724595,0.19665968462444747,0.19349911513928092,0.15160138441565768,3252675.058509483,0.01872095377984235,0.10689774885462677,0.01825216877792517,0.19665968462444747,0.21139350431850598,1.0,0.19665968462444747
5,1,0,2,0,0.3644278038849418,0.020474844735021935,6.349629333419448,0.023668816106397223,1.830476010486891,6.302907080824542,0.2549492141378308,118.42219313895481,11386047105.210114,0.0005909965555122025,0.2284780863102338,0.1967847437099678,0.15798521952596212,0.13316624297143775,5461704.14664114,0.01247966479433322,0.0686949137479087,0.012390183537139325,0.11224547418723106,0.3766729744283634,0.5703972374640213,0.1967847437099678
5,2,1,1,1,2.9734145753490315,0.016388261803752115,8.382778666408708,0.014501857697049415,8.661406809173698,15.770657994859585,0.6013771616646325,62.838147734823664,16481850275.91816,0.0,0.1717918124207036,0.19687340491856423,0.1957148664255252,0.14370389771667524,598842.3132230991,0.019152154469980587,0.10367180317488067,0.01882415500630849,0.19687340491856423,0.38595053086587705,1.0,0.19687340491856423
3,2,0,0,0,2.229603250170561,0.07465928338975196,1.290973771638937,0.024946179919821582,1.0417500073059738,6.368862076215788,0.26215043884634637,118.47157431416295,11306732322.203812,0.0005939283785844865,0.19173487042549678,0.19689671655712815,0.18088122162347714,0.14609344794637624,3667731.0388858123,0.01635900816800073,0.09150852019324784,0.01614210732307725,0.19689671655712815,0.3440998871974708,1.0,0.19689671655712815
3,1,0,2,0,4.5752287989113265,0.0847451170986697,9.232948220117134,0.00682009292718193,9.832898836996831,5.653999682713041,0.5147677303010862,102.63395246807998,11446786859.174103,0.0,0.12829346675807907,0.19691058208555093,0.21566470530686885,0.1605794036774878,1916831.2726883308,0.023255632557549293,0.12036255217861946,0.02271608950179176,0.19691058208555093,0.37630693896119494,1.0,0.19691058208555093
3,1,0,3,0,4.4529343485769095,0.09052407523866673,8.888605619181199,0.013549159642389674,3.6928433098226225,10.379900483869958,0.1072034565820401,108.51879638942358,11983029076.487017,0.0,0.1259624363903467,0.19692972548376644,0.21534021507168905,0.1546140463905912,2154288.041271761,0.02318570411356065,0.12866271295270792,0.022435906209682787,0.031180874874978448,0.40727673745980464,0.15833503448187555,0.19692972548376644
3,1,0,2,0,3.645631403533758,0.0865902192140042,7.061098829542459,0.01228694543468362,7.243910178839835,7.503757490711561,0.020641949615526057,112.44538025511523,13220595637.950806,0.0,0.18332697203310377,0.19696708187202192,0.18698335577817427,0.14127840231263436,3019501.288066936,0.017481387669033645,0.0964423133666874,0.017044208803190863,0.19696708187202192,0.42261951581964435,1.0,0.19696708187202192
3,1,0,2,0,3.645631403533758,0.0865902192140042,7.061098829542459,0.01228694543468362,7.243910178839835,7.503757490711561,0.020641949615526057,112.44538025511523,13220595637.950806,0.0,0.18332697203310377,0.19696708187202192,0.18698335577817427,0.14127840231263436,3019501.288066936,0.017481387669033645,0.0964423133666874,0.017044208803190863,0.19347779076219762,0.42261951581964435,0.9822849022452826,0.19696708187202192
3,1,0,2,1,1.906751677156768,0.09194154329944167,6.730592871897348,0.005823401247643873,4.054959443111431,3.5311967574025953,0.38598059047397376,123.26068353253375,9363203423.467415,0.0,0.18422950014542985,0.19696978989347397,0.18617492761567167,0.1468060181314014,3535955.4386219904,0.01733055183635029,0.09844412406223824,0.017004642710675952,0.19696978989347397,0.369858687863122,1.0,0.19696978989347397
3,1,0,3,0,4.82276560342091,0.09040133499055727,3.4043498555090936,0.003083704062782395,2.143594693181782,7.436704963899691,0.24911112479387065,119.7493083215827,12556126073.437891,0.0,0.1480468478726818,0.19721832550865487,0.214617023128277,0.16879524148735098,3000337.337080907,0.023030233308221692,0.12480003581148524,0.022539113423093404,0.19721832550865487,0.38542454633858725,1.0,0.19721832550865487
3,1,0,3,0,4.82276560342091,0.09040133499055727,3.4043498555090936,0.003083704062782395,2.143594693181782,7.436704963899691,0.24911112479387065,119.7493083215827,12556126073.437891,0.0,0.1480468478726818,0.19721832550865487,0.214617023128277,0.16879524148735098,3000337.337080907,0.023030233308221692,0.12480003581148524,0.022539113423093404,0.0225300215115375,0.38542454633858725,0.11423898592298298,0.19721832550865487
5,1,1,1,1,4.135689157829041,0.0965778626795803,0.6038681552045005,0.029271818436467215,0.590009141381257,13.11409688577082,0.03637433596659011,96.57526961754031,12492130774.848913,0.000992630165709966,0.1914763208346098,0.19728771379053606,0.18244220688042886,0.15742616187407554,4365805.907987238,0.016642579425700604,0.07464730821576904,0.016491530124642953,1.0,0.2437379972525275,125.23909407222831,0.19728771379053606
3,1,0,2,0,4.408895660789547,0.09167729387686543,5.113952253859616,0.012394552525683118,3.0564811189786623,6.413723377436036,0.03265820400296196,114.56034492680008,13637380139.934364,0.0,0.18295010943807044,0.19730344417223464,0.1874721309153897,0.1378210673936573,2795407.76310467,0.017572899934978507,0.09899198895940386,0.017065593146461708,0.19730344417223464,0.40387250362209287,1.0,0.19730344417223464
3,1,0,2,0,4.408895660789547,0.09167729387686543,5.113952253859616,0.012394552525683118,3.0564811189786623,6.413723377436036,0.03265820400296196,114.56034492680008,13637380139.934364,0.0,0.18295010943807044,0.19730344417223464,0.1874721309153897,0.1378210673936573,2795407.76310467,0.017572899934978507,0.09899198895940386,0.017065593146461708,0.19730344417223464,0.40387250362209287,1.0,0.19730344417223464
5,2,1,1,1,4.019195829771526,0.08122820186104128,4.698855652245099,0.043720571882580876,9.0242359210811,11.950480189434,0.028941261143211574,103.91574978057284,19617775863.875175,0.0006512453294448027,0.15569773845095375,0.1973788316870884,0.20954378802070675,0.15854033378681692,1584446.4943678065,0.021954299549033444,0.11971595179642447,0.02147883716794596,0.1973788316870884,0.47255238399109095,1.0,0.1973788316870884
3,0,0,0,0,2.6482485415518893,0.06448324736053136,0.8408579610266199,0.02811284305513678,0.5451610741457626,10.923747213319475,0.33242436798707764,114.1487605152797,9717461632.481901,0.0005976394725451027,0.17254113785275782,0.19745199183209594,0.1954119914962118,0.1359480003150482,2054202.6105479465,0.019092923210257778,0.10878755269368412,0.018570769526387924,1.0,0.5869138766611607,9.083054767327976,0.19745199183209594
4,2,0,2,0,0.4993656569774053,0.08493223516942432,2.8053223576460113,0.06634777847228356,7.49520414476379,8.122065920619633,0.8174678673477782,122.88656236033341,13727147576.147844,0.0006424831880372948,0.16417650551445317,0.19747910440113586,0.20250378975965072,0.1357505852284069,2005648.632253379,0.020503892433510407,0.11039081516969229,0.01993218805237228,0.90616486829517,0.510716960886536,4.588662031069845,0.19747910440113586
3,2,0,1,2,2.7525932234695865,0.08595041250575892,1.2550099260991132,0.02294081416855773,1.7159320681988284,1.8069954013003522,0.41227882066416455,108.40506905595251,10886583734.065409,0.0009511174316774019,0.15036678292118222,0.19759424111982965,0.21458144670232968,0.15487454097674708,2207935.974661945,0.023022598634432373,0.12482140533719244,0.02230951444325962,0.09764261220499834,0.30385383968786855,0.4941571760979798,0.19759424111982965
3,1,0,2,0,1.093395112787188,0.08963675980304915,2.3070868065611982,0.004798175671679518,0.49883853793253263,1.7000011130953896,0.38789171457391725,115.32012393263857,9255620741.560684,0.0,0.13549295464158229,0.19760593228933532,0.21587345837281385,0.14976064585083493,803156.0198619749,0.0233006750149195,0.12347622379236944,0.02272744520360925,0.19760593228933532,0.3513477733948485,1.0,0.19760593228933532
3,1,0,2,1,1.2190626152616013,0.0696503660058599,1.1778473012741928,0.0028890360365770285,3.189952107087684,4.648709955480592,0.3660920920968804,119.72446695147448,11382427027.75199,0.0,0.15598945876359988,0.19765296789340195,0.2092931612962098,0.14838045005966985,2036466.1402585255,0.021901813682680647,0.12469348017499182,0.021234342698199748,0.02572335719884386,0.280715072626978,0.13014404728148055,0.19765296789340195
3,1,0,2,2,2.174450135748409,0.099750792989669,5.262157714651299,0.02281563520229914,0.49296405415727873,5.783260427651259,0.417154602196141,115.84214158357139,15338350386.592018,0.0006823687456765006,0.19309484459357934,0.19781450755953398,0.18319379951749465,0.1571009419476034,6062724.997746377,0.016779984090828013,0.05041241212997727,0.016625269314048462,0.19781450755953398,0.45296014070001833,1.0,0.19781450755953398
3,1,0,2,1,1.1108522893252462,0.08433460897531007,6.422783559534521,0.01420743059825957,4.3185248448927425,5.058109165584017,0.3223707682838529,119.36469067735729,9320256991.637125,0.0,0.21379551850925693,0.1978833833243624,0.16761527803075846,0.13860935777693562,4888718.159905862,0.01404744071466423,0.0757599243319339,0.013904261674558695,0.1978833833243624,0.36808380413534153,1.0,0.1978833833243624
3,1,0,2,1,1.1108522893252462,0.08433460897531007,6.422783559534521,0.01420743059825957,4.3185248448927425,5.058109165584017,0.3223707682838529,119.36469067735729,9320256991.637125,0.0,0.21379551850925693,0.1978833833243624,0.16761527803075846,0.13860935777693562,4888718.159905862,0.01404744071466423,0.0757599243319339,0.013904261674558695,0.1978833833243624,0.36808380413534153,1.0,0.1978833833243624
5,2,1,1,1,2.8754925751294387,0.02485440708862777,3.363861586376666,0.006669656107256333,7.240483674389301,3.828877328070296,0.6691864980050949,126.85101339001714,17867809142.12088,0.0,0.15938011508308797,0.197976280072957,0.2068966188516996,0.15761182731422646,2598787.48586745,0.02140310544613273,0.11830921607868239,0.02093222470644461,0.13713078254351996,0.3746256031176493,0.692662689151374,0.197976280072957
3,1,0,1,2,1.104276712657758,0.08967661065228669,2.303030562053135,0.005023812183564394,0.49666213782177765,1.723700601418031,0.38882227057515867,115.4800225383538,9212230574.288822,0.0,0.08793628649189189,0.19810785022326258,0.21917586326899602,0.1469030550923594,841431.8757426479,0.024019029519854816,0.12421201288057215,0.023375061262891246,0.19810785022326258,0.3626083484477835,1.0,0.19810785022326258
3,1,0,1,2,1.104276712657758,0.08967661065228669,2.303030562053135,0.005023812183564394,0.49666213782177765,1.723700601418031,0.38882227057515867,115.4800225383538,9212230574.288822,0.0,0.08793628649189189,0.19810785022326258,0.21917586326899602,0.1469030550923594,841431.8757426479,0.024019029519854816,0.12421201288057215,0.023375061262891246,0.08503870423550966,0.3626083484477835,0.4292545910708393,0.19810785022326258
3,1,0,1,2,1.104276712657758,0.08967661065228669,2.303030562053135,0.005023812183564394,0.49666213782177765,1.723700601418031,0.38882227057515867,115.4800225383538,9212230574.288822,0.0,0.08793628649189189,0.19810785022326258,0.21917586326899602,0.1469030550923594,841431.8757426479,0.024019029519854816,0.12421201288057215,0.023375061262891246,0.19810785022326258,0.3626083484477835,1.0,0.19810785022326258
2,2,0,2,0,2.953210430562611,0.09625714987004638,9.687612259338128,0.0030961678905713093,7.768955608918085,7.162252293944209,0.021671438698284994,98.06838161115742,14659547191.309523,0.0,0.2094017742461985,0.19821889743864948,0.17045974873016523,0.14491396088224373,4591757.601317605,0.014528262968575532,0.08151475092203919,0.014401874338074196,0.19821889743864948,0.3423279214382511,1.0,0.19821889743864948
3,1,0,2,1,3.67426054044745,0.07815735294715448,1.4142584178031812,0.00850409554614818,1.8036513804274306,4.382464816974569,0.28667382627252713,122.04662716793976,10478342171.551376,0.0,0.14758752993444668,0.19830845586579043,0.2156704225503765,0.16293706562437746,2349522.225835375,0.023256865581528972,0.12892753844343274,0.022710305309022186,0.19830845586579043,0.32136707407174964,1.0,0.19830845586579043
3,1,0,2,1,3.67426054044745,0.07815735294715448,1.4142584178031812,0.00850409554614818,1.8036513804274306,4.382464816974569,0.28667382627252713,122.04662716793976,10478342171.551376,0.0,0.14758752993444668,0.19830845586579043,0.2156704225503765,0.16293706562437746,2349522.225835375,0.023256865581528972,0.12892753844343274,0.022710305309022186,0.19830845586579043,0.32136707407174964,1.0,0.19830845586579043
3,1,0,2,1,3.67426054044745,0.07815735294715448,1.4142584178031812,0.00850409554614818,1.8036513804274306,4.382464816974569,0.28667382627252713,122.04662716793976,10478342171.551376,0.0,0.14758752993444668,0.19830845586579043,0.2156704225503765,0.16293706562437746,2349522.225835375,0.023256865581528972,0.12892753844343274,0.022710305309022186,0.028192077078469168,0.32136707407174964,0.1421627582918036,0.19830845586579043
4,1,0,1,1,2.9936499618170482,0.04827589785729342,7.409671557527438,0.04276194525775665,2.5520743474290843,6.03786156741422,0.32903448586766215,82.9250713851524,18503902211.26197,0.0011723565314943004,0.20931255303467838,0.1983486104657816,0.1706376987411062,0.14205640910815168,3343068.8734624404,0.01455861211583026,0.08156924874552718,0.01434646078906101,1.0,0.45023956883332705,50.14398810614789,0.1983486104657816
4,2,0,2,0,4.681341773863121,0.05492765608741701,4.672567044365404,0.042389616286043395,2.4268596382267402,2.8467274790260064,0.7916312327486628,125.77604724525666,16381400574.323704,0.0008563275309875038,0.17172383603261976,0.19848015409663425,0.19716188677518906,0.14197130707870434,2272900.6149929645,0.019436404798376238,0.10932807987580984,0.018791752195784668,0.06840762017426394,0.39560486982862864,0.34465723026876655,0.19848015409663425
5,0,0,3,0,0.3557126453672118,0.01218566674368465,8.159254760003382,0.02334780456361934,1.8716275460268295,4.070436484396426,0.7399090892767625,83.95520707344251,9654210492.667007,0.0007423494749616784,0.12197013638222431,0.19862941682054738,0.2172573563794449,0.13866542769310208,1084913.8651130477,0.023600379450492565,0.13364276212766768,0.02254451740757336,1.0,0.918593265603272,23.651738666404604,0.19862941682054738
3,1,1,2,1,2.3751755301981823,0.07415619528677977,6.588815365780998,0.02751505652924415,3.303789350945436,9.015887243749496,0.2095506670252576,107.8518366711767,12880972334.887526,0.0012888205642510749,0.1907680841679267,0.19863825625612713,0.18323667083298853,0.14979888378763845,3570843.443351658,0.016787838768978495,0.09317135311463365,0.016479706673608114,0.19863825625612713,0.43909406249171173,1.0,0.19863825625612713
3,1,1,2,1,2.3751755301981823,0.07415619528677977,6.588815365780998,0.02751505652924415,3.303789350945436,9.015887243749496,0.2095506670252576,107.8518366711767,12880972334.887526,0.0012888205642510749,0.1907680841679267,0.19863825625612713,0.18323667083298853,0.14979888378763845,3570843.443351658,0.016787838768978495,0.09317135311463365,0.016479706673608114,0.19863825625612713,0.43909406249171173,1.0,0.19863825625612713
4,2,0,2,0,3.033890747428732,0.08783281661045222,8.383549787205197,0.013449629849949126,3.445097633444254,2.911052334818411,0.6636347139591164,124.00828697086561,13297353249.033829,0.0,0.1864087569746094,0.19869806735463877,0.18652186770124068,0.14662772381436456,3117863.1770052905,0.017395203565379564,0.09410906756461224,0.017050361465461024,0.19869806735463877,0.37929882835303536,1.0,0.19869806735463877
4,2,0,2,0,3.033890747428732,0.08783281661045222,8.383549787205197,0.013449629849949126,3.445097633444254,2.911052334818411,0.6636347139591164,124.00828697086561,13297353249.033829,0.0,0.1864087569746094,0.19869806735463877,0.18652186770124068,0.14662772381436456,3117863.1770052905,0.017395203565379564,0.09410906756461224,0.017050361465461024,0.19869806735463877,0.37929882835303536,1.0,0.19869806735463877
3,1,0,2,0,0.5636446298215566,0.08844043145692025,1.4722865144121327,0.004069719901726145,1.017387525980067,6.963997133970034,0.2714707931318715,127.74803080206418,10411016154.564941,0.0,0.18069477145953936,0.19890638426295187,0.19063760615595277,0.14582079777662713,3609956.7987807654,0.01817134844043608,0.10340268588299695,0.017817941140272325,0.06873449416700037,0.30782469849861666,0.3455620312123023,0.19890638426295187
3,2,0,0,0,2.4404619228271907,0.05273613498193373,5.188222006466048,0.03565307397770675,2.3332393034098478,3.8056407162022157,0.4426816019672053,116.9188621692641,18497389258.26358,0.0009726004410679468,0.17408974499712027,0.19890953016877302,0.19592395446376784,0.15155523074309296,3044200.74628106,0.01919309796636029,0.10455740145024961,0.018801723452516045,1.0,0.43573300313217017,5.198924244379115,0.19890953016877302
4,1,1,1,1,2.328694993616557,0.06734856298823409,8.947019245467185,0.055318815919941464,1.4948989188119821,2.4732075850416204,0.3394707455960155,89.35313981317712,11035769935.036457,0.0010394003003796547,0.14924375966948833,0.1991195433744741,0.216920872354244,0.17702753754102743,3144514.6676868433,0.023527332431463113,0.12196494536638247,0.02305184396685997,0.1991195433744741,0.5529701206638672,1.0,0.1991195433744741
4,1,0,2,0,1.239825095620288,0.065795792029722,4.308450156987112,0.01352048810308824,3.3377816084182097,7.914144779699637,0.5550681494993446,129.29820148402428,10846729609.610674,0.0,0.1908233782983434,0.1991936693828057,0.18365144138677333,0.15166674128681076,2661170.0044546267,0.016863925961719723,0.0948884136896454,0.016605193531407384,0.02655883614573773,0.36275564624231355,0.13333172800134319,0.1991936693828057
3,1,0,2,0,3.869756396915319,0.054846750156187556,7.345434667915576,0.0013667522052453434,9.995560499877339,7.832035944107644,0.2010102306065149,119.8231493074366,10988398448.78921,0.0,0.18500013301573215,0.19921322272071187,0.18805031234815756,0.14106866626198358,2709352.7875118097,0.01768145998711981,0.09543028556246946,0.017304972543240364,0.19921322272071187,0.3339764850700297,1.0,0.19921322272071187
4,1,0,1,1,2.9936499618170482,0.04827589785729342,7.409671557527438,0.04276194525775665,2.5520743474290843,6.03786156741422,0.32903448586766215,82.9355403251772,11327967440.488422,0.0010808872078069273,0.19542438061143647,0.19926096552851078,0.18059654252002738,0.1475029684924452,2944871.6258643866,0.01630755558509403,0.09057980364845652,0.016025349266365674,1.0,0.4424317501639784,49.304911246969986,0.19926096552851078
3,2,0,2,1,4.30964848811859,0.04094886549980626,2.2949232656616525,0.009018893235402552,1.2922732808342268,14.75113069055578,0.6280674970554316,122.30725195177588,15375698938.711,0.0,0.14156415152938095,0.1992716716427176,0.21689660560059248,0.14148768257413002,345113.74086713017,0.023522068760529483,0.1331049173543699,0.022750357165184473,0.1992716716427176,0.48891589068365787,1.0,0.1992716716427176
3,2,0,0,0,1.7918546912064017,0.07516236568547688,5.8986714171356285,0.030789515719618035,1.2334018107770945,4.784643757589454,0.539750133603177,121.65171381094207,10114017278.95406,0.0009237172045000155,0.21635745360273234,0.19933199556896622,0.16714647285858522,0.14458433607959895,4832056.526079058,0.013968971694532881,0.07860710443020646,0.013848547081747486,0.6375916555566218,0.4301238002495861,3.1986418123026494,0.19933199556896622
4,1,0,1,0,2.7573335857547967,0.07190725893116655,6.320973436097324,0.006521287878361529,7.710230995123182,1.7811508265288625,0.601140321334783,125.06922009984622,16981443138.270573,0.0,0.16263630605215423,0.19935392572991903,0.2056673760996806,0.15676111369693002,2524570.1048912867,0.021149534795863737,0.11511567412988133,0.020662570181890907,0.19935392572991903,0.45089917658062295,1.0,0.19935392572991903
5,2,1,1,1,2.8703491477317535,0.024517429214801368,3.356210652478819,0.0066289459291792975,7.241824901181606,3.798452076476931,0.6694125802421665,126.8719233075315,17873930159.78094,0.0,0.16025707672361075,0.19944257030397775,0.2076771893118577,0.1582224941968678,2610267.8806334226,0.021564907480236588,0.11931127693302146,0.021086667654038046,0.19944257030397775,0.374018218856653,1.0,0.19944257030397775
5,2,1,1,1,4.756369173940472,0.09100943262813233,5.394594737717151,0.006715340482244619,5.736450570192628,12.623667562418339,0.10704287654813267,91.43110644247706,14475092948.998135,0.0,0.14823466878945446,0.19952921919627842,0.2172492793533714,0.15196864785698996,812955.3123453399,0.023598624689779604,0.1255133414390206,0.0229133105865373,0.19952921919627842,0.40771413083484426,1.0,0.19952921919627842
3,1,0,2,0,3.761977208676255,0.0473369420631643,4.294077832024687,0.006717382700878347,5.89462857272524,4.934068398409352,0.45367499850975107,121.23201670946477,9948037938.841259,0.0,0.14891420687185186,0.19965050334864612,0.21702053227386534,0.16413123767641072,2335537.5634195227,0.023548955714215912,0.13119785573114384,0.022983395481451334,0.19965050334864612,0.37349638306888067,1.0,0.19965050334864612
3,1,0,2,0,3.761977208676255,0.0473369420631643,4.294077832024687,0.006717382700878347,5.89462857272524,4.934068398409352,0.45367499850975107,121.23201670946477,9948037938.841259,0.0,0.14891420687185186,0.19965050334864612,0.21702053227386534,0.16413123767641072,2335537.5634195227,0.023548955714215912,0.13119785573114384,0.022983395481451334,0.007180722956286254,0.37349638306888067,0.03596646557783371,0.19965050334864612
2,2,0,2,0,2.9554602217020243,0.09559198720549081,9.88984728844256,0.0030345310873796127,7.774592540044633,7.77496661071023,0.03223364921386072,97.9650456791333,14491411350.498425,0.0,0.19546919454278186,0.19967199586625378,0.18086997228976492,0.1503049809624509,3885975.0588796977,0.016356973438050166,0.09228131764035563,0.01616431211199621,0.19967199586625378,0.34302180409295124,1.0,0.19967199586625378
3,1,0,2,0,0.7496961828480766,0.04993023324902428,2.4368549615446424,0.050808633018614734,6.8659753908115455,2.5565659329020924,0.5695122685772601,116.0667354080847,11149613991.36599,0.0007417632052994232,0.1731393823459274,0.19967468681640171,0.1973025465345848,0.15476329586809576,3129197.957033254,0.019464147434515997,0.10843254399369862,0.019076481757145297,0.010903195174688646,0.5257740119891411,0.05460479417060007,0.19967468681640171
5,2,1,1,1,2.877518610449468,0.02446256550385671,3.3726629468890965,0.00639386034616924,7.231318546948574,3.715973757792326,0.6713636633076334,126.80887446843148,17900713581.307,0.0,0.15834712273437035,0.1996770723771137,0.2095481601710514,0.15931452766349652,2578710.2650715597,0.021955215715536307,0.12189018737827573,0.021449560376213667,0.18373740007313955,0.3742470999740359,0.9201727463538216,0.1996770723771137
5,2,1,1,1,3.824531145960098,0.07961524872301703,5.3564899871673335,0.031095262514970995,7.565094353243139,1.450559835882673,0.7241301740348846,90.13779947705041,13700881350.55438,0.0008062671997270472,0.14400880024938773,0.19977004952067257,0.21712147736853243,0.17412429139634775,2886161.0982818436,0.023570867967347073,0.13675620693166513,0.023097699027203506,0.06053336979077346,0.5028787608996793,0.30301524145394654,0.19977004952067257
5,2,1,1,1,3.824531145960098,0.07961524872301703,5.3564899871673335,0.031095262514970995,7.565094353243139,1.450559835882673,0.7241301740348846,90.13779947705041,13700881350.55438,0.0008062671997270472,0.14400880024938773,0.19977004952067257,0.21712147736853243,0.17412429139634775,2886161.0982818436,0.023570867967347073,0.13675620693166513,0.023097699027203506,0.19977004952067257,0.5028787608996793,1.0,0.19977004952067257
4,1,0,2,0,1.892293977818162,0.07317949036396172,1.1374475497422583,0.004790278772166893,2.1512880491461215,1.858981114479203,0.17272500324318174,122.61274862767017,9777634322.100197,0.0,0.16946067427864142,0.19978885593134496,0.20029307284324663,0.1571469069379627,2960961.3916874183,0.020058657514495048,0.11269719767311182,0.019641970815720607,1.0,0.26791637224600723,16.01639783961101,0.19978885593134496
3,1,1,3,0,2.307071865628877,0.03862253126648541,6.324943488694277,0.006968353556006045,2.698303797288855,5.467310452714734,0.637860213246339,91.35592678236713,10202817523.5696,0.0,0.15446562204234587,0.19984265050619476,0.21288314893472132,0.16747913215813665,3165274.9030992487,0.022659617550181373,0.13057338912762728,0.022096249117886366,0.19984265050619476,0.3970044006213622,1.0,0.19984265050619476
3,1,0,1,0,1.8825367856400355,0.056156424360546214,2.5602296521547028,0.005665705904132029,6.838293956115269,6.750908726299386,0.7508984682985471,129.88058839876436,14105056063.74033,0.0,0.14722865012566658,0.19987476879607116,0.21712592921003698,0.1510049590643545,2433285.7344465186,0.023571834567660998,0.13555409465746693,0.022749517242500336,0.19987476879607116,0.36041253033134507,1.0,0.19987476879607116
2,2,0,2,1,4.944169354281499,0.01766775255801287,2.5294090299604868,0.028027219481635623,0.460893941790086,8.41433936110769,0.4818580319666784,123.77744423638674,9631597875.882534,0.000773585257734205,0.2124896960643923,0.1998843264142754,0.1700451809793998,0.1144251026049037,310908.23678505665,0.014457681787158417,0.08053922287986715,0.014216101228828118,0.1998843264142754,0.7711999632486172,1.0,0.1998843264142754
3,1,0,2,0,0.5891534094157267,0.016567533676475014,8.767763940552701,0.009310640538049286,3.1184181040380734,3.3991032930474057,0.7635495815191777,81.37290351040407,11320625428.696901,0.0,0.15133917411926484,0.19996664455413152,0.2165844838854261,0.1477584125949838,2002764.888609053,0.023454419329958197,0.12129400537280177,0.022765977417750393,0.19996664455413152,0.35303570929787675,1.0,0.19996664455413152
3,1,0,3,0,3.584289220349964,0.0757178166299643,6.81577706404796,0.010764634966957422,3.381225205842294,6.867331934235002,0.26388529710254544,129.17277632414476,12798538559.835428,0.0,0.13885168251634544,0.20000296165502565,0.21787287068516883,0.16675290230356307,2477644.5690745446,0.023734293890298148,0.13363445504599947,0.023146827856013883,0.20000296165502565,0.4175616399593914,1.0,0.20000296165502565
5,2,1,1,1,1.2531434977995615,0.053709702658255094,7.790562075306059,0.03592990878967845,5.598197933524531,1.6020180817841934,0.5987211029286991,102.60261382523868,9904255802.668133,0.0010628744309097973,0.16132097247996402,0.2000273104466244,0.2071586660017898,0.1785281612430967,3621006.7120397,0.021457356449820553,0.12275850763685414,0.021157695223513226,0.2000273104466244,0.546156868262946,1.0,0.2000273104466244
3,1,0,2,0,2.999856176714831,0.07635629718075455,3.3551085897289146,0.0385863802696007,3.9712984759409347,4.302718277323875,0.09578170036320907,106.93839708590829,11471677334.39142,0.0009845663341573735,0.1525405392393897,0.20004303030440168,0.21528912233404776,0.16037999561189453,2347513.664511732,0.023174703097682294,0.12498192081249926,0.022583102482667986,0.20004303030440168,0.38046739197064156,1.0,0.20004303030440168
4,0,0,3,0,0.1940202727204262,0.011523652427175703,8.631877311662036,0.09133712705982927,3.830309760853441,1.2639023125282292,0.7385786680113272,79.32508225585482,14839716111.789392,0.0011183204718792211,0.1253477985122976,0.2001042854617866,0.218500836037848,0.1397679504528287,819838.4663464392,0.023871307674619268,0.13835239040539893,0.02275593211384112,0.2001042854617866,0.9298912332651347,1.0,0.2001042854617866
3,1,0,1,2,2.749961457623818,0.08598128039191201,1.2588189349334316,0.02290515294960697,1.7145104819023644,1.819766302011439,0.41204085041396604,108.42683371769972,10877983315.483429,0.000950791107844619,0.16202229282300445,0.20012796447724596,0.2068472254795158,0.1466548669317929,2586826.294592426,0.021392887344286828,0.11909300988215998,0.02070543156979428,0.03316358890172389,0.3109010120413015,0.1657119183136173,0.20012796447724596
3,1,0,1,2,2.749961457623818,0.08598128039191201,1.2588189349334316,0.02290515294960697,1.7145104819023644,1.819766302011439,0.41204085041396604,108.42683371769972,10877983315.483429,0.000950791107844619,0.16202229282300445,0.20012796447724596,0.2068472254795158,0.1466548669317929,2586826.294592426,0.021392887344286828,0.11909300988215998,0.02070543156979428,0.03316358890172389,0.3109010120413015,0.1657119183136173,0.20012796447724596
3,2,1,3,0,3.592216924736817,0.07400743809576021,6.7492798422973275,0.011022167468244425,3.093298269800229,6.648570447144494,0.2697879424268659,129.19983854787966,12789213428.473812,0.0,0.1511448458985299,0.2002291047041837,0.21653475198316074,0.16645316548836192,2691866.748354217,0.02344364940820447,0.13064789380716646,0.022788889399958646,0.2002291047041837,0.42498805590046085,1.0,0.2002291047041837
5,1,1,1,1,4.734331012452925,0.09594816125895962,1.8302215151612073,0.0021505008272369956,7.333423108897596,16.47524910477958,0.10966962713110337,109.65651293051812,15303248148.453344,0.0,0.10177978199770299,0.2002635867382729,0.22037015508670593,0.13737997542358726,305299.5000443518,0.024281502626469414,0.1329178136672856,0.023410042570403956,0.2002635867382729,0.3173729479642302,1.0,0.2002635867382729
3,1,0,2,0,3.71736524124137,0.06960169127635263,6.770557608145286,0.013227417894915116,6.0735790575522595,6.029619893098156,0.05174319795919267,124.42800997718793,9955519543.94972,0.0,0.16804986101000807,0.2003000981555392,0.202327991442386,0.1511860049791621,2070807.2093716194,0.020468308060555114,0.10815298285781139,0.01995582583510077,0.2963404093285245,0.3906101534625852,1.479482097399708,0.2003000981555392
3,1,0,3,0,3.5066093899774797,0.07543655926856702,4.851482516476699,0.01012369994887146,3.7194418522528037,3.473198940784587,0.11362204703362175,117.2976871502922,10392511148.785095,0.0,0.16240070484328323,0.200345733021487,0.20658771655138683,0.16637847781271461,3183506.7294853297,0.02133924231495807,0.12182212730150599,0.02094050545176877,0.15337650222424398,0.413415184818897,0.7655591157900749,0.200345733021487
3,1,0,3,0,3.5066093899774797,0.07543655926856702,4.851482516476699,0.01012369994887146,3.7194418522528037,3.473198940784587,0.11362204703362175,117.2976871502922,10392511148.785095,0.0,0.16240070484328323,0.200345733021487,0.20658771655138683,0.16637847781271461,3183506.7294853297,0.02133924231495807,0.12182212730150599,0.02094050545176877,0.200345733021487,0.413415184818897,1.0,0.200345733021487
3,1,1,2,1,2.4594391165238623,0.022421774569119333,4.957269893367274,0.033264354334797644,6.694623903573062,12.046958684453891,0.4103782456371723,86.01913138626942,15827924988.555817,0.00143070597004555,0.14707903236478032,0.20036896900105372,0.21834861904395278,0.16665837450345594,2265710.0890236744,0.02383805971920061,0.1245357641898962,0.023244997739041446,0.20036896900105372,0.43763219804014836,1.0,0.20036896900105372
3,1,1,2,1,2.4594391165238623,0.022421774569119333,4.957269893367274,0.033264354334797644,6.694623903573062,12.046958684453891,0.4103782456371723,86.01913138626942,15827924988.555817,0.00143070597004555,0.14707903236478032,0.20036896900105372,0.21834861904395278,0.16665837450345594,2265710.0890236744,0.02383805971920061,0.1245357641898962,0.023244997739041446,0.20036896900105372,0.43763219804014836,1.0,0.20036896900105372
4,2,1,1,0,2.1632701818597457,0.09393401447335765,1.1822514030815785,0.0047757605051898435,5.073294654688579,9.627110078695992,0.20916665591441264,104.4994188816396,10840801723.670784,0.0,0.1233710624473881,0.200440337359854,0.21940718797946593,0.15702536943652887,1629294.076074355,0.024069757068528347,0.13144373203024318,0.023394540443351278,0.200440337359854,0.30427658531458807,1.0,0.200440337359854
4,2,1,1,0,2.1632701818597457,0.09393401447335765,1.1822514030815785,0.0047757605051898435,5.073294654688579,9.627110078695992,0.20916665591441264,104.4994188816396,10840801723.670784,0.0,0.1233710624473881,0.200440337359854,0.21940718797946593,0.15702536943652887,1629294.076074355,0.024069757068528347,0.13144373203024318,0.023394540443351278,0.12159800248368223,0.30427658531458807,0.6066543495452975,0.200440337359854
5,2,1,1,0,2.869352335261024,0.025080284581357595,3.3629892345128,0.006811436258720839,7.222147276118568,3.8034391342367946,0.6682873440772132,126.95278053745442,17845556232.845737,0.0,0.16433569289511094,0.2005124385019435,0.205330241368843,0.15751258553078132,2720995.888573521,0.021080254010293665,0.1167312736139221,0.02063293726293452,0.2005124385019435,0.37510161925547264,1.0,0.2005124385019435
3,1,0,2,0,1.9762343726787999,0.09059746039994702,5.88964455901372,0.00765787677815721,0.8486824887364286,5.175956241420695,0.3465005526896185,126.93445781838423,10898070371.469122,0.0,0.1962330694804737,0.20053469709590083,0.18127641336752845,0.12920735890378898,248474.28799808718,0.01643056902169752,0.09038262024363497,0.016175520910862367,0.03588947722659045,0.45141665506450696,0.1789689153365175,0.20053469709590083
3,1,0,2,0,1.5147279716624222,0.043326100477059454,0.9079848772116342,0.009409048714906117,0.6230789305182917,7.444714770867192,0.6789214729943417,122.19182726018343,12695646864.038881,0.0,0.19747446519062,0.20080013004482525,0.18052673066008015,0.15238263626665183,3823925.4250814198,0.016294950241408562,0.09235795257099833,0.01609457190421854,0.20080013004482525,0.18540105472568152,1.0,0.20080013004482525
4,2,0,1,0,2.791363130764138,0.07092088758605532,4.232269192787775,0.03440566594590615,2.747532193134131,5.715720312277513,0.5661203676569584,60.23763483863334,9086948296.742905,0.0009111711758875454,0.15720067029403345,0.2009349977710129,0.21183280250131192,0.15828983510123987,2174531.0684950296,0.022436568107779914,0.1253962954305703,0.02184132199985955,0.2009349977710129,0.40422750818344905,1.0,0.2009349977710129
3,1,0,2,0,1.3235097347046654,0.05433559250006637,4.801528110798648,0.02216460336942193,0.5118876701276258,7.76860417247281,0.3428697231051192,128.427656843891,11155692888.076626,0.001149844428905351,0.20497981960119854,0.20100214568286326,0.17661923786616246,0.14664928207880787,5625406.565863465,0.015597177592212037,0.07223113807334414,0.015446847766038321,0.08469358589266766,0.4225706790784197,0.4213566258456531,0.20100214568286326
3,1,1,2,1,3.201897658680677,0.03526069607835781,5.697068524370807,0.005117914999229824,5.464166964006326,9.758601919941702,0.06412716456607764,97.25773014060417,17931238987.584915,0.0,0.11582934993657346,0.20117601859735817,0.22065066032777317,0.140752241690211,364755.6777469663,0.02434335695154117,0.132286439486905,0.02351954577113917,0.03609890072239156,0.4900670921157737,0.17943938335235354,0.20117601859735817
3,1,1,2,1,3.201897658680677,0.03526069607835781,5.697068524370807,0.005117914999229824,5.464166964006326,9.758601919941702,0.06412716456607764,97.25773014060417,17931238987.584915,0.0,0.11582934993657346,0.20117601859735817,0.22065066032777317,0.140752241690211,364755.6777469663,0.02434335695154117,0.132286439486905,0.02351954577113917,0.20117601859735817,0.4900670921157737,1.0,0.20117601859735817
4,2,0,2,0,0.4993656569774053,0.08493223516942432,7.619588771865526,0.06634777847228356,6.558539328589769,8.122065920619633,0.8174678673477782,122.88656236033341,13727147576.147844,0.0006424831880372948,0.16873249787279182,0.20119256242386604,0.20243665553914697,0.1399989340315149,2038926.0753767288,0.020490299752937622,0.11271528203632808,0.019932928004387552,0.9685855026279363,0.5040774426153359,4.814221216524651,0.20119256242386604
4,2,0,2,0,0.4993656569774053,0.08493223516942432,7.619588771865526,0.06634777847228356,6.558539328589769,8.122065920619633,0.8174678673477782,122.88656236033341,13727147576.147844,0.0006424831880372948,0.16873249787279182,0.20119256242386604,0.20243665553914697,0.1399989340315149,2038926.0753767288,0.020490299752937622,0.11271528203632808,0.019932928004387552,0.20119256242386604,0.5040774426153359,1.0,0.20119256242386604
5,2,1,1,1,3.259794888138963,0.07477804579358466,8.413255611480738,0.0597168868424473,7.336739980207678,3.0071545183144295,0.7457215636392499,67.47828948137196,9347478045.362747,0.0012746613824243464,0.15865689054587395,0.20122372438328778,0.21075505034196967,0.18580840601645313,3735451.9155886206,0.022208845622323087,0.1260792671058496,0.021896873488768957,0.20122372438328778,0.55299923943188,1.0,0.20122372438328778
5,2,1,1,1,3.259794888138963,0.07477804579358466,8.413255611480738,0.0597168868424473,7.336739980207678,3.0071545183144295,0.7457215636392499,67.47828948137196,9347478045.362747,0.0012746613824243464,0.15865689054587395,0.20122372438328778,0.21075505034196967,0.18580840601645313,3735451.9155886206,0.022208845622323087,0.1260792671058496,0.021896873488768957,0.20122372438328778,0.55299923943188,1.0,0.20122372438328778
3,1,0,2,1,1.6112664061611164,0.08420185239111842,3.1856182056548463,0.02893000024134592,0.4936962677671616,2.189895531020765,0.32144482310479916,117.62718957639807,9286108382.712276,0.0010804923897176787,0.18747876665477914,0.20134613636474233,0.1898776813300048,0.16628182320796295,5864351.335720726,0.018026766933629427,0.06850445606061317,0.017862707745082838,0.20134613636474233,0.43186667483433605,1.0,0.20134613636474233
3,1,0,2,1,1.6112664061611164,0.08420185239111842,3.1856182056548463,0.02893000024134592,0.4936962677671616,2.189895531020765,0.32144482310479916,117.62718957639807,9286108382.712276,0.0010804923897176787,0.18747876665477914,0.20134613636474233,0.1898776813300048,0.16628182320796295,5864351.335720726,0.018026766933629427,0.06850445606061317,0.017862707745082838,0.20134613636474233,0.43186667483433605,1.0,0.20134613636474233
3,1,0,2,0,1.600576899411358,0.06253924299302553,2.5108053959048617,0.006218661535926463,0.466121820205727,6.23772315678364,0.1797939997762029,126.38225631040793,14019569213.252775,0.0,0.14767020612158693,0.20139211628842185,0.21979180788983071,0.1553642168535491,1483341.9027697442,0.024154219407740124,0.11955716611198841,0.023509655684937087,0.029067067705296944,0.3554469551422821,0.14433071284512852,0.20139211628842185
3,1,0,2,0,3.5618684869454773,0.08891047520619934,7.003552537100269,0.011704311367039687,7.1297956895721235,7.781735097900261,0.030033495596766293,111.78526637449708,13341373470.229654,0.0,0.17774909716257936,0.2016427856186685,0.1957734777278269,0.14779373348414776,2885815.0529500386,0.01916362729082397,0.10488308790338063,0.018689747556578644,0.04738251925089437,0.4043132256296151,0.23498246716597435,0.2016427856186685
3,1,0,2,0,3.5618684869454773,0.08891047520619934,7.003552537100269,0.011704311367039687,7.1297956895721235,7.781735097900261,0.030033495596766293,111.78526637449708,13341373470.229654,0.0,0.17774909716257936,0.2016427856186685,0.1957734777278269,0.14779373348414776,2885815.0529500386,0.01916362729082397,0.10488308790338063,0.018689747556578644,0.2016427856186685,0.4043132256296151,1.0,0.2016427856186685
3,1,0,2,0,2.8434820643358454,0.08021214945364928,8.073836059530418,0.017841287273461254,2.915257526771989,4.224655165565429,0.6472524496600607,114.3168181996719,17760476535.880836,0.0,0.18015404903601795,0.20167089101510216,0.19403048980087773,0.15608378534312023,3043436.8863001806,0.018823915486184256,0.10178938238841573,0.018466162744339557,0.20167089101510216,0.36524250763934296,1.0,0.20167089101510216
3,1,0,2,0,2.8434820643358454,0.08021214945364928,8.073836059530418,0.017841287273461254,2.915257526771989,4.224655165565429,0.6472524496600607,114.3168181996719,17760476535.880836,0.0,0.18015404903601795,0.20167089101510216,0.19403048980087773,0.15608378534312023,3043436.8863001806,0.018823915486184256,0.10178938238841573,0.018466162744339557,0.03082721893367136,0.36524250763934296,0.15285904068010914,0.20167089101510216
5,2,1,1,2,2.547516621649853,0.018583997125307162,8.155322827049044,0.008509060785366488,4.063038847402075,16.197360843764393,0.44393238972422244,75.52523391643932,18425158592.337357,0.0,0.16508795219582467,0.20178031363597965,0.20705847658969911,0.1655989355484825,1471887.6217653602,0.021436606363823486,0.09939390474626153,0.02102901644609702,0.20178031363597965,0.3764304895249104,1.0,0.20178031363597965
4,2,0,2,0,0.42938823418441613,0.08815714617119008,6.7354790156053665,0.08217155533018722,8.750392695058117,14.408763822681607,0.3556451387288915,128.09340392628604,13582702704.937227,0.0005559438711605126,0.16143230863589952,0.20194537184533023,0.20916199038786945,0.16152696574640157,2575544.3785078973,0.021874369111507596,0.12322745035300042,0.02135897756604353,0.050413721463349964,0.3374193658054916,0.24964039038221578,0.20194537184533023
3,1,0,2,2,2.849974589479549,0.08023010956387447,8.075094386575891,0.0177296268778969,2.9097588808049717,4.243271719032611,0.6473063363591821,114.25028526069107,17738397707.14749,0.0,0.18001324890819603,0.20201590037342942,0.1944782918022045,0.15641765953664416,3041339.8345929696,0.018910902991151703,0.10220099339946209,0.01855039740492315,0.03089300611256742,0.3653118758312989,0.15292363648337204,0.20201590037342942
3,1,0,2,0,4.5568812767708335,0.058300499977346584,4.203182088596906,0.01712439757637819,2.020504333089196,10.954670881452522,0.6183550752212236,127.80807196903248,17959032474.247997,0.0,0.16728775047516198,0.20217126198839025,0.20454381895015591,0.16012577050885218,2852980.4954452612,0.020919086935357083,0.11645110783324131,0.020489551071295013,0.20217126198839025,0.38295038066752296,1.0,0.20217126198839025
4,1,1,1,1,2.477192620873656,0.02815272554190747,9.308868850443808,0.018636204570311236,5.045579346234492,1.7844771002661801,0.5357521340018723,82.36109147775149,10810467629.452827,0.0,0.18281438641382855,0.20219827070853746,0.19240881658550701,0.1521042325782659,3349381.105529546,0.018510576349917637,0.1024773677226084,0.018198292520043388,0.20219827070853746,0.37906922624025147,1.0,0.20219827070853746
4,1,0,2,0,1.8837041862443233,0.07326720797523104,1.0990221202766188,0.004878013896708304,2.1551300320218845,1.8389240238542992,0.17329655369346536,122.67649327957494,9778243390.551664,0.0,0.15796492954737973,0.20241940275412806,0.2128410754025294,0.15412079577404308,2532790.2184046526,0.022650661689252602,0.12447608363443152,0.021987491103815288,0.20241940275412806,0.25886982445808543,1.0,0.20241940275412806
5,2,1,1,2,3.4342059421083486,0.06934330475563395,4.708864478996731,0.0065099926073379465,9.638544338539335,15.303125464407218,0.3694111833410589,93.67475454484074,16450190980.980062,0.0,0.1318800861867262,0.20254759016817706,0.22157518586803648,0.16184800414648112,972922.3458178364,0.02454778149622746,0.12774577592396674,0.023936563392046344,1.0,0.39725642721601107,283.31081451841925,0.20254759016817706
3,1,0,2,0,1.8906704147614315,0.022801173698710223,9.103834549496492,0.00959285388954002,9.277927706617525,3.377042717194054,0.5799822235516359,118.45002625583436,10523813592.917322,0.0,0.2077719945849262,0.20272342111590824,0.17549348462290223,0.14213707136420287,4339004.694715656,0.015398981572544412,0.0868424450583708,0.015184273564979145,0.025719080838276183,0.35820403337403683,0.1268678315347251,0.20272342111590824
3,1,0,2,0,3.636068299009097,0.04091328173838468,1.4565835938354785,0.014282977809533984,1.5037105878428982,7.567310001619794,0.8369935762364181,124.91092054049888,11268057682.374523,0.0,0.15419487180560487,0.20278484821660592,0.21654048073687893,0.15254806456174724,1722689.7684892938,0.023444889898879315,0.12993955694922488,0.022698790017323632,0.20278484821660592,0.3412865399748963,1.0,0.20278484821660592
3,1,0,2,0,2.6530044819199143,0.06490196018078373,0.8137024119048052,0.028222726187863933,0.573282943809125,10.938934019841739,0.3286208441527236,114.22278824748562,9700692389.811626,0.0005976391564515692,0.19059654380374952,0.20278848348691414,0.18714376669354485,0.15441528343594743,3611140.5483234427,0.01751139470612397,0.09962379064122606,0.01725095700864285,0.20278848348691414,0.21200443452602616,1.0,0.20278848348691414
2,1,0,2,1,3.370239539164786,0.06535711054212388,1.93879293306488,0.08181781536879419,1.760399075726746,2.2669868983084953,0.37064150271332075,79.65358152075744,14817573503.36294,0.0009256735456723062,0.1408712596350899,0.20282653408913026,0.22074378544520107,0.1640022002641273,2133267.06257813,0.024363909406338483,0.13865116017275836,0.023708645103552996,0.20282653408913026,0.346707146005895,1.0,0.20282653408913026
3,1,1,3,0,2.5770024618691307,0.058535160185123884,8.97178334806705,0.004605907760942595,9.03427653374363,7.1185546823942305,0.18897661992985496,89.9618172531109,15386920240.151796,0.0,0.14752195785710404,0.20333593393648766,0.22101434122068767,0.16942649982957617,2980726.3453974873,0.02442366951260728,0.13752925060835197,0.02375383496623134,0.003295659198313796,0.4004491319299928,0.01620795269439784,0.20333593393648766
3,1,1,3,0,2.5770024618691307,0.058535160185123884,8.97178334806705,0.004605907760942595,9.03427653374363,7.1185546823942305,0.18897661992985496,89.9618172531109,15386920240.151796,0.0,0.14752195785710404,0.20333593393648766,0.22101434122068767,0.16942649982957617,2980726.3453974873,0.02442366951260728,0.13752925060835197,0.02375383496623134,0.20333593393648766,0.4004491319299928,1.0,0.20333593393648766
3,1,1,3,0,2.5770024618691307,0.058535160185123884,8.97178334806705,0.004605907760942595,9.03427653374363,7.1185546823942305,0.18897661992985496,89.9618172531109,15386920240.151796,0.0,0.14752195785710404,0.20333593393648766,0.22101434122068767,0.16942649982957617,2980726.3453974873,0.02442366951260728,0.13752925060835197,0.02375383496623134,0.20333593393648766,0.4004491319299928,1.0,0.20333593393648766
3,1,0,2,0,0.7531498127471378,0.021468572319453608,0.42425817188162573,0.021438088940421277,0.2731692184581881,2.460962732154897,0.5158258304396113,121.10199937878258,13599469168.54937,0.0005261720139672047,0.2267701202679758,0.20334311402029098,0.16456445697966954,0.14488722288031242,5278785.219505062,0.013540730250506753,0.07350261637068012,0.013445886797483554,0.3660094246710059,0.28264772538254973,1.7999597696457177,0.20334311402029098
2,2,0,2,0,2.986375204452798,0.09432158590986811,9.670893754959788,0.0033900764461349256,7.834092893387787,7.25391988874735,0.025296559489639308,99.07771767301365,14724935102.400524,0.0,0.2159824799763022,0.20336794615748646,0.17089614537724526,0.1441909056196037,4495077.716016073,0.014602746252400276,0.08220596904601618,0.014467362766666719,0.08529077708285032,0.3425794799982172,0.41939144636294773,0.20336794615748646
3,1,0,2,1,4.23094041599825,0.07809229552255323,1.9065942648975902,0.021863884024541334,1.822852081714765,5.470921698880994,0.1828304359690464,119.80812370112763,10747946907.909584,0.000525773329712193,0.12761567447725697,0.20344471075734183,0.2221482271199613,0.16043043845893643,1737982.3181348816,0.024674917406270952,0.14008376222396646,0.024004241622065513,0.20344471075734183,0.3437047604896014,1.0,0.20344471075734183
3,1,0,2,1,3.398442545407579,0.0722325223969125,4.526586942426698,0.02168731344362622,4.562130665788609,2.719200139901415,0.39239903252322905,94.23789753794092,9062419369.922857,0.000992082119498794,0.1524011120311921,0.2035478497128468,0.21941755807255503,0.16148158475180227,2282025.629236092,0.02407203239526153,0.12565802206073484,0.023428322884935734,0.22266205755116955,0.4164286415988674,1.093905230958165,0.2035478497128468
3,1,0,2,1,3.3712101887660637,0.07206648774517485,4.508300675180405,0.02190754528304608,4.567875970286233,2.7150524925642197,0.3937925954379284,94.40598883363982,9080492555.92141,0.0009937367581299653,0.15269091600066464,0.20358848369051954,0.2191902965608452,0.16139387543727968,2290316.76099336,0.024022193053215637,0.1254610798010235,0.02338090251675747,0.20358848369051954,0.4165142918428509,1.0,0.20358848369051954
4,1,0,1,1,2.6566944308703175,0.05367849215739211,5.511925370484043,0.044804854969502636,1.6099006896351975,2.075347801650466,0.2653269937146597,98.05924080425146,13292310496.292875,0.000752731673120591,0.2109426567616704,0.20359166858522657,0.17426114874500853,0.14036857593706054,4786836.15779291,0.015183473980964993,0.08521592311202097,0.014971588141377043,1.0,0.4447432928772102,7.08394255583915,0.20359166858522657
4,1,0,1,1,2.6566944308703175,0.05367849215739211,5.511925370484043,0.044804854969502636,1.6099006896351975,2.075347801650466,0.2653269937146597,98.05924080425146,13292310496.292875,0.000752731673120591,0.2109426567616704,0.20359166858522657,0.17426114874500853,0.14036857593706054,4786836.15779291,0.015183473980964993,0.08521592311202097,0.014971588141377043,0.20359166858522657,0.4447432928772102,1.0,0.20359166858522657
5,2,1,1,1,2.6718588983429594,0.03910886577242793,9.627750103153804,0.008677265934083831,3.7039909494988286,19.42425953508658,0.6724182239553307,113.84571995847159,13059397893.777489,0.0,0.16054869674150887,0.20359527486844134,0.21181549933990307,0.14200031319534487,477646.7705822553,0.02243290288030624,0.12320333315514809,0.02184344956002285,0.5808770524478788,0.4773620273993657,2.8530969239007558,0.20359527486844134
3,1,0,2,0,3.7240971232171725,0.08363685482403269,4.871581099414679,0.04403291553331874,3.6509613706757595,9.964842571864502,0.19702250633034363,128.52766588936203,10251817943.820948,0.0014103024774677997,0.1779417896424725,0.20368306063975652,0.19767932396234025,0.1527939587874215,2544476.1549857273,0.019538557561103936,0.10610277713121274,0.019149549947740544,0.48701235247948504,0.41606826434920324,2.3910302160121115,0.20368306063975652
3,1,0,2,0,3.7240971232171725,0.08363685482403269,4.871581099414679,0.04403291553331874,3.6509613706757595,9.964842571864502,0.19702250633034363,128.52766588936203,10251817943.820948,0.0014103024774677997,0.1779417896424725,0.20368306063975652,0.19767932396234025,0.1527939587874215,2544476.1549857273,0.019538557561103936,0.10610277713121274,0.019149549947740544,0.48701235247948504,0.41606826434920324,2.3910302160121115,0.20368306063975652
3,1,0,2,1,4.007574617666621,0.06890890351984515,3.9577195412880815,0.01797553134458964,1.5439692255908888,2.413058986900945,0.11448260252887497,129.20496682490443,11339007088.021412,0.0,0.19680936089390277,0.20386237093194098,0.1838044934889376,0.13663949838160147,2988570.5384129114,0.01689204591336245,0.09585302325197942,0.016511860525363846,0.20386237093194098,0.39282528478895545,1.0,0.20386237093194098
3,1,0,3,0,3.486800693592319,0.074616568896946,6.752002689982358,0.010122059881480149,3.315391646405986,6.488129852021042,0.23553607739290286,129.22576818115698,12755163191.989252,0.0,0.14809636922526276,0.20389898884959756,0.22143065951062635,0.17270985571073508,2765284.1821290976,0.024515768485655468,0.141046427600385,0.023952054787825538,0.08933067761492193,0.4231522151608706,0.43811241104689885,0.20389898884959756
4,2,1,1,0,3.7256585593438145,0.06358906209259692,3.7258868325457395,0.032075694663384405,3.43085602977629,4.436555356154736,0.8367913304927305,110.9908084962396,18643087208.80432,0.0011480844522101582,0.15791258253420848,0.20399203704945915,0.21463499648135032,0.1584546997544057,2388094.13361622,0.02303409085727463,0.12493238962977715,0.022441904372874372,0.20399203704945915,0.4140263840757984,1.0,0.20399203704945915
3,1,0,2,1,4.2591871777385135,0.07810697602379262,1.9449284675501841,0.021994997895449835,1.8153803275241744,5.466802983698257,0.1841300563997176,119.90167938140617,10683559151.448624,0.0005266853308609124,0.1333275101961583,0.2040731036726555,0.22252407281126732,0.160560772820901,1756947.0305632083,0.0247584814902571,0.1404668439751504,0.024072741739692215,0.2040731036726555,0.3402589401318842,1.0,0.2040731036726555
3,1,0,2,1,4.2591871777385135,0.07810697602379262,1.9449284675501841,0.021994997895449835,1.8153803275241744,5.466802983698257,0.1841300563997176,119.90167938140617,10683559151.448624,0.0005266853308609124,0.1333275101961583,0.2040731036726555,0.22252407281126732,0.160560772820901,1756947.0305632083,0.0247584814902571,0.1404668439751504,0.024072741739692215,0.2040731036726555,0.3402589401318842,1.0,0.2040731036726555
3,1,0,2,0,3.3206728053020025,0.07431377131852775,5.774421047042417,0.005282661983949231,8.276415598480103,5.934917690316686,0.2616173923623052,116.86707484119148,9968279357.73295,0.0,0.13714069723035266,0.20430094104859137,0.22260063111463718,0.16529305455072754,2130904.454417298,0.02477552048631739,0.13989187430632544,0.02411073824736707,0.20430094104859137,0.37191110141976413,1.0,0.20430094104859137
3,1,0,2,0,3.3206728053020025,0.07431377131852775,5.774421047042417,0.005282661983949231,8.276415598480103,5.934917690316686,0.2616173923623052,116.86707484119148,9968279357.73295,0.0,0.13714069723035266,0.20430094104859137,0.22260063111463718,0.16529305455072754,2130904.454417298,0.02477552048631739,0.13989187430632544,0.02411073824736707,0.20430094104859137,0.37191110141976413,1.0,0.20430094104859137
3,1,1,3,0,3.5379678807857573,0.06358174272245956,8.957466100242694,0.008124642284484184,4.669275939715938,6.539315295831768,0.09594308142593369,116.87824639350266,14461670412.329355,0.0,0.14246086392713847,0.20435936840130273,0.22219036630277342,0.17505326782740696,3039279.447031048,0.024684279438880314,0.14280599751288736,0.024096503784309827,0.20435936840130273,0.42433317169231116,1.0,0.20435936840130273
2,2,0,1,1,4.241866331283998,0.09079005354270468,9.599190303982663,0.004812267288425452,7.329671343690306,10.559406973595348,0.027555166119841917,101.89888352331525,19147774007.701424,0.0,0.18284187526808443,0.2045757738544687,0.19479623693008907,0.16280409457929562,4385503.521602923,0.0189727869610617,0.10308293847645322,0.01867340274665216,0.2045757738544687,0.3508880750562058,1.0,0.2045757738544687
3,1,0,2,0,2.8838944228809082,0.06374613216369236,5.997220223763329,0.011031161467664124,6.886973169318373,11.08530734888538,0.12021172559835215,104.86807766933406,14932306573.517303,0.0,0.15564863438571633,0.20459745233456172,0.21746609379878443,0.1616112565981304,2370256.027521289,0.02364575097605085,0.12531820714195063,0.02302331381000332,0.34667716449713964,0.3823295065068761,1.69443539272545,0.20459745233456172
3,1,0,2,0,3.977189895486062,0.08043557217126732,4.000465983311062,0.013287814593069162,2.553416729801094,10.023319360015256,0.1197498934867942,126.89640542791099,12145593011.632824,0.0,0.16455618837671948,0.20462346073347137,0.20939247238485956,0.14664473141639883,1778831.4303480582,0.021922603745722087,0.1211459884398558,0.021186777239847562,0.20462346073347137,0.39438472115999706,1.0,0.20462346073347137
3,1,0,2,0,3.977189895486062,0.08043557217126732,4.000465983311062,0.013287814593069162,2.553416729801094,10.023319360015256,0.1197498934867942,126.89640542791099,12145593011.632824,0.0,0.16455618837671948,0.20462346073347137,0.20939247238485956,0.14664473141639883,1778831.4303480582,0.021922603745722087,0.1211459884398558,0.021186777239847562,0.2309991969778427,0.39438472115999706,1.1288988865197944,0.20462346073347137
4,2,1,1,0,1.442026486052677,0.03266398315292064,4.162238964858717,0.041594332282250186,1.4180456206717535,3.403676787225942,0.762688032197192,79.0605023877697,9614595088.993607,0.0014172472499709176,0.21539212929993012,0.20464077987828147,0.17242538187137105,0.14143585418010038,4462201.768308709,0.014865256156744064,0.08273887712133299,0.014687358347629468,0.057396821738083005,0.41491437172375395,0.28047597244411465,0.20464077987828147
4,2,1,1,0,1.442026486052677,0.03266398315292064,4.162238964858717,0.041594332282250186,1.4180456206717535,3.403676787225942,0.762688032197192,79.0605023877697,9614595088.993607,0.0014172472499709176,0.21539212929993012,0.20464077987828147,0.17242538187137105,0.14143585418010038,4462201.768308709,0.014865256156744064,0.08273887712133299,0.014687358347629468,0.20464077987828147,0.41491437172375395,1.0,0.20464077987828147
3,1,0,3,0,3.5895748118825086,0.0739575677716709,6.839820911772934,0.010867255318511376,3.3057654939621917,6.896469522844248,0.2619139971027233,128.31384416324912,12777908418.72982,0.0,0.14059589117576682,0.2046909932173761,0.2228631727945009,0.16949507005706063,2461677.888283328,0.024833996894015786,0.13971603877122407,0.024189729477289968,0.2046909932173761,0.4183165473302395,1.0,0.2046909932173761
3,1,0,3,0,3.5895748118825086,0.0739575677716709,6.839820911772934,0.010867255318511376,3.3057654939621917,6.896469522844248,0.2619139971027233,128.31384416324912,12777908418.72982,0.0,0.14059589117576682,0.2046909932173761,0.2228631727945009,0.16949507005706063,2461677.888283328,0.024833996894015786,0.13971603877122407,0.024189729477289968,0.038726544282111704,0.4183165473302395,0.18919515545554658,0.2046909932173761
3,1,0,3,0,3.5895748118825086,0.0739575677716709,6.839820911772934,0.010867255318511376,3.3057654939621917,6.896469522844248,0.2619139971027233,128.31384416324912,12777908418.72982,0.0,0.14059589117576682,0.2046909932173761,0.2228631727945009,0.16949507005706063,2461677.888283328,0.024833996894015786,0.13971603877122407,0.024189729477289968,0.038726544282111704,0.4183165473302395,0.18919515545554658,0.2046909932173761
3,1,0,2,0,4.767023290825895,0.05501188459474008,2.1329202771473654,0.004413081300633697,1.4462444277728457,2.854483398636293,0.48652359384789956,119.4952485731909,13803539451.93867,0.0,0.1111692426697033,0.20485137017267552,0.22462884449085338,0.15931970506720924,1715718.59262092,0.025229058888647998,0.14193874555065222,0.02453405851330103,0.5943532029736628,0.35077592389101736,2.9013874911974677,0.20485137017267552
5,2,1,1,2,3.6094976872986355,0.01677360172359357,4.759884303858743,0.00391973730037573,4.309289912686688,13.325557471709928,0.6311682135483454,101.5940564136669,15323473981.65598,0.0,0.2007243182668385,0.20486523920242103,0.18205328037264645,0.12350549690437525,874827.9174524132,0.016571698447220708,0.09399496856583267,0.01623234444259471,0.053199992665253486,0.36645084664274075,0.2596828670025773,0.20486523920242103
5,2,1,1,2,3.6094976872986355,0.01677360172359357,4.759884303858743,0.00391973730037573,4.309289912686688,13.325557471709928,0.6311682135483454,101.5940564136669,15323473981.65598,0.0,0.2007243182668385,0.20486523920242103,0.18205328037264645,0.12350549690437525,874827.9174524132,0.016571698447220708,0.09399496856583267,0.01623234444259471,0.20486523920242103,0.36645084664274075,1.0,0.20486523920242103
3,1,0,2,0,2.5424656381214734,0.052329747608720195,3.4780303207510976,0.00803351800782235,8.400666252641734,4.3129831117149084,0.08857519557715318,113.15764472444567,9775405266.557936,0.0,0.17532554965483588,0.20490474798911984,0.2008278911541348,0.1594849442711001,2989340.7696558074,0.020165920932708508,0.1115701088590868,0.01977639690439974,0.20490474798911984,0.3915411817903734,1.0,0.20490474798911984
3,1,0,2,0,1.401534247445876,0.0717404312960583,7.104207745882089,0.038762060475570626,1.4125595572902367,4.213236632402759,0.2823799353396407,102.43655075985957,11282666320.091694,0.0008272504183941431,0.21795467643839833,0.20512574737568035,0.17120316311135242,0.13477537653959074,4756197.320056763,0.01465526152966617,0.08264363952952936,0.014441363233097406,0.20512574737568035,0.3866604677733703,1.0,0.20512574737568035
3,1,0,3,0,3.667811178929017,0.07344571904392455,6.876876154266854,0.011367958648266256,3.2262257910218657,6.721460028640843,0.2692739361556388,127.97160086009355,12787609493.170042,0.0,0.14462846906403554,0.2051260377017046,0.2231251399446474,0.1701627166592779,2522407.8948908765,0.024892414037659242,0.13987249187339168,0.02425118117572768,0.2051260377017046,0.4202405192861588,1.0,0.2051260377017046
3,1,0,3,0,3.667811178929017,0.07344571904392455,6.876876154266854,0.011367958648266256,3.2262257910218657,6.721460028640843,0.2692739361556388,127.97160086009355,12787609493.170042,0.0,0.14462846906403554,0.2051260377017046,0.2231251399446474,0.1701627166592779,2522407.8948908765,0.024892414037659242,0.13987249187339168,0.02425118117572768,0.039359184446586426,0.4202405192861588,0.19187805159978163,0.2051260377017046
4,2,1,1,0,3.098182596421384,0.05689473577576292,6.996263196718657,0.030643550044679013,3.496667850496494,2.068447390494717,0.597235384145826,75.25518120275883,10341041838.00278,0.0011793755386193666,0.15009098587793154,0.20532295444761872,0.22319366548384284,0.1565239044089932,2364281.409262514,0.02490770615605677,0.1356741082741254,0.023997692800097642,0.20532295444761872,0.46348961311742265,1.0,0.20532295444761872
2,1,0,3,0,3.6418718189430415,0.09839735215735201,9.295098422988618,0.01856518208705511,1.5007827908115408,4.444117214186575,0.12102395457615872,93.10340106361726,18816073251.691284,0.0,0.22134587446981555,0.20538428135042183,0.1694592922019914,0.1457572032870772,5246400.5007956885,0.014358225856799954,0.07917671600379639,0.014245279694133382,0.041637659837957995,0.4233615365672395,0.20273050870391002,0.20538428135042183
2,1,0,3,0,3.6418718189430415,0.09839735215735201,9.295098422988618,0.01856518208705511,1.5007827908115408,4.444117214186575,0.12102395457615872,93.10340106361726,18816073251.691284,0.0,0.22134587446981555,0.20538428135042183,0.1694592922019914,0.1457572032870772,5246400.5007956885,0.014358225856799954,0.07917671600379639,0.014245279694133382,0.20538428135042183,0.4233615365672395,1.0,0.20538428135042183
3,1,0,2,0,3.8039316319045797,0.07395627046766429,7.785060287954031,0.0111112892399426,3.871861107974003,11.367306644539921,0.1871842445301768,105.76731107046318,16517658857.888945,0.0,0.15894546396655918,0.20538907615332003,0.2152017057262109,0.15770596356361444,2210188.255383395,0.023155887073735337,0.1253448016774642,0.022477255767121698,0.6862100420940865,0.371837650356862,3.3410250191779456,0.20538907615332003
3,1,0,2,0,3.8039316319045797,0.07395627046766429,7.785060287954031,0.0111112892399426,3.871861107974003,11.367306644539921,0.1871842445301768,105.76731107046318,16517658857.888945,0.0,0.15894546396655918,0.20538907615332003,0.2152017057262109,0.15770596356361444,2210188.255383395,0.023155887073735337,0.1253448016774642,0.022477255767121698,0.20538907615332003,0.371837650356862,1.0,0.20538907615332003
3,1,0,2,0,3.8039316319045797,0.07395627046766429,7.785060287954031,0.0111112892399426,3.871861107974003,11.367306644539921,0.1871842445301768,105.76731107046318,16517658857.888945,0.0,0.15894546396655918,0.20538907615332003,0.2152017057262109,0.15770596356361444,2210188.255383395,0.023155887073735337,0.1253448016774642,0.022477255767121698,0.20538907615332003,0.371837650356862,1.0,0.20538907615332003
5,1,1,1,1,4.135689157829041,0.0965778626795803,0.6038681552045005,0.029271818436467215,0.590009141381257,15.355520470151571,0.747220750768925,96.57526961754031,12492130774.848913,0.000992630165709966,0.20164634535256598,0.2055324020513705,0.18218704941389133,0.15120972333304686,4616575.732953436,0.016596060487069842,0.09142164959960797,0.016418554558231258,1.0,0.2517395633083854,22.63788656346127,0.2055324020513705
4,2,1,1,2,3.904028612777851,0.06439374767834305,5.457894817957243,0.035077696864235994,7.553407480935895,10.340728015753326,0.8194424688521122,80.22156202217184,10549375719.136677,0.0007568347961911573,0.14892472887506725,0.20556756806268303,0.22323529120972696,0.16375406574474696,1945695.4025931917,0.024916997620745802,0.14250968419248966,0.024281112651254922,0.20556756806268303,0.510311668536538,1.0,0.20556756806268303
3,1,1,3,0,3.472053324002461,0.051317207573579646,6.35673939143022,0.005896903488422705,4.2341264128505856,7.881198986008312,0.3446192651160687,126.27112653959159,12722361296.850578,0.0,0.14492778341204954,0.20557754655457078,0.2233139612022753,0.171012730530144,2607301.693198964,0.024934562633925662,0.14535124460675997,0.024244886389059805,0.20557754655457078,0.4058412618748479,1.0,0.20557754655457078
3,1,1,3,0,3.472053324002461,0.051317207573579646,6.35673939143022,0.005896903488422705,4.2341264128505856,7.881198986008312,0.3446192651160687,126.27112653959159,12722361296.850578,0.0,0.14492778341204954,0.20557754655457078,0.2233139612022753,0.171012730530144,2607301.693198964,0.024934562633925662,0.14535124460675997,0.024244886389059805,0.10965956864537253,0.4058412618748479,0.5334219153951392,0.20557754655457078
4,2,0,2,0,2.8165155868602065,0.09144619297106527,8.24531402525204,0.014205641803207098,3.3787059710363434,2.7181578331643976,0.6528461264977857,125.11678901802252,13622432870.029652,0.0,0.1954587581019,0.20564047447034348,0.18659285141933582,0.1479979392841317,3286428.3947167015,0.017408446100399166,0.09507427083937048,0.01707811818322651,0.20564047447034348,0.3802753526100765,1.0,0.20564047447034348
0,1,1,2,0,3.683386870469693,0.061461134587775794,4.3331022842859515,0.00920684407073824,7.90753681935692,14.640627992212627,0.07707865328604123,99.27375180255054,15052199877.66675,0.0,0.15559161593843918,0.2057508309132436,0.2183933690576697,0.15339347761975794,1678248.3525823795,0.02384783182417976,0.13286506364482287,0.02306508959797213,0.2057508309132436,0.4419675823445791,1.0,0.2057508309132436
4,1,0,2,0,3.4476289560154303,0.011514301275927149,6.46674606253706,0.05216799721276083,9.000447627607445,1.0167839159077847,0.03618707793191361,107.7194431404867,12394283223.81743,0.0,0.18368959575692245,0.20592758988283644,0.1952003361538538,0.11729976947917492,299889.1642214518,0.01905158561728876,0.10830573397708021,0.0183256792150276,1.0,1.5938289107466757,14.472642234828117,0.20592758988283644
3,1,0,2,0,1.0933486718114611,0.057374137036853845,3.661420790394957,0.0078025721681787945,6.520652754469316,11.01611475334984,0.38146254010935254,120.47523956217867,10024670505.957993,0.0,0.1469446465897709,0.20602525378647524,0.2240720669937149,0.14974720014765525,571362.7353478987,0.02510414560341793,0.13923114464316277,0.024277733927430708,0.3348961523284235,0.4563575902911513,1.6255102040816325,0.20602525378647524
3,1,0,2,0,2.6524429791056336,0.03460827468906692,4.166085224514742,0.016453556682517818,5.039292305179661,2.63009364059865,0.7140087528030921,111.14785387411222,10058122254.905743,0.0,0.15623583673791408,0.20610698995417973,0.2183376738660069,0.1679505150242681,2438533.6482585324,0.023835669914609395,0.13001013281090457,0.02329244177252713,0.20610698995417973,0.3781103442586896,1.0,0.20610698995417973
3,1,0,2,0,2.6524429791056336,0.03460827468906692,4.166085224514742,0.016453556682517818,5.039292305179661,2.63009364059865,0.7140087528030921,111.14785387411222,10058122254.905743,0.0,0.15623583673791408,0.20610698995417973,0.2183376738660069,0.1679505150242681,2438533.6482585324,0.023835669914609395,0.13001013281090457,0.02329244177252713,0.08005088609177542,0.3781103442586896,0.3883948143125654,0.20610698995417973
3,1,0,2,0,1.022761522949162,0.033259569739199024,2.1800556951321584,0.011203012751198952,0.7265285181905076,2.3242110041132023,0.5846719608795184,123.9771509290301,15408263905.86183,0.0,0.15845754546268104,0.20619289156451875,0.21663440659229374,0.14834986018974425,2306270.228523635,0.023465233059797624,0.12420451538417276,0.022715055795093,0.20619289156451875,0.3432881625562393,1.0,0.20619289156451875
3,1,0,2,0,1.022761522949162,0.033259569739199024,2.1800556951321584,0.011203012751198952,0.7265285181905076,2.3242110041132023,0.5846719608795184,123.9771509290301,15408263905.86183,0.0,0.15845754546268104,0.20619289156451875,0.21663440659229374,0.14834986018974425,2306270.228523635,0.023465233059797624,0.12420451538417276,0.022715055795093,0.007527203003896522,0.3432881625562393,0.03650563773941365,0.20619289156451875
3,1,0,2,0,1.955763601047445,0.055579921293174864,4.563225540528756,0.03361220419621174,0.4842567091264799,11.36359345270541,0.23451624934842621,129.48358592363405,9489211739.12004,0.0009933743949133368,0.1874917521004349,0.2062113412632763,0.19343843598786162,0.16027076431640408,4800756.759426592,0.018709214258715016,0.09173270524493193,0.018384998337845137,0.2062113412632763,0.4033553342953199,1.0,0.2062113412632763
3,1,0,2,0,1.955763601047445,0.055579921293174864,4.563225540528756,0.03361220419621174,0.4842567091264799,11.36359345270541,0.23451624934842621,129.48358592363405,9489211739.12004,0.0009933743949133368,0.1874917521004349,0.2062113412632763,0.19343843598786162,0.16027076431640408,4800756.759426592,0.018709214258715016,0.09173270524493193,0.018384998337845137,1.0,0.4033553342953199,7.17667008530313,0.2062113412632763
4,2,1,1,1,3.3575920210587067,0.028035150587319483,8.632319364033512,0.05161126051708462,7.942271752782167,3.132670646089425,0.7918115125309999,98.51350060168257,15489816648.23969,0.0014827859914840402,0.14505811672683122,0.2062400469568164,0.22431357469339394,0.15895682646993026,2306241.736430188,0.025158289895864414,0.14125376272593504,0.024276607773898794,0.9463683930549318,0.48876568102429413,4.588674251286839,0.2062400469568164
4,2,0,2,0,2.876808413184706,0.09018409947207517,8.37301813926151,0.013468582369968304,3.455406940839716,2.9730154513121647,0.6612230819233282,124.05835840863203,13323096989.109238,0.0,0.1929177497421833,0.20632192692364285,0.18908148621978313,0.1478996408463819,3099273.6566820154,0.017875904215541017,0.09666171825365844,0.017505722504365284,0.42294293928302756,0.37855242204290485,2.0499175516112422,0.20632192692364285
4,2,0,2,0,2.876808413184706,0.09018409947207517,8.37301813926151,0.013468582369968304,3.455406940839716,2.9730154513121647,0.6612230819233282,124.05835840863203,13323096989.109238,0.0,0.1929177497421833,0.20632192692364285,0.18908148621978313,0.1478996408463819,3099273.6566820154,0.017875904215541017,0.09666171825365844,0.017505722504365284,0.20632192692364285,0.37855242204290485,1.0,0.20632192692364285
3,1,0,2,0,2.8172223827146357,0.09131767761722497,4.309482630122429,0.0071227904198880075,9.084649095223265,4.0849327023127,0.15837204665087284,123.03131501361356,10039791837.786882,0.0,0.16849415324100953,0.20648910193336545,0.20786203640261508,0.1611577579820629,2847365.914408313,0.021603313088721036,0.12156632196471584,0.02111642145701507,0.20648910193336545,0.37326528301641837,1.0,0.20648910193336545
3,1,0,2,0,2.8172223827146357,0.09131767761722497,4.309482630122429,0.0071227904198880075,9.084649095223265,4.0849327023127,0.15837204665087284,123.03131501361356,10039791837.786882,0.0,0.16849415324100953,0.20648910193336545,0.20786203640261508,0.1611577579820629,2847365.914408313,0.021603313088721036,0.12156632196471584,0.02111642145701507,0.20648910193336545,0.37326528301641837,1.0,0.20648910193336545
3,1,0,2,0,2.8971595706250852,0.09074159503718851,4.532203195971824,0.00808366342482373,8.896775976183383,4.029880271733699,0.1807459120828336,121.92848670386232,9795219190.796535,0.0,0.17052160728696997,0.20655780825661937,0.20631241523334373,0.1602871691881329,2876332.494753087,0.02128240633970782,0.11865405735073509,0.020829746009139904,0.006485801971427526,0.37427175975136145,0.03139945193148941,0.20655780825661937
3,1,0,2,0,2.8175339945858178,0.0913413148564567,4.308524829202725,0.007101851728300633,9.086389241526861,4.089028292990354,0.1583753908508413,123.02437389667755,10042046101.515314,0.0,0.1685543790050112,0.20660496905125525,0.20792754913065864,0.16121366775339815,2848557.9914851654,0.02161693284374123,0.12167364995992402,0.021129376009213895,0.009760386443355381,0.37317396469683234,0.047241779750873236,0.20660496905125525
4,2,1,1,0,3.096809617388804,0.056905258406890764,7.002662482828698,0.030846641401243196,3.524223839853264,2.0835731304609917,0.5934807854923351,75.22507594250483,10350170605.193983,0.0011779705994300939,0.1497864876983368,0.20662328552452114,0.22469172577857247,0.15762000083872615,2335141.542396872,0.025243185816676603,0.13767669873967692,0.024303608686396763,0.3572027866837986,0.46316551437229275,1.7287634633096924,0.20662328552452114
3,1,0,2,0,0.18399284907523353,0.08524055179432415,4.684128145085271,0.02721841272752457,3.228066433851301,5.03061287378821,0.1763570330701303,111.4706516378861,11450718925.340473,0.0005086846771414643,0.1788760717094534,0.20665909255157966,0.1996511434742484,0.12567115208205112,1827347.7317566697,0.019930289545287458,0.1123379759099028,0.0193017022672033,0.20665909255157966,0.4675851056477046,1.0,0.20665909255157966
3,1,0,2,0,2.904578266363105,0.09083046994534102,4.53134360432077,0.008146545268396978,8.894893945078316,4.050471394811912,0.17958515993566504,121.70969564165621,9800255849.585197,0.0,0.17009927182480317,0.2066598229326663,0.2067694078196501,0.16048152149617687,2860990.199161868,0.02137679400504439,0.11907117780090448,0.02092147612929069,0.006965845720050014,0.3744575320627093,0.03370682129307553,0.2066598229326663
3,1,0,2,0,4.115137048565706,0.08420753335871502,5.962421216528057,0.0012863614215899923,4.370211492420625,11.55820778201363,0.473558874097339,121.13280565973412,11713352218.577988,0.0,0.16403728028034317,0.20671720838394125,0.21170556131732846,0.13328546191174429,372181.5885852394,0.02240962234634256,0.1291044131328899,0.0216373198314909,0.20671720838394125,0.34785712491109394,1.0,0.20671720838394125
4,1,0,1,1,3.394391550344958,0.054436685152730466,1.1871991273205744,0.043794695721745415,1.6919729491424793,6.327568584075888,0.5735597464413845,85.16432019303338,15166885237.145008,0.001235824629782,0.15419347563193908,0.20675556306340245,0.2206320169463385,0.14999768599458838,1785733.9915768749,0.024339243450904696,0.1376165775171414,0.023430292931466073,0.20675556306340245,0.2730301036452353,1.0,0.20675556306340245
3,1,1,2,1,0.7688624674118015,0.05303856387238327,5.476596000783214,0.005461759987338402,2.2087415705720703,3.443077767855362,0.4945892287600501,104.37598228381974,16262853872.949701,0.0,0.12201626198078541,0.20679296625622526,0.2264865862629006,0.15953235231955848,316994.0065357594,0.02564808687851116,0.13792300979589833,0.025054218292363636,0.20679296625622526,0.48682641565250645,1.0,0.20679296625622526
3,1,0,2,0,3.5963980230482973,0.09764850761735155,3.942660102578068,0.007807435576631629,8.635362540724666,2.068662604903132,0.42715958769160167,127.24231819822124,15707342917.508446,0.0,0.16037163340999067,0.2068327508898332,0.21521964738446991,0.163592260551001,2580099.3523158445,0.023159748310147783,0.12961027717439066,0.022579037413089493,0.2068327508898332,0.3763146172847051,1.0,0.2068327508898332
3,1,0,2,0,1.3257919041824915,0.06326876860853284,2.8897079966852446,0.014587011120639207,2.218797302736809,5.522714787848372,0.8020248658620578,117.03971574015156,10620905104.75563,0.0,0.21504071182824264,0.20695961629423987,0.1746072613615405,0.14771563257161593,4449480.534217587,0.015243847860088656,0.08604075086484897,0.015081091946488122,0.20695961629423987,0.3517834270917877,1.0,0.20695961629423987
4,1,0,2,1,0.9054697436800044,0.0812999424622884,0.885984931212635,0.016563832774918845,0.2803115724560839,3.4000542481664553,0.6982391532169335,99.32862671195704,9711814331.408485,0.0,0.22092575935700845,0.20702681356429586,0.1712665782717497,0.1489346147711904,4771890.68748112,0.014666120416456686,0.07833899442495229,0.014524641008177429,0.08172756232556257,0.17693734501582523,0.3947680057403802,0.20702681356429586
3,1,0,2,0,4.5292525925274845,0.04509280958673477,4.644959505496254,0.004617784327885925,6.733732148333992,9.697768871944442,0.20200074843021792,119.37838998224738,14778756242.113127,0.0,0.1332845703018664,0.20702764778727595,0.2259648125069141,0.15972988343770667,1111481.5076257503,0.025530048245642423,0.14033652458047063,0.02482598115922013,0.20702764778727595,0.36915535313482106,1.0,0.20702764778727595
3,1,0,2,0,2.0951079795705674,0.033486909121728664,0.577262041710153,0.00302052278480218,0.4783981732659886,7.059578049381818,0.5003773680435972,107.73345030695097,13955291257.063675,0.0,0.18390118188764892,0.20729439990128387,0.1963360383932652,0.14230307731464045,2427551.385067111,0.01927391998598085,0.10993184617289686,0.01869315760065879,0.20729439990128387,0.20779798572442792,1.0,0.20729439990128387
3,1,0,2,0,2.0951079795705674,0.033486909121728664,0.577262041710153,0.00302052278480218,0.4783981732659886,7.059578049381818,0.5003773680435972,107.73345030695097,13955291257.063675,0.0,0.18390118188764892,0.20729439990128387,0.1963360383932652,0.14230307731464045,2427551.385067111,0.01927391998598085,0.10993184617289686,0.01869315760065879,0.20729439990128387,0.20779798572442792,1.0,0.20729439990128387
0,1,1,2,0,3.464739218576753,0.06945394063549283,7.86093007419583,0.008461450677138247,8.949594458444343,17.440974658581496,0.11162356165770987,95.13851508477676,19728904072.39415,0.0,0.1523506922695529,0.20735866971009198,0.2231484853910233,0.15218868398567786,868148.9265027421,0.02489762326615387,0.13776915792930833,0.02406741777811622,0.20735866971009198,0.4336050014099896,1.0,0.20735866971009198
3,1,0,1,0,4.538263208857779,0.04511528816288855,4.592425791919527,0.004482394556765743,6.7225832452426495,9.753134812881795,0.20378977179378233,119.45042466530965,14779930228.901232,0.0,0.15730924877185914,0.20746613010142334,0.21878482093419438,0.15114355033747212,1177991.2172155685,0.023933398935603752,0.1308703692049089,0.023271689595540636,0.20746613010142334,0.3666498263345869,1.0,0.20746613010142334
2,2,0,2,0,1.434863530182814,0.08683468116065389,3.315108979229416,0.003070564692134608,7.827587038388216,7.765577091193382,0.20631542861842805,102.64568639106827,9395901181.48648,0.0,0.2142914458837076,0.20753344707701538,0.17558598096297812,0.1493744807070121,4577977.434219751,0.015415218355365655,0.0869399245068394,0.01526540049414972,0.04237779220989005,0.34050742270796697,0.20419740917310408,0.20753344707701538
3,1,0,2,0,1.9475846131327095,0.0272480680527813,8.470901349675945,0.04321814738347332,0.3119807680937178,3.550236253471648,0.7651274977323594,112.08905781240883,10366637515.720495,0.0009691984081087659,0.2046658734502339,0.2075641223053986,0.1825873173568393,0.1554057446314825,4717883.908838192,0.01666906422978358,0.08110292181750778,0.016464443509067762,0.13738180590772994,0.42759010768836364,0.6618764571730456,0.2075641223053986
3,1,0,2,0,1.2990657233198628,0.05217811478634386,4.794591343268422,0.025549325238604505,0.5010698775044444,7.601647741307548,0.35762060484281555,127.22378318919274,11009312621.502525,0.0011535284246247835,0.20448712287521603,0.20763834591626734,0.18300458175298748,0.15241287254141242,5574895.223138565,0.016745338471292937,0.07733048941726617,0.016564327698463138,0.09474359245803257,0.42326508228821463,0.4562914043643897,0.20763834591626734
3,2,0,2,0,0.44509731767155836,0.08443939285709076,7.674260806332201,0.06744491469384364,6.511176655160163,7.816629341393135,0.8360431286899638,122.68838504834405,13629000409.408861,0.0006484355956549759,0.21420900519939917,0.20767392868498544,0.1757889335579709,0.14548294190074232,4853377.797064737,0.015450874580724356,0.08663825562987604,0.01527598516654027,0.9713644441930795,0.5047967084276048,4.677353822619276,0.20767392868498544
3,1,0,2,0,2.574127236980943,0.05066892374478359,4.483049054140521,0.004892674448903858,3.651566894765737,9.140662836257473,0.38823316231684585,129.01437138245907,13114540280.32695,0.0,0.14070734521475925,0.20773347437507297,0.22644074268264902,0.14624085954237218,635807.7526343381,0.02563770497333483,0.1388318117083318,0.024724103263280443,0.20773347437507297,0.4707133532616722,1.0,0.20773347437507297
3,1,0,3,1,3.6520869897187254,0.06420034835701181,3.50730838448286,0.0013645125406591399,8.123791709518258,9.308515466505222,0.17825922415516357,105.20739328321588,12871074317.392092,0.0,0.14696869308740546,0.20776332173221018,0.2255830885586253,0.16928597479625573,949532.0028470373,0.025443864921824294,0.14794137113834405,0.02488823353785266,0.20776332173221018,0.3874524983917238,1.0,0.20776332173221018
3,1,1,3,0,3.4838300663304205,0.06306107997971791,8.872972811775268,0.007135387746097962,4.579718905000287,5.761526568000197,0.10867107714640191,114.41920705437244,14999165508.9841,0.0,0.15356997606968736,0.20786636986690857,0.22254231635172092,0.1835508023676759,3594533.6296634283,0.024762541283594716,0.1372450736308095,0.02424374076971479,0.06263927216457596,0.41773146956071316,0.30134394613559784,0.20786636986690857
3,1,0,2,0,2.8471174931705976,0.09114798981412763,4.465849874853128,0.008572687003854903,9.150545974747704,4.333612397819141,0.1385373973658149,122.54766176687262,9956071034.651567,0.0,0.17383023455357377,0.2079145485374864,0.2049963910397512,0.1615277583022393,2959833.9881954375,0.021011760169661293,0.11663265134209788,0.020602523533130905,0.2079145485374864,0.37268386986771784,1.0,0.2079145485374864
3,1,0,2,1,4.756683246891245,0.09239321164356627,3.126185207475292,0.003791606963284089,5.635306218687514,8.312155616530324,0.2838771370821076,125.01838536101724,11648356131.855131,0.0,0.18111501908475655,0.20795162665369754,0.1992214598577815,0.1368998601600987,1179038.1370320856,0.01984459503393282,0.11096849709981316,0.01934046408714889,0.20795162665369754,0.35456991566533047,1.0,0.20795162665369754
3,1,0,3,0,2.608066529072486,0.06666843979710875,6.89878585118093,0.009175833738748623,3.1088937607302025,9.177866936065225,0.4499166113761967,124.20329190632711,11740228485.574213,0.0,0.14848263210349755,0.20796984746430697,0.2257114778978483,0.17560703416241571,3072634.9453189983,0.025472835627415428,0.14834635729180523,0.024874357937454582,0.051906419727446855,0.4156202703332324,0.24958627589682367,0.20796984746430697
3,1,0,3,0,2.608066529072486,0.06666843979710875,6.89878585118093,0.009175833738748623,3.1088937607302025,9.177866936065225,0.4499166113761967,124.20329190632711,11740228485.574213,0.0,0.14848263210349755,0.20796984746430697,0.2257114778978483,0.17560703416241571,3072634.9453189983,0.025472835627415428,0.14834635729180523,0.024874357937454582,0.20796984746430697,0.4156202703332324,1.0,0.20796984746430697
3,1,0,2,0,4.734142452303469,0.09467617488422048,4.960506173977946,0.005502387920245264,9.576054481417238,6.090345759119547,0.4113450187574762,123.78926817229328,17496939334.38039,0.0,0.17045113221119645,0.20809701227799762,0.20780045906149233,0.16890409873794576,3665054.7531222748,0.021590515393083477,0.12257075735087719,0.021213155339798957,0.2567694277665462,0.36418200745429624,1.2338929086763,0.20809701227799762
3,1,0,2,0,4.961262158950141,0.0680938676070783,1.7675418152330067,0.021629687679314318,3.2348599303148458,1.6175864566682663,0.15260269548034078,127.95503973989622,12774058355.234245,0.0005005352885999468,0.14399261316117762,0.2082397440855286,0.2265438725255515,0.16796048856209644,2120649.3746533957,0.02566106308943666,0.1438953725255826,0.024975342381630523,0.6412630617653613,0.3462610275208936,3.0794460710726796,0.2082397440855286
3,1,0,3,0,2.307637027174908,0.04427247355047492,4.852167422386183,0.017293080991043666,3.288867387475278,3.108911871946745,0.4252269642494397,105.93773417368816,11688802041.264288,0.0,0.18638447810180406,0.20829411358770164,0.19553994016431586,0.1558909813426385,3589426.498259913,0.019117934099732115,0.10693527795301072,0.01876872927748151,0.20829411358770164,0.3924535734341614,1.0,0.20829411358770164
3,1,0,2,0,1.6711106433674117,0.06767357595729794,4.556594033783955,0.003644240560971335,9.978074278134308,6.458409047872896,0.07123628264692076,122.4291455752374,11006749947.080673,0.0,0.14004054564770574,0.20833176561597308,0.2270230356145677,0.1457144444821897,548089.2259992241,0.025769729349826635,0.14143343187427893,0.024870083097783224,0.061380586964958996,0.4425656740325384,0.29462903452805406,0.20833176561597308
3,1,0,2,0,1.6711106433674117,0.06767357595729794,4.556594033783955,0.003644240560971335,9.978074278134308,6.458409047872896,0.07123628264692076,122.4291455752374,11006749947.080673,0.0,0.14004054564770574,0.20833176561597308,0.2270230356145677,0.1457144444821897,548089.2259992241,0.025769729349826635,0.14143343187427893,0.024870083097783224,0.20833176561597308,0.4425656740325384,1.0,0.20833176561597308
3,1,1,3,0,3.487611405040853,0.06412509284590628,8.941302103009551,0.006881461630717153,4.691302708357699,6.332260334671427,0.11011694167016521,114.62593341321089,14637323380.174095,0.0,0.14769583761965166,0.2083897133252213,0.22646994075781735,0.18620130639056415,3374498.663344409,0.025644317033424652,0.14446511896845493,0.025103155627228594,0.2256407379623035,0.4197381047454992,1.0827825153257904,0.2083897133252213
3,1,1,3,0,3.487611405040853,0.06412509284590628,8.941302103009551,0.006881461630717153,4.691302708357699,6.332260334671427,0.11011694167016521,114.62593341321089,14637323380.174095,0.0,0.14769583761965166,0.2083897133252213,0.22646994075781735,0.18620130639056415,3374498.663344409,0.025644317033424652,0.14446511896845493,0.025103155627228594,0.2083897133252213,0.4197381047454992,1.0,0.2083897133252213
3,1,1,3,0,3.487611405040853,0.06412509284590628,8.941302103009551,0.006881461630717153,4.691302708357699,6.332260334671427,0.11011694167016521,114.62593341321089,14637323380.174095,0.0,0.14769583761965166,0.2083897133252213,0.22646994075781735,0.18620130639056415,3374498.663344409,0.025644317033424652,0.14446511896845493,0.025103155627228594,0.2083897133252213,0.4197381047454992,1.0,0.2083897133252213
5,2,1,1,1,1.2993195692757284,0.03727704281870552,6.508320329357951,0.013289218769578042,8.741275212549336,3.371471506630069,0.12230447357642854,120.061164308864,11791694306.633726,0.0,0.22482525068007972,0.20839868711740578,0.1699025601216569,0.14594511299796672,4718061.592063746,0.014433439967946616,0.0802562693612604,0.014315165591671218,1.0,0.3922021366296543,26.494636424324412,0.20839868711740578
3,1,0,2,0,3.549607186151417,0.09862372820428003,2.5294391005902632,0.006834746185250262,7.916458561440102,2.587865155553584,0.025681989703746744,126.09651653374442,14771178949.356405,0.0,0.18473857940990898,0.20840902485811807,0.19679186307083182,0.1592398236778617,3439620.6595575595,0.019363518685444513,0.11009178621174565,0.019043348779515117,0.20840902485811807,0.3800847157514562,1.0,0.20840902485811807
3,1,0,2,0,3.549607186151417,0.09862372820428003,2.5294391005902632,0.006834746185250262,7.916458561440102,2.587865155553584,0.025681989703746744,126.09651653374442,14771178949.356405,0.0,0.18473857940990898,0.20840902485811807,0.19679186307083182,0.1592398236778617,3439620.6595575595,0.019363518685444513,0.11009178621174565,0.019043348779515117,0.3267129367000037,0.3800847157514562,1.5676525377076411,0.20840902485811807
3,1,0,2,0,3.549607186151417,0.09862372820428003,2.5294391005902632,0.006834746185250262,7.916458561440102,2.587865155553584,0.025681989703746744,126.09651653374442,14771178949.356405,0.0,0.18473857940990898,0.20840902485811807,0.19679186307083182,0.1592398236778617,3439620.6595575595,0.019363518685444513,0.11009178621174565,0.019043348779515117,0.20840902485811807,0.3800847157514562,1.0,0.20840902485811807
3,1,0,2,0,4.865114737131951,0.06873044304518271,3.52868253747596,0.04144994610304746,1.527547620240201,15.816814018139322,0.6355284512454233,124.03718578577175,13964052479.940645,0.0008573974729206503,0.18217880170207792,0.20856767198742,0.19896322145635553,0.15563701894112558,2477156.4003964877,0.019793181746145385,0.11131838909954672,0.019322384447134022,1.0,0.375075960136058,20.111538494159124,0.20856767198742
5,2,0,2,1,2.630923744906679,0.05625880854569157,3.6243677696248957,0.004760822965478961,4.866447504027498,10.354018121067407,0.756689615577191,103.92874393762916,14629935496.553152,0.0,0.11150275954955384,0.20858505167719577,0.2287097415964518,0.16206078447276984,892714.8351395668,0.026154072950557876,0.14597859390412293,0.025392144150911695,1.0,0.38626046474289333,12.219110160007695,0.20858505167719577
2,1,1,3,1,3.802752854534969,0.03351802576808808,8.580422099321334,0.02523113117652448,4.799226271376004,1.2273034176570343,0.2873581724782337,129.8533071837068,14662321116.536379,0.0013948129038653051,0.1728291201433565,0.20859411703353686,0.20646170791684865,0.14946392878146117,3046443.732650828,0.02131321841797106,0.11880651814648002,0.020684583905841953,1.0,0.5169099228829132,40.20636907416908,0.20859411703353686
3,1,0,2,0,4.12154818768444,0.09617957730853102,4.197855760659097,0.010931849760106749,9.044352505120232,3.6654719518271737,0.050505732736733845,128.15560204685215,10390382605.017414,0.0,0.15623819669070554,0.20859466988987335,0.2211456697875702,0.16567092286517102,2403122.5922893104,0.02445270363289652,0.13016009975575826,0.02376191921783873,0.034436223735375755,0.3958676942346576,0.16508678651068223,0.20859466988987335
2,1,0,1,1,3.2506210786695657,0.0975135250557195,6.569914417058036,0.007158734770012342,0.8798586709658064,2.0706440233831804,0.12546640115664234,97.5167778153577,15779201600.014454,0.0,0.16683063101294682,0.20869236709614888,0.21135487960506985,0.16608214200815183,2837957.014118462,0.022335442566436783,0.12837837393559492,0.021858171914233074,0.20869236709614888,0.45583838839548013,1.0,0.20869236709614888
3,1,0,2,0,1.8767944658724205,0.03215777712043071,0.7169508623112136,0.00952696401391805,1.042096228135334,5.6897747263459255,0.5539495276404056,116.73103706041692,14931568463.751223,0.0,0.17497153761643308,0.20871948281050898,0.2047363414602564,0.1608455049997705,3004662.061040716,0.020958484757265354,0.11884467143244981,0.020513423492144984,0.20871948281050898,0.20612194064682243,1.0,0.20871948281050898
3,1,0,2,0,1.8767944658724205,0.03215777712043071,0.7169508623112136,0.00952696401391805,1.042096228135334,5.6897747263459255,0.5539495276404056,116.73103706041692,14931568463.751223,0.0,0.17497153761643308,0.20871948281050898,0.2047363414602564,0.1608455049997705,3004662.061040716,0.020958484757265354,0.11884467143244981,0.020513423492144984,0.013052578080994626,0.20612194064682243,0.06253646236199581,0.20871948281050898
3,1,0,2,0,1.8767944658724205,0.03215777712043071,0.7169508623112136,0.00952696401391805,1.042096228135334,5.6897747263459255,0.5539495276404056,116.73103706041692,14931568463.751223,0.0,0.17497153761643308,0.20871948281050898,0.2047363414602564,0.1608455049997705,3004662.061040716,0.020958484757265354,0.11884467143244981,0.020513423492144984,0.20871948281050898,0.20612194064682243,1.0,0.20871948281050898
3,1,0,2,0,1.8767944658724205,0.03215777712043071,0.7169508623112136,0.00952696401391805,1.042096228135334,5.6897747263459255,0.5539495276404056,116.73103706041692,14931568463.751223,0.0,0.17497153761643308,0.20871948281050898,0.2047363414602564,0.1608455049997705,3004662.061040716,0.020958484757265354,0.11884467143244981,0.020513423492144984,0.013052578080994626,0.20612194064682243,0.06253646236199581,0.20871948281050898
3,1,0,2,0,3.5312569622445538,0.09787487819024401,9.30435168289791,0.02293682221752847,0.5607410796783959,6.262268061255392,0.07728289304628325,86.10513456581945,10585078329.034958,0.0010669799585795753,0.1988697814441315,0.2087695125684604,0.18914960854123425,0.150436699737724,4913800.900362144,0.017888787205651076,0.06034815534812188,0.0175553016142269,0.253179756403084,0.5454732761467953,1.2127237990272186,0.2087695125684604
5,2,1,1,2,4.896755676434223,0.05229685703614675,6.51088790720935,0.0029219457143640415,7.505460546921067,19.49427031888689,0.35621919516965567,101.66653392753975,15563206596.773106,0.0,0.150269697188849,0.20877583199312733,0.2269466915862537,0.14911641964097347,402782.51127039606,0.025752400410973077,0.1369011390651167,0.02497524961836876,0.1439426381153415,0.38916206586374963,0.6894602538098372,0.20877583199312733
5,2,1,1,2,4.896755676434223,0.05229685703614675,6.51088790720935,0.0029219457143640415,7.505460546921067,19.49427031888689,0.35621919516965567,101.66653392753975,15563206596.773106,0.0,0.150269697188849,0.20877583199312733,0.2269466915862537,0.14911641964097347,402782.51127039606,0.025752400410973077,0.1369011390651167,0.02497524961836876,0.20877583199312733,0.38916206586374963,1.0,0.20877583199312733
5,2,1,1,2,4.896755676434223,0.05229685703614675,6.51088790720935,0.0029219457143640415,7.505460546921067,19.49427031888689,0.35621919516965567,101.66653392753975,15563206596.773106,0.0,0.150269697188849,0.20877583199312733,0.2269466915862537,0.14911641964097347,402782.51127039606,0.025752400410973077,0.1369011390651167,0.02497524961836876,0.20877583199312733,0.38916206586374963,1.0,0.20877583199312733
5,1,1,3,0,3.158668505978729,0.06911536244701494,7.032708050710391,0.009154131064690266,5.085643998053979,4.086056373746176,0.16718394495832617,107.0290108288407,14703458081.72008,0.0,0.1489559611925395,0.20880625019735116,0.22658386209586034,0.17826263041730778,3114949.274174419,0.02567012328113793,0.14957326384372038,0.025069021045976376,0.20880625019735116,0.41589230798246807,1.0,0.20880625019735116
5,2,1,1,1,0.615685480508976,0.0180980700987252,5.466292404866375,0.013874291911205048,8.336415052374319,3.040130259372055,0.197068426101359,121.05668300967483,12246387478.306524,0.0,0.2227840577132936,0.2088515578215597,0.17195722530447996,0.14438363143579896,5688106.664824651,0.01478464366720784,0.07431759156006845,0.01466060137532259,0.2088515578215597,0.3609292396839993,1.0,0.2088515578215597
2,1,0,2,1,3.3711013564711942,0.06542250917459518,1.9308432515270393,0.08234674647283245,1.769517746811726,2.2834070677914178,0.3666340998356289,79.71402373769212,14818471307.245277,0.0009239495848413418,0.14285018259877347,0.20892533141715972,0.22731307183218755,0.16406553296391993,1718684.710695837,0.02583561631289263,0.14549860828434014,0.02509187539334846,0.20892533141715972,0.3468963247258936,1.0,0.20892533141715972
3,1,0,2,0,2.504567033677309,0.07299207259986222,6.403272183235905,0.010082030099247123,5.804506505248801,3.553214091740333,0.3601302981710612,127.5228037998852,9635843165.032692,0.0,0.19334215001045257,0.2089497259393847,0.1911146711741108,0.1568521490189102,3498058.827568018,0.018262408768994248,0.10098203847850762,0.017987111027737788,0.05225967450725419,0.3758250335833594,0.25010645155100353,0.2089497259393847
3,1,0,0,0,3.713274931671743,0.07782454186448243,4.292755225053859,0.00633676226985457,8.11517558026804,12.162770582972692,0.11576938170479877,123.36689308428079,10673128377.40382,0.0,0.11904824599485586,0.2089750187381375,0.22897819959978366,0.15607356753542465,1636057.9490573988,0.026215507945979183,0.14160722762559264,0.02542866619833383,0.2089750187381375,0.3753897635887278,1.0,0.2089750187381375
3,1,0,0,0,3.713274931671743,0.07782454186448243,4.292755225053859,0.00633676226985457,8.11517558026804,12.162770582972692,0.11576938170479877,123.36689308428079,10673128377.40382,0.0,0.11904824599485586,0.2089750187381375,0.22897819959978366,0.15607356753542465,1636057.9490573988,0.026215507945979183,0.14160722762559264,0.02542866619833383,0.2089750187381375,0.3753897635887278,1.0,0.2089750187381375
3,1,1,3,0,2.99743700505079,0.04476827818951675,9.966043499522943,0.005344531585126462,6.525113101999953,10.013890572125607,0.23118405913610068,94.16444717996363,13555471788.486689,0.0,0.14114177692150887,0.20903702815218977,0.22738489397516598,0.17783480889214429,2521223.5889011226,0.025851945004048738,0.14820364354041582,0.025224046523532294,0.031158319875421683,0.4030618585896773,0.14905646215337895,0.20903702815218977
3,1,0,2,0,4.718159778419556,0.07673555760372511,3.4783477195694474,0.04135945294197984,0.735520157792245,16.432756766280598,0.5108905078171656,114.28478349728144,14641378042.927723,0.0012307350659697856,0.21471317637162762,0.20914609295949832,0.17687340809198424,0.1394824826527441,3929868.535561741,0.0156421012450368,0.08560162208083544,0.015435696163359124,1.0,0.42054943906779096,139.56955892771254,0.20914609295949832
3,1,0,2,0,4.718159778419556,0.07673555760372511,3.4783477195694474,0.04135945294197984,0.735520157792245,16.432756766280598,0.5108905078171656,114.28478349728144,14641378042.927723,0.0012307350659697856,0.21471317637162762,0.20914609295949832,0.17687340809198424,0.1394824826527441,3929868.535561741,0.0156421012450368,0.08560162208083544,0.015435696163359124,0.20914609295949832,0.42054943906779096,1.0,0.20914609295949832
2,2,0,1,0,4.102771398916313,0.09861111419620536,9.313288519791676,0.005890836079531013,4.6219687497802635,8.426514046575543,0.09482647168211704,106.96350296058593,17247606140.917038,0.0,0.1868459248309082,0.20916404557718365,0.19616825823914483,0.16824044112288267,4368404.272212612,0.019240992770289907,0.10498291951859617,0.018992944147569024,0.20916404557718365,0.3691426562981105,1.0,0.20916404557718365
5,2,1,1,1,3.463533501078718,0.016245104340189095,1.0688791515596257,0.002715389216569385,4.944815468201608,6.947816211514521,0.34881624877295975,127.0167147132111,10802431253.22205,0.0,0.11173825334564517,0.20927988446379073,0.2294179441264771,0.1635738633745872,1835990.9753879046,0.02631629654360968,0.14743808923644885,0.025398774362491616,0.20927988446379073,0.2910010180803845,1.0,0.20927988446379073
5,2,1,1,1,3.463533501078718,0.016245104340189095,1.0688791515596257,0.002715389216569385,4.944815468201608,6.947816211514521,0.34881624877295975,127.0167147132111,10802431253.22205,0.0,0.11173825334564517,0.20927988446379073,0.2294179441264771,0.1635738633745872,1835990.9753879046,0.02631629654360968,0.14743808923644885,0.025398774362491616,0.20927988446379073,0.2910010180803845,1.0,0.20927988446379073
3,1,0,2,0,1.3134045825500111,0.007057994497658894,8.383021912797357,0.01853218794853465,5.921068985187202,4.238298289390646,0.7310899337913408,90.36260834805162,12656420012.235138,0.0,0.2017678524509433,0.2093229712811277,0.18541257531807945,0.12340742866818594,286433.38626570784,0.01718891154304124,0.0973076300466238,0.01676105423739202,0.2093229712811277,0.8651599291669025,1.0,0.2093229712811277
3,1,0,3,0,3.560478169840079,0.07028131249899482,7.518680478259706,0.012243807490561476,6.261026975751383,11.791481679487838,0.06671654757519749,111.0742872822168,19473521277.233913,0.0,0.13447965703637083,0.20936276619486807,0.22822051435342433,0.17022559061421225,2289411.2934855223,0.02604230158587078,0.14698462126690626,0.025237432252728925,0.009975188352741323,0.41034571782177603,0.047645474570472295,0.20936276619486807
3,1,0,2,1,3.406011721459315,0.08855708641495882,7.791331899411113,0.02889350121172479,1.5857717418667132,12.480525171167109,0.4240963387568488,89.21607730491253,19898133667.03459,0.0009565665113097915,0.22489643328069497,0.20943900549890743,0.17068286529682902,0.14679772835222749,4083040.1130085154,0.014566320252967741,0.08209419853697941,0.014409454559037672,0.20943900549890743,0.4254485693242963,1.0,0.20943900549890743
3,1,1,1,1,1.4974631447342288,0.046737024727053385,6.920839940611276,0.034158944557217547,2.218633748535558,1.3760196810242107,0.37409557773306884,113.73054540055674,10720089666.431479,0.0009045322294389976,0.21666359585637987,0.20945575277637873,0.17588591259319392,0.14762334081117018,4432153.081371061,0.015467927124370326,0.08503613057338966,0.015276516266896844,0.30545227771170835,0.43400654543890027,1.4583141005337694,0.20945575277637873
3,1,0,2,0,4.419526519884232,0.01652006388248259,3.666613031594948,0.011681287881871866,3.393325997594726,4.688018912471222,0.19888742904810217,117.88040498893844,10627424317.436876,0.0,0.16416179805204878,0.20950220978660034,0.21466542428807975,0.14169306793083383,472279.05407237733,0.02304062219239065,0.1288999599501509,0.022429604665578876,0.20950220978660034,0.3797385207526342,1.0,0.20950220978660034
3,1,0,2,0,4.419526519884232,0.01652006388248259,3.666613031594948,0.011681287881871866,3.393325997594726,4.688018912471222,0.19888742904810217,117.88040498893844,10627424317.436876,0.0,0.16416179805204878,0.20950220978660034,0.21466542428807975,0.14169306793083383,472279.05407237733,0.02304062219239065,0.1288999599501509,0.022429604665578876,0.37772837596736236,0.3797385207526342,1.8029803902885693,0.20950220978660034
3,1,0,2,0,4.419526519884232,0.01652006388248259,3.666613031594948,0.011681287881871866,3.393325997594726,4.688018912471222,0.19888742904810217,117.88040498893844,10627424317.436876,0.0,0.16416179805204878,0.20950220978660034,0.21466542428807975,0.14169306793083383,472279.05407237733,0.02304062219239065,0.1288999599501509,0.022429604665578876,0.20950220978660034,0.3797385207526342,1.0,0.20950220978660034
3,1,0,2,1,4.828290508194551,0.08786928765778777,3.486454898182598,0.003998201097290719,5.7722201606646175,7.766440497251099,0.3089210199541555,120.67900290198637,11007425926.843634,0.0,0.16581504941461295,0.2095234776692012,0.21330623117681335,0.1487548175183818,1183078.974558106,0.02274977412942807,0.1263807751280801,0.022158768931474736,0.2095234776692012,0.3642395210767651,1.0,0.2095234776692012
2,1,0,1,0,0.2517832794045817,0.09604668600210062,9.365202082377147,0.0027461931892247683,8.069669114864704,7.7573513253934765,0.3278520651147078,89.28991697335702,15377174011.28858,0.0,0.2295864998079947,0.20954656331461333,0.16815234039885438,0.13790506559467738,5549376.095826743,0.014137604790806096,0.07661733663953585,0.01400302642056595,0.20954656331461333,0.3305107680512242,1.0,0.20954656331461333
4,2,0,2,0,3.2295516751629783,0.04720476271855743,6.8035368698078855,0.022701068127485024,2.753337700897496,1.9653084431197214,0.550227907147972,106.24918721167336,19178673992.826416,0.0005365219557380068,0.19327273089837627,0.2095543460940037,0.19155553806299033,0.1439307659551201,3542283.7997116954,0.01834676208130087,0.10462355544973412,0.01783274906525948,0.18331444808479808,0.4342096431740139,0.8747823726956505,0.2095543460940037
4,2,0,2,0,3.2295516751629783,0.04720476271855743,6.8035368698078855,0.022701068127485024,2.753337700897496,1.9653084431197214,0.550227907147972,106.24918721167336,19178673992.826416,0.0005365219557380068,0.19327273089837627,0.2095543460940037,0.19155553806299033,0.1439307659551201,3542283.7997116954,0.01834676208130087,0.10462355544973412,0.01783274906525948,0.2095543460940037,0.4342096431740139,1.0,0.2095543460940037
3,1,0,2,1,4.027815789813509,0.06866831321604157,3.919764119928941,0.018228083829445026,1.571312873349313,2.3544173299273967,0.11768132215847807,129.0692644775137,11339189004.365366,0.0,0.19913135708905738,0.2095788988416748,0.1874390817764869,0.13747325491517332,2950224.1974949976,0.01756670468860627,0.09996241064351519,0.017144422253296286,0.034761755527593245,0.3950388175416001,0.1658647684462443,0.2095788988416748
3,1,0,2,1,4.027815789813509,0.06866831321604157,3.919764119928941,0.018228083829445026,1.571312873349313,2.3544173299273967,0.11768132215847807,129.0692644775137,11339189004.365366,0.0,0.19913135708905738,0.2095788988416748,0.1874390817764869,0.13747325491517332,2950224.1974949976,0.01756670468860627,0.09996241064351519,0.017144422253296286,0.2095788988416748,0.3950388175416001,1.0,0.2095788988416748
3,1,0,3,0,4.522131937350695,0.06755313888531543,6.115307213624999,0.005439769184567094,5.010882816870691,8.486112681566334,0.18536106669828453,119.81395165412393,14183123126.119635,0.0,0.1536123119899107,0.2096041044596971,0.22403253655796335,0.16814827389865517,2106080.3264851705,0.025095288718297592,0.14511169330719698,0.024435881645566468,0.2096041044596971,0.4075457681046573,1.0,0.2096041044596971
3,2,0,0,0,2.6177084107255193,0.0568398565218181,0.585604935496756,0.05443701793060026,1.1748042744529195,2.7738828113952283,0.23864620605455344,118.79744563611429,9134533167.670795,0.0006476565393178014,0.1511084100817347,0.20978363535783887,0.226819306064203,0.16518151897944366,2057983.0603115002,0.0257234988017233,0.14439260245538876,0.024949778029328153,0.20978363535783887,0.220899523291592,1.0,0.20978363535783887
3,2,0,2,0,0.43077254523758113,0.08816046718569315,6.729596688015247,0.08224331073772694,8.752108538907414,14.40083288728363,0.3556496072137526,128.09396518443768,13577216092.1631,0.0005561454846535073,0.18487425177502026,0.20979725696548582,0.19802410636754592,0.14879613331220637,3324525.0412967713,0.01960677335133257,0.11138749922759528,0.019132046819471216,0.028977816608841387,0.33592022610189154,0.13812295274007605,0.20979725696548582
3,2,0,2,0,0.43077254523758113,0.08816046718569315,6.729596688015247,0.08224331073772694,8.752108538907414,14.40083288728363,0.3556496072137526,128.09396518443768,13577216092.1631,0.0005561454846535073,0.18487425177502026,0.20979725696548582,0.19802410636754592,0.14879613331220637,3324525.0412967713,0.01960677335133257,0.11138749922759528,0.019132046819471216,0.028977816608841387,0.33592022610189154,0.13812295274007605,0.20979725696548582
3,1,0,2,0,0.5262171014892284,0.06499893078284369,6.657322634681756,0.007395989933373522,5.043393734853474,5.8140219232999435,0.34373758540528193,117.88052677117633,16745883202.654642,0.0,0.1485402396107266,0.20984183761162953,0.22804225316264812,0.15355733031111407,712869.4137026498,0.02600163461374865,0.14557657424309778,0.025123311883050902,0.01141738152827617,0.44761080061292957,0.05440946218459637,0.20984183761162953
3,1,0,2,0,2.862607023720729,0.07425868138402003,2.504121754495776,0.00615081075565672,7.655857134043411,7.0049723910172,0.07680707869047619,120.50280958837104,12221974254.138062,0.0,0.1576318708382201,0.20985327700601825,0.2209281567457054,0.1666821848820326,2446502.6673826627,0.024404625221527487,0.1349200238358932,0.0237934414125452,0.20985327700601825,0.3541481637190799,1.0,0.20985327700601825
3,1,0,3,0,3.360070722227947,0.08866904553654338,6.3172247111021145,0.012795963090122328,4.512519604835716,8.494589256220099,0.15428845502776278,110.18097463013058,19116792243.166283,0.0,0.14281769535144723,0.2100240611489316,0.22842795467548246,0.17261664627593232,2461482.230834464,0.026089665238612135,0.14829863290537115,0.025319353722144344,0.2100240611489316,0.4269812704572041,1.0,0.2100240611489316
3,0,1,0,0,4.55002305630815,0.04336612608284311,2.301344503059208,0.058426948186918966,2.176195574014553,7.4234462906553755,0.4603351436399752,102.15476456965838,9739928527.842634,0.0008639421654426362,0.16772283874754546,0.21003054046386616,0.21192840949822414,0.17519260914276363,2733521.7447028477,0.02245682537622349,0.1295742309261334,0.022025693782848365,1.0,0.5756871737095214,25.331357874356307,0.21003054046386616
3,1,0,2,0,3.3146879386022334,0.0945908909894175,4.909240002183432,0.014318872755454768,3.6362860136827027,8.608796653881052,0.0937273565397811,90.98762686635506,15090363690.466722,0.0,0.16698796236304958,0.21004628633037004,0.21299856053126912,0.15281507616684772,2143048.9313936243,0.022684193394196358,0.12298071686828538,0.021917329141897885,0.08035352128372365,0.40531438228616373,0.3825514970416573,0.21004628633037004
5,1,0,2,0,1.2207387012290234,0.06373848602083645,4.17994721545583,0.014275144396193444,3.435289237341025,8.07483520864117,0.5524126758051779,128.57581205497618,10861891075.349249,0.0,0.21425181495687062,0.21004849409941748,0.17782490819774463,0.14625864981281225,2818834.4136537276,0.015810848987768154,0.08895496220426335,0.01563045997054203,0.21004849409941748,0.3720719616463719,1.0,0.21004849409941748
5,1,0,2,0,1.2207387012290234,0.06373848602083645,4.17994721545583,0.014275144396193444,3.435289237341025,8.07483520864117,0.5524126758051779,128.57581205497618,10861891075.349249,0.0,0.21425181495687062,0.21004849409941748,0.17782490819774463,0.14625864981281225,2818834.4136537276,0.015810848987768154,0.08895496220426335,0.01563045997054203,0.16739709230531646,0.3720719616463719,0.7969449770303338,0.21004849409941748
3,1,0,2,2,2.0425058649101957,0.0746269547420986,3.881252821313676,0.01610770188142713,2.866687305140395,5.868546876330682,0.19371481187877732,102.91380311193998,12514020393.293383,0.0,0.196029775420341,0.21032811888198122,0.1903773244952015,0.15538974608010295,3727355.5309375254,0.018121762840975626,0.10191643772039494,0.017868687800047217,0.21032811888198122,0.38462166723501773,1.0,0.21032811888198122
3,1,0,2,2,2.0425058649101957,0.0746269547420986,3.881252821313676,0.01610770188142713,2.866687305140395,5.868546876330682,0.19371481187877732,102.91380311193998,12514020393.293383,0.0,0.196029775420341,0.21032811888198122,0.1903773244952015,0.15538974608010295,3727355.5309375254,0.018121762840975626,0.10191643772039494,0.017868687800047217,0.022205726473068885,0.38462166723501773,0.105576594280905,0.21032811888198122
4,1,1,1,1,4.735249583392481,0.062404847767112734,5.865516442559028,0.06521135325587783,4.8337504317186815,2.2591407631920606,0.12380637077389423,81.48710998856791,14218435163.829506,0.0013056745310022905,0.16704046262224792,0.2103512025536725,0.2128208329859642,0.17212716824777022,2345888.126980493,0.022646353476419828,0.13092324835311975,0.022200143868362523,1.0,0.5604218536659485,8.349233149506816,0.2103512025536725
3,1,0,3,0,3.3464894066801745,0.0883341365468566,6.35906259668767,0.01273347681882324,4.535481409238225,8.68812857373405,0.15601723017591862,110.65206409158438,19017818854.194847,0.0,0.14287612247696302,0.21036302873972362,0.22881041266099328,0.1722013367571936,2444816.0676570144,0.026177102471047015,0.14843033460957666,0.02539022387041884,0.21036302873972362,0.4243577535231053,1.0,0.21036302873972362
3,1,0,2,0,0.4823261473740489,0.058733867044745744,8.182793479736102,0.00322107739559928,1.8460036169661362,2.8519516235873574,0.16330925474433378,107.7321393987225,9959264749.76881,0.0,0.17606131488426227,0.21040342377384905,0.20547690359108436,0.12862596630660825,1016600.6323461625,0.02111037895468989,0.12053058104548464,0.020408003969088376,0.18604765623669675,0.3436112552553308,0.8842425322729969,0.21040342377384905
3,1,0,2,0,0.4823261473740489,0.058733867044745744,8.182793479736102,0.00322107739559928,1.8460036169661362,2.8519516235873574,0.16330925474433378,107.7321393987225,9959264749.76881,0.0,0.17606131488426227,0.21040342377384905,0.20547690359108436,0.12862596630660825,1016600.6323461625,0.02111037895468989,0.12053058104548464,0.020408003969088376,0.18604765623669675,0.3436112552553308,0.8842425322729969,0.21040342377384905
3,1,0,2,0,0.4823261473740489,0.058733867044745744,8.182793479736102,0.00322107739559928,1.8460036169661362,2.8519516235873574,0.16330925474433378,107.7321393987225,9959264749.76881,0.0,0.17606131488426227,0.21040342377384905,0.20547690359108436,0.12862596630660825,1016600.6323461625,0.02111037895468989,0.12053058104548464,0.020408003969088376,0.18604765623669675,0.3436112552553308,0.8842425322729969,0.21040342377384905
3,1,0,2,0,4.517851774298475,0.09942449806655931,3.312478828802697,0.018823830698219985,3.840806818991817,7.364773117410636,0.1746987025869839,94.37487584665739,13063904059.122847,0.0006826953685538429,0.14325446957991445,0.2104526457668399,0.22898730702632722,0.16770598718532642,2088609.7297616012,0.026217593389584723,0.1467966329197361,0.025496037158525244,0.16956163686882655,0.370499073756679,0.8056997157293218,0.2104526457668399
5,2,1,3,1,3.903666651060089,0.08555021424159619,7.325086712514235,0.07429873135831053,8.689257517141309,3.5028594761810323,0.733721826015533,64.47457236882701,9801223192.763609,0.0014947011650865523,0.1405413560297698,0.21049426993847037,0.22938429089167586,0.1643293385172542,1979453.2944784209,0.026308576453938488,0.1435025211272094,0.02550322543110129,1.0,0.503644202374432,26.407210699424837,0.21049426993847037
3,1,1,2,0,1.6725822063028315,0.05178528498671434,9.063707103018794,0.025922923715143112,1.949309500788174,2.110219867707645,0.8125800536356573,101.19707705822239,10708946826.858952,0.0006448334682978224,0.2235461102067359,0.21060137985838884,0.17248369968345953,0.14421733753280291,4865076.3266470255,0.01487531332824693,0.08393629979616468,0.014708975140698907,0.21060137985838884,0.40583514654619707,1.0,0.21060137985838884
3,1,1,2,0,1.6725822063028315,0.05178528498671434,9.063707103018794,0.025922923715143112,1.949309500788174,2.110219867707645,0.8125800536356573,101.19707705822239,10708946826.858952,0.0006448334682978224,0.2235461102067359,0.21060137985838884,0.17248369968345953,0.14421733753280291,4865076.3266470255,0.01487531332824693,0.08393629979616468,0.014708975140698907,0.0895264271075687,0.40583514654619707,0.42509895788796564,0.21060137985838884
3,1,0,2,0,3.4446771789930493,0.0953108501451262,3.780738948186965,0.008733407079934738,8.155913924110362,2.224799586974497,0.34086955788009393,123.60689433779343,15947446079.296413,0.0,0.16816805267530405,0.21061536799152134,0.21244624850637436,0.16350067346487862,2736126.4314336055,0.022566704252216085,0.12460778366145453,0.022059055194963574,0.21061536799152134,0.37643646698930827,1.0,0.21061536799152134
3,1,0,3,0,3.352138092641969,0.08856632341792292,6.253417450430797,0.010595871718459686,4.3885136323057505,8.486549631472656,0.13143708324209327,110.11326949506989,19013026660.916634,0.0,0.12680376719756065,0.2106512265541633,0.2298473346728708,0.17406812391152737,2268642.0057917493,0.02641489862811134,0.1524011758187901,0.025643747243304968,0.2106512265541633,0.4243688857006039,1.0,0.2106512265541633
3,1,0,3,0,3.352138092641969,0.08856632341792292,6.253417450430797,0.010595871718459686,4.3885136323057505,8.486549631472656,0.13143708324209327,110.11326949506989,19013026660.916634,0.0,0.12680376719756065,0.2106512265541633,0.2298473346728708,0.17406812391152737,2268642.0057917493,0.02641489862811134,0.1524011758187901,0.025643747243304968,0.2106512265541633,0.4243688857006039,1.0,0.2106512265541633
3,1,0,3,0,3.352138092641969,0.08856632341792292,6.253417450430797,0.010595871718459686,4.3885136323057505,8.486549631472656,0.13143708324209327,110.11326949506989,19013026660.916634,0.0,0.12680376719756065,0.2106512265541633,0.2298473346728708,0.17406812391152737,2268642.0057917493,0.02641489862811134,0.1524011758187901,0.025643747243304968,0.2106512265541633,0.4243688857006039,1.0,0.2106512265541633
3,1,0,3,0,3.352138092641969,0.08856632341792292,6.253417450430797,0.010595871718459686,4.3885136323057505,8.486549631472656,0.13143708324209327,110.11326949506989,19013026660.916634,0.0,0.12680376719756065,0.2106512265541633,0.2298473346728708,0.17406812391152737,2268642.0057917493,0.02641489862811134,0.1524011758187901,0.025643747243304968,0.04002930290020116,0.4243688857006039,0.19002644112261413,0.2106512265541633
3,1,0,2,0,4.818978682894325,0.03544955466871352,4.405617708885963,0.008480588793817776,4.465816098898801,9.863324097167414,0.40870093600807605,124.1988236322948,19233957755.679043,0.0,0.11234442967962532,0.21070713638661798,0.23110493627917547,0.16003958122337422,1288599.7571618832,0.026704745786300877,0.14630963552045018,0.025839402593083975,0.21070713638661798,0.3734334535304561,1.0,0.21070713638661798
3,1,0,2,0,4.818978682894325,0.03544955466871352,4.405617708885963,0.008480588793817776,4.465816098898801,9.863324097167414,0.40870093600807605,124.1988236322948,19233957755.679043,0.0,0.11234442967962532,0.21070713638661798,0.23110493627917547,0.16003958122337422,1288599.7571618832,0.026704745786300877,0.14630963552045018,0.025839402593083975,0.21070713638661798,0.3734334535304561,1.0,0.21070713638661798
3,1,0,2,0,4.602352184708701,0.09903607549911084,3.6614396753027036,0.018929096831139903,3.9640354329428864,7.1940286381699945,0.1825898943348933,94.39178212939639,13074141528.188564,0.0006728923055851863,0.14090883195182446,0.21071909504636407,0.22941849389130736,0.16825779219651063,2056621.3818566105,0.02631642266967792,0.14704225015355454,0.025589474899858997,0.21071909504636407,0.38688418762149257,1.0,0.21071909504636407
3,1,0,2,0,4.113946279271803,0.062307842280581234,4.108197404073064,0.026757030464408478,2.6925057249309514,10.374730830634682,0.10660526394635683,117.50916674483732,10166515357.224737,0.0006048781420308526,0.16451087243157342,0.2108689455509594,0.21572918327608678,0.16035325270967626,2516501.0731735593,0.023269540258483722,0.13084006920470548,0.022605698157874693,0.2108689455509594,0.3832479481437012,1.0,0.2108689455509594
3,1,0,2,0,4.846568065029815,0.0990571844755755,6.207395672157538,0.009328079797704062,9.11359698036686,3.438375367973152,0.17934606057419922,122.53950036833551,10287300241.850899,0.0,0.1419733868196359,0.2110060721693668,0.23003982118920163,0.1690548832839978,2050339.262689753,0.02645915966637993,0.14101193668489231,0.025678446046861602,0.2110060721693668,0.4063602171965294,1.0,0.2110060721693668
3,1,0,2,0,4.846568065029815,0.0990571844755755,6.207395672157538,0.009328079797704062,9.11359698036686,3.438375367973152,0.17934606057419922,122.53950036833551,10287300241.850899,0.0,0.1419733868196359,0.2110060721693668,0.23003982118920163,0.1690548832839978,2050339.262689753,0.02645915966637993,0.14101193668489231,0.025678446046861602,0.2110060721693668,0.4063602171965294,1.0,0.2110060721693668
5,1,0,2,0,0.8031124219627678,0.02856330096453816,4.639327454154707,0.007050938305264167,2.3679266177221834,7.59001529741858,0.37467515669098617,116.62615484113243,11040858921.251263,0.0,0.18595953334795232,0.21100955779231073,0.19846252039329298,0.14558892873576665,2001926.4515344158,0.019693686000429117,0.10998425105345255,0.019179139761564903,1.0,0.34505217692804135,131.4409969748302,0.21100955779231073
3,1,0,2,0,4.0927625977340885,0.09608460278824446,4.070883171867597,0.02718828694860665,2.9330331450055627,6.928938707305795,0.2152136032490066,113.12760754565114,11833431927.30194,0.0005909706234195304,0.15929666306690593,0.21105157477516134,0.22058707067757252,0.16160006755318043,2292342.006603938,0.024329327875056185,0.13608703611556439,0.023604572099865755,0.1872853365918459,0.38466655814401685,0.887391325041596,0.21105157477516134
3,1,0,2,0,1.55600178483752,0.06370724434201318,4.429482526582144,0.02242763915602361,1.5496928299265087,7.101085837142325,0.7711234589546847,120.70799762378904,11588612502.859306,0.0008844276107736808,0.22878463668029192,0.2110826239107694,0.16974606192854957,0.1463068378381195,4905438.1313679665,0.014406862770125496,0.0811693543477583,0.014290019051339791,0.10670864630144684,0.3778398436252647,0.5055302247263878,0.2110826239107694
3,1,0,2,0,2.6443333352666047,0.05031681473118328,4.337288141370836,0.004649549497315041,3.4655362336304307,9.111633420861493,0.38648964039527256,129.28365214983708,13061504798.277632,0.0,0.1415735091912944,0.211102308091853,0.22987946788547964,0.1475123793112228,641622.7260559538,0.026422284877655633,0.14609941371495638,0.02544784023852903,0.211102308091853,0.4692023717533179,1.0,0.211102308091853
4,1,0,2,1,1.410483172882594,0.03300079605758708,5.857981455266034,0.03095171185586169,7.212739791055597,3.3939805884644056,0.7284338255090379,88.76605678465728,10224728421.942268,0.0010144904098315416,0.1501154060503509,0.21111094830851848,0.22961412398805975,0.18990936098033073,3705243.8078983827,0.026361322967402036,0.14035395022382802,0.02579825608565068,0.16332116273631578,0.5563711124343602,0.7736271569281074,0.21111094830851848
4,1,0,2,1,1.410483172882594,0.03300079605758708,5.857981455266034,0.03095171185586169,7.212739791055597,3.3939805884644056,0.7284338255090379,88.76605678465728,10224728421.942268,0.0010144904098315416,0.1501154060503509,0.21111094830851848,0.22961412398805975,0.18990936098033073,3705243.8078983827,0.026361322967402036,0.14035395022382802,0.02579825608565068,0.21111094830851848,0.5563711124343602,1.0,0.21111094830851848
5,2,1,1,1,1.3007889329938345,0.036713878173560824,6.575955691423742,0.012203009772765505,8.790353180939961,3.4274135351175965,0.11180761914763833,118.80668109187425,11901398312.808014,0.0,0.2312376151171355,0.21122653354073526,0.16849939386633486,0.14352430158497514,4987055.318459575,0.014196022866661124,0.07852091145733398,0.014083016429245407,1.0,0.3884593621454753,10.01282552995546,0.21122653354073526
3,2,0,3,0,1.0797234838060024,0.05173297495069855,8.799744144624182,0.017288814184762004,1.1361238504785995,13.969188173634628,0.733326004839641,108.45640069893486,9225411545.03843,0.0,0.21981048382310803,0.21125866463174123,0.17613737045516228,0.15498257447239755,5610799.579858619,0.01551218663542954,0.07321475358401197,0.015393713352083843,0.21125866463174123,0.39563924735654726,1.0,0.21125866463174123
4,2,1,1,0,3.0994408738061723,0.05758914225353011,6.9405869811589955,0.02853015506417698,3.664072047561238,2.14455697759629,0.5882220204107831,77.35059364395347,10443919270.946367,0.0012027387037624436,0.1578772824894104,0.21129825420642306,0.22233777413089778,0.15711687782027053,2500154.0573402494,0.02471704290274106,0.13453959758506606,0.023856661112565375,0.3638412910930299,0.46466012724912015,1.7219323106076556,0.21129825420642306
3,1,0,2,0,4.34418624801441,0.026840759647015933,1.105035628613182,0.023757055369911465,2.045657228440401,10.571377908639777,0.25771975239580663,118.52896801995041,13231840278.329943,0.001017647421356605,0.16244283492551542,0.2114939812691049,0.21815961954465257,0.1649440070319018,2456946.7332153087,0.02379680979993378,0.13438108411520389,0.023182203123976702,0.2114939812691049,0.19803728675868568,1.0,0.2114939812691049
2,2,1,1,2,2.114952760594519,0.008392616952258066,6.603621043758539,0.021714843082145985,1.0360377726272232,3.1557879524732977,0.6083607673326606,112.93587681822692,10899872198.849266,0.000724130525936923,0.21517518467330535,0.21161346489569496,0.17857072831264467,0.11249687170542769,439972.9542184162,0.01594375250505418,0.09025555789596251,0.015578863764583019,0.21161346489569496,0.7880932570904656,1.0,0.21161346489569496
2,2,1,1,2,2.114952760594519,0.008392616952258066,6.603621043758539,0.021714843082145985,1.0360377726272232,3.1557879524732977,0.6083607673326606,112.93587681822692,10899872198.849266,0.000724130525936923,0.21517518467330535,0.21161346489569496,0.17857072831264467,0.11249687170542769,439972.9542184162,0.01594375250505418,0.09025555789596251,0.015578863764583019,0.21161346489569496,0.7880932570904656,1.0,0.21161346489569496
3,1,0,2,0,1.2870759902785431,0.027319215212209393,7.242720700268938,0.03281627115585427,3.2864073902681503,7.841975678659324,0.4781923117023837,128.83573938249913,11912498921.622189,0.0005582634638042414,0.17283931974465405,0.2116266624369158,0.2092769558347536,0.15574524060044173,3184143.400790814,0.0218984221217307,0.1257828257235717,0.021270848605721843,0.2116266624369158,0.5000532718510488,1.0,0.2116266624369158
2,2,1,1,2,2.9687777944075755,0.028110599913606454,4.1500395763371145,0.027616439105973997,1.8778899332665007,4.470974409372033,0.6457818191887934,129.60395356970017,10678746371.17173,0.0007905058419720747,0.18633111488102944,0.21171979236681865,0.19886953473147595,0.15835998052968572,3236961.8180824122,0.019774545922156862,0.11022690664282975,0.01940924858190141,0.22189938130698317,0.3784018504641457,1.0480804785720161,0.21171979236681865
3,1,0,2,0,2.847510329106768,0.09126880810541942,4.409861852928299,0.008524108774536918,9.015687283752293,3.6685203592686424,0.14900804141107035,123.98289823450052,10079594013.295961,0.0,0.17787341358052167,0.21184483486676578,0.20561536355879087,0.16321364242142514,3004411.877429883,0.02113883886570687,0.11742120168402237,0.02073415473309596,0.21184483486676578,0.37119945797985926,1.0,0.21184483486676578
3,1,0,2,0,2.762008659274547,0.09112306362473185,4.330661650220528,0.006742302834090014,9.01400438645329,4.58497007842031,0.16762988351957978,121.99463767530725,9931026546.564447,0.0,0.16747261085943066,0.21199480335495421,0.21426314793728224,0.16399802221502335,2744239.045844268,0.02295434828199685,0.13002497600697827,0.022379080540981488,0.21199480335495421,0.37329009726376955,1.0,0.21199480335495421
3,1,0,2,0,0.5044823256669048,0.015769246184470873,8.829650687412597,0.00934078850608366,3.2037779760814704,3.3679085425436037,0.7550506720787791,85.04288401190337,11375429166.051416,0.0,0.15892629756408688,0.2122040268069974,0.2227077695382644,0.15431198416498196,2221206.5684300377,0.024799375306354343,0.1280111622995369,0.024048839671354974,0.01488614014166514,0.35439532941128526,0.07015013035169355,0.2122040268069974
4,2,1,2,0,4.909328747752548,0.06701220984681673,3.278436199752744,0.06379957406617447,2.1338778212276877,3.574065281687421,0.7886800350619461,112.30723525211421,19968742815.33572,0.0009144427456280873,0.19563596592992472,0.212241820197032,0.19240386269443674,0.13339504181804687,2438516.4671270684,0.018509623189869834,0.10456925381674176,0.017865824292460416,0.212241820197032,0.3801599989462156,1.0,0.212241820197032
3,1,0,2,0,0.6673014268156602,0.029470720759501114,8.261544866851668,0.006955286272339596,3.226812832499456,2.098949298773105,0.7449022415951531,104.71700303875545,11546157568.494259,0.0,0.14243199555165464,0.21236029934018305,0.23094717232267073,0.16463377159459755,2158324.1542477384,0.026668298201918687,0.1520037635646856,0.02583627311295488,0.21236029934018305,0.3489966900520723,1.0,0.21236029934018305
3,1,0,2,0,2.1901163639779906,0.05635755860770436,6.9885005570709575,0.004710115185013993,3.7792014734734836,6.8351141733845635,0.5216826704769477,125.35618950913691,10642533293.424194,0.0,0.14490930910422628,0.21236347155706492,0.23103828874659668,0.14842688990545047,635123.5608964018,0.02668934543347789,0.1480198679114506,0.025707439229508633,0.21236347155706492,0.46042475338739725,1.0,0.21236347155706492
1,0,1,3,2,0.22539633909797493,0.030082212767962465,3.5953062400215545,0.02993325396044808,9.08098010623069,3.6288900780548694,0.40592342617433486,61.347173879571486,18882561214.555244,0.0010351792564719637,0.17305948500817087,0.21248075663430996,0.2099728205426469,0.15133486637323482,2322019.9478693316,0.0220442926833173,0.1260994540381295,0.021386389875718143,0.21248075663430996,0.47727076409176394,1.0,0.21248075663430996
3,1,0,2,0,3.182996163374224,0.0603277252012502,5.723589866323158,0.007965167935876299,6.919342824908669,2.1285797659002044,0.6650446144868143,106.05836706798823,11526904790.748833,0.0,0.1698870100301358,0.21271981982790264,0.21292189714344742,0.16638103007850902,2842675.0172215193,0.0226678671415824,0.12867798950095766,0.022169605272149114,0.21271981982790264,0.3728118355240432,1.0,0.21271981982790264
3,1,0,2,0,3.182996163374224,0.0603277252012502,5.723589866323158,0.007965167935876299,6.919342824908669,2.1285797659002044,0.6650446144868143,106.05836706798823,11526904790.748833,0.0,0.1698870100301358,0.21271981982790264,0.21292189714344742,0.16638103007850902,2842675.0172215193,0.0226678671415824,0.12867798950095766,0.022169605272149114,0.21271981982790264,0.3728118355240432,1.0,0.21271981982790264
1,0,1,2,0,0.1406905168246965,0.07906670383723712,7.440530716184902,0.03188160607078893,0.3727837944581317,3.6714558600904525,0.4591024138740358,112.85963407607288,10267403551.71028,0.001157188355078389,0.1402410500662678,0.21284630679555955,0.23160049302199562,0.17094711905889493,2218348.097114254,0.026819394184015723,0.15265731028698193,0.026000022435829693,0.21284630679555955,0.478889293667306,1.0,0.21284630679555955
4,1,0,1,1,3.8191387771269394,0.05835634098167193,1.2579769209241491,0.05235735332957141,1.9309915179604327,1.2627136728297876,0.17375766819919888,79.86335226526121,17878912076.550217,0.0008267636589517103,0.18239935165484006,0.21287423595604502,0.2030605973884382,0.1629526687976297,4181634.2192508704,0.020616803105874697,0.11398210114983465,0.020241791374621846,0.06526040850779319,0.5367094053454038,0.30656790482277235,0.21287423595604502
3,1,0,2,0,2.017878809466082,0.05171727021054451,7.587644462681698,0.01529850397416178,5.371588915101492,4.869273411482049,0.5372019108250393,110.74762438210496,15353540102.548567,0.0,0.20319219567693642,0.21290753200766732,0.18784397326262253,0.15571392018736124,3807644.05176243,0.017642679145544425,0.09691606845056999,0.017390650511933614,0.014575562709696064,0.36733907281610306,0.06845959169340783,0.21290753200766732
3,1,0,2,0,4.257387433107231,0.09234439188677823,5.038028851440316,0.019024581707934907,5.54815248912027,6.96594597220398,0.07721884303629525,126.54667890588763,14897536194.6487,0.0006295701006811086,0.14872536797176394,0.21293513826033533,0.23126805698256236,0.17202038905960504,2240607.011682867,0.026742457090244854,0.15167797144113837,0.025972991624825758,0.18422633242433872,0.3827309464935776,0.8651758179953507,0.21293513826033533
3,1,0,2,0,3.2530673524019837,0.09294351898840182,8.393621627328915,0.0241134516698224,3.1467729242386757,4.564396431390226,0.4231048728242481,120.9345378647351,19995100043.69755,0.0011224446296738246,0.17888485625027684,0.21295963540064133,0.20595218497459222,0.15567034574085767,3091851.911392431,0.021208151247904327,0.1167764872215995,0.020699378972701257,0.2446947628125872,0.4396180281563444,1.149019448461407,0.21295963540064133
4,1,0,1,0,3.06879490321973,0.07154541786161073,6.952998664095089,0.014201317571768762,8.469045879484835,2.6299532429158816,0.3453306737863021,125.80380638191006,17121140648.980942,0.0,0.1614764588244484,0.21303419835168924,0.22092522763088523,0.16080439229350169,2607622.1372734215,0.024403978101879227,0.13206905256790302,0.02359255775321667,0.3895083966472221,0.38776802747519573,1.828384361107126,0.21303419835168924
3,1,0,3,0,2.7644988622748667,0.0970711900687944,9.223263743691552,0.02253118827970574,5.026274929806492,11.241958309645444,0.06414974763932747,120.52881216615229,15206649204.975761,0.0010330994933132013,0.1844921952574189,0.21319424767243048,0.20164756643720824,0.15772036035173673,3385106.1603089552,0.020330870525024154,0.11409442835625494,0.019887363972670925,0.21319424767243048,0.5340978791354746,1.0,0.21319424767243048
2,2,0,1,0,4.088347857142841,0.0980687474801138,9.321656441273467,0.004431371771282385,4.388405232540142,8.051946267823945,0.08517543418096604,106.48672579051276,17295883553.763493,0.0,0.2118239405483826,0.21320899496043266,0.18221536725604506,0.15476397900093933,4812661.513000702,0.01660122003212769,0.09265358417471159,0.016435341845223928,0.21320899496043266,0.3539049734284363,1.0,0.21320899496043266
5,2,1,1,1,4.378836195796215,0.048856737124758604,9.703656222223831,0.0037554838704675166,7.800904714726245,14.617910434923607,0.7279625660235841,101.94272312526893,17541714957.88039,0.0,0.12626078231258986,0.21322607925651305,0.2331237456556132,0.15636255770085225,669197.7056022673,0.027173340394251514,0.14798378627799558,0.02622066299015516,0.21322607925651305,0.375399349128968,1.0,0.21322607925651305
3,1,0,2,0,4.537746942528319,0.0450632327569144,4.623216132111787,0.0044773674290531605,6.722070817009853,9.718981125668968,0.20272777794842536,119.30832708980552,14794079190.377483,0.0,0.13315206613106678,0.213300895085434,0.23272487293426233,0.1633661871016303,1108268.1772089102,0.027080433241134277,0.1494625624540189,0.026277725429063162,0.213300895085434,0.3682444985984174,1.0,0.213300895085434
3,1,0,2,0,4.537746942528319,0.0450632327569144,4.623216132111787,0.0044773674290531605,6.722070817009853,9.718981125668968,0.20272777794842536,119.30832708980552,14794079190.377483,0.0,0.13315206613106678,0.213300895085434,0.23272487293426233,0.1633661871016303,1108268.1772089102,0.027080433241134277,0.1494625624540189,0.026277725429063162,0.11289132347563485,0.3682444985984174,0.5292585548242457,0.213300895085434
3,1,0,3,0,2.003783992570509,0.09562133919448043,6.988214441212993,0.010792716604998392,4.786285755673271,9.025730963999107,0.12787065202317788,89.28315061983876,19221529644.143597,0.0,0.13881984680393816,0.2133692710563021,0.2320570320435865,0.17789851756146674,2988330.283196196,0.026925233060439063,0.15667079652069427,0.026210981518166223,0.027320331533351644,0.40908463601665546,0.12804248427198583,0.2133692710563021
2,2,1,1,2,4.443721547411906,0.023441195309957218,8.918028891194021,0.010753917401268394,3.4836763381762004,2.2676299900627788,0.3507750947834923,127.5149615644786,16480778384.646927,0.0,0.18741885620753299,0.2133763653369308,0.1995740268722399,0.1628869322156096,4047802.7135223746,0.019914896101000768,0.11184875660957305,0.019621116898797558,0.2133763653369308,0.3631017293146707,1.0,0.2133763653369308
4,2,0,2,0,0.5990131563971441,0.08530359865274892,6.872110452890075,0.08888204637590036,9.034696291173656,13.16229236473384,0.3014208993272235,127.47603120488967,13580229983.151207,0.0005544050534393478,0.22696630781935082,0.21347351650172294,0.1729490034552146,0.133237533794121,4536196.151404368,0.01495567889807592,0.08240235269987273,0.014761751133565763,0.21347351650172294,0.48711316438491914,1.0,0.21347351650172294
5,1,1,3,0,2.9651636762751705,0.06960210127438192,7.0524386186782335,0.009433677013693253,5.0036850668074235,3.8461513222782675,0.18718556563130379,105.69254553932291,14415520991.545397,0.0,0.15529899731681646,0.21351340384735856,0.2265685770107194,0.179800679052631,3322075.822492741,0.025666660044331144,0.14900273671196096,0.025080111211752056,0.21351340384735856,0.4155864066527026,1.0,0.21351340384735856
3,1,0,3,0,3.429249417963734,0.08935880322886354,6.409044699462058,0.010449592653941747,4.523372945954091,9.287671653287306,0.14302108125004442,108.52808184062629,18614113317.989197,0.0,0.1206511242964539,0.21352445144918497,0.23330476298648975,0.17522839612500948,2105524.11868523,0.02721555621609108,0.15644137770082878,0.02639196633704774,0.21352445144918497,0.4162529180106735,1.0,0.21352445144918497
3,1,0,3,0,3.429249417963734,0.08935880322886354,6.409044699462058,0.010449592653941747,4.523372945954091,9.287671653287306,0.14302108125004442,108.52808184062629,18614113317.989197,0.0,0.1206511242964539,0.21352445144918497,0.23330476298648975,0.17522839612500948,2105524.11868523,0.02721555621609108,0.15644137770082878,0.02639196633704774,0.05228134582220322,0.4162529180106735,0.2448494561975037,0.21352445144918497
3,1,0,3,0,3.429249417963734,0.08935880322886354,6.409044699462058,0.010449592653941747,4.523372945954091,9.287671653287306,0.14302108125004442,108.52808184062629,18614113317.989197,0.0,0.1206511242964539,0.21352445144918497,0.23330476298648975,0.17522839612500948,2105524.11868523,0.02721555621609108,0.15644137770082878,0.02639196633704774,0.21352445144918497,0.4162529180106735,1.0,0.21352445144918497
3,1,0,2,0,3.7178286703914125,0.09234820753738883,9.823710328976222,0.009560200597459092,9.288141310806575,6.193413740440681,0.24399164210973745,104.10682884292466,11471580078.316393,0.0,0.16525679399618887,0.21361936964929454,0.21812434027699476,0.1620949800299742,2241746.331745344,0.023789113910637098,0.1294924890502256,0.023159573572618098,0.21361936964929454,0.372252768281411,1.0,0.21361936964929454
3,1,1,3,0,4.123474729597831,0.0892252471954494,7.027397404488778,0.007178387105388975,4.610025584036441,7.180288176592248,0.25299414132227027,111.635766313977,12501360853.77677,0.0,0.13311729566239705,0.213631272330555,0.2326750943755142,0.17633592823292307,2349774.4101583185,0.02706884977132722,0.1569626967936344,0.026303042432931314,0.08326456903851819,0.414483439229042,0.3897583351452479,0.213631272330555
3,1,0,2,0,4.504005424731472,0.09784505025976585,3.502827050639922,0.019324605003135858,3.960244942794741,6.804998298505331,0.1682521966614839,93.16390223069672,12867216748.229479,0.0006944574212948447,0.14047844488553812,0.2140245964824412,0.23298782980380434,0.16928073082621545,2013979.5840812025,0.027141664418343245,0.15207871368026926,0.026343011187417657,0.05778377632455383,0.38246870327414767,0.26998661496971665,0.2140245964824412
3,1,1,3,0,3.3088796242261185,0.08325089656055569,4.757984798091943,0.030210384635643017,6.3624896985865425,7.164538892790913,0.16932526225401873,116.588718383842,12464562995.547516,0.0006964622962381174,0.1460855795816497,0.21416126234031382,0.23330951483270057,0.16391068931305497,1971240.599652208,0.027216664855735064,0.14366125021298248,0.026321036949064822,1.0,0.41746456011350086,72.2496385762334,0.21416126234031382
3,1,0,3,0,3.4587071203473454,0.08771656380212368,6.3028802844947895,0.0112395814632429,4.662672907362299,8.653597901193566,0.1546051425994314,110.25299095730475,19057760136.384354,0.0,0.13132794620845684,0.2143228763985675,0.23361162494023993,0.17547973218815058,2260420.6340922643,0.027287195653609663,0.15644476212520475,0.02644213327449099,0.0825662436344707,0.42183506666136017,0.3852423270063137,0.2143228763985675
3,1,0,3,0,3.4587071203473454,0.08771656380212368,6.3028802844947895,0.0112395814632429,4.662672907362299,8.653597901193566,0.1546051425994314,110.25299095730475,19057760136.384354,0.0,0.13132794620845684,0.2143228763985675,0.23361162494023993,0.17547973218815058,2260420.6340922643,0.027287195653609663,0.15644476212520475,0.02644213327449099,0.2143228763985675,0.42183506666136017,1.0,0.2143228763985675
4,2,0,2,0,3.577086373002224,0.08798416492040931,9.22734071892875,0.07695559070695678,4.462270208957674,7.936202309648515,0.44857747278301885,128.2125709721214,14912923640.365252,0.0005599930089980143,0.16966632443509266,0.2144038228128898,0.21487581451149007,0.16330633033598319,2780777.472691211,0.023085807830988146,0.1297130676002255,0.022457779738115007,0.3371679368166485,0.38594962293231283,1.5725836059877294,0.2144038228128898
3,1,0,2,0,1.1063874637174669,0.033064899646061297,2.0066253350908605,0.009635446074415707,0.6797575538282487,2.781354064027317,0.5841392393329139,122.37041683054196,15174394275.940552,0.0,0.23048219256731364,0.21445275461966629,0.1715626240085815,0.1399573750431302,4689878.286524182,0.014716866978354953,0.08277960033923204,0.014541533377698403,0.21445275461966629,0.31315826914860806,1.0,0.21445275461966629
3,1,0,2,2,1.1017427594615559,0.04573591549304336,2.1436594818177928,0.016597523783751577,0.320943786465382,8.86935447028679,0.33611626102616204,108.37051055431563,16230507110.191029,0.0,0.2562475902124466,0.21445991966525288,0.15732571982465735,0.12470025991117667,6138455.891112865,0.012375691059173289,0.06682362696841526,0.012269671235097548,0.21445991966525288,0.32018484370216843,1.0,0.21445991966525288
3,1,0,2,0,4.848089132660826,0.09425423220062265,8.219576084759577,0.008680658892443072,6.521131401067493,6.664369998589606,0.23305224108335088,108.58865298593284,12918585609.677193,0.0,0.1559493076451398,0.214604001562957,0.22775383171558403,0.16717439715383767,2042380.0396903695,0.025935903930565284,0.1386142043839722,0.0251424349855347,0.214604001562957,0.3730814482225013,1.0,0.214604001562957
2,2,0,1,0,4.243658675806269,0.08082831650305229,6.456853988212478,0.004828586034754905,8.539067243243814,8.734509831806742,0.29399459162832486,104.51455821093121,16168617054.182505,0.0,0.15404500057023074,0.21463711908327437,0.22943907743302913,0.15046184137270224,395548.754682153,0.02632114512665977,0.14356125203751857,0.025384480708378097,0.001239665795340592,0.4284496457388212,0.00577563564324412,0.21463711908327437
3,1,0,2,2,2.5478815563524453,0.05216749988878341,3.46721294325136,0.007934491527398167,8.425391487176702,4.414100358356461,0.09136580245935386,113.31229207641837,9774727122.50779,0.0,0.14687073090435454,0.214713726303252,0.2331612713831336,0.1546278951416249,766977.0505826203,0.02718208923649964,0.1564800924109142,0.026257369970217576,0.048367197055093646,0.4739952663863205,0.22526364703289622,0.214713726303252
2,1,0,3,0,3.8075530247503857,0.08624555546102824,8.191641183889983,0.024278274626604587,1.198807509144066,14.728781868410456,0.5203869890372071,97.2165719600868,18932754614.047504,0.0009783726758385454,0.20255472044729683,0.21471912328371193,0.1899898629653647,0.14593551166911514,3787466.8236203734,0.018048074014799024,0.09800406237967962,0.017714866089716768,1.0,0.4992458914778455,7.95873701766525,0.21471912328371193
3,1,0,3,0,3.3542204822388935,0.08857857925415707,6.320227667765902,0.011964930140433877,4.50714645685174,8.525784942903273,0.15621596816340272,110.45195483002745,19044042238.014412,0.0,0.13358687465107155,0.2147276430490058,0.23391472114033002,0.17625850416253283,2311319.1022981983,0.027358048383079175,0.1570576785603548,0.02650816346830438,0.04280552497398537,0.42656224257435515,0.19934799435308925,0.2147276430490058
3,1,0,2,0,2.028110772108993,0.06727420638881805,7.8560485185256494,0.006494752134884894,9.072838471542182,4.733197101916917,0.7116403712116731,108.1761501538983,9416067523.45451,0.0,0.1950908793075992,0.21474647623940063,0.1951604470427874,0.15766257672217393,3986201.2519163587,0.019043800044970312,0.10678756233976983,0.018693585266152012,0.033614089306116667,0.3649332672211762,0.1565291775434931,0.21474647623940063
3,1,0,3,0,4.543614303112963,0.06749770190397875,6.1511927050255455,0.005806912225557719,5.107543795966547,8.475340077550644,0.19512307710697097,119.57896851925749,14366363654.872072,0.0,0.1524641724374311,0.21481658356476677,0.23067836033430664,0.1710159391137057,2006037.3067416553,0.02660625296326211,0.15379484500613438,0.02582563079167396,0.10815557816683105,0.402713530443535,0.5034787183188879,0.21481658356476677
3,1,0,3,0,4.543614303112963,0.06749770190397875,6.1511927050255455,0.005806912225557719,5.107543795966547,8.475340077550644,0.19512307710697097,119.57896851925749,14366363654.872072,0.0,0.1524641724374311,0.21481658356476677,0.23067836033430664,0.1710159391137057,2006037.3067416553,0.02660625296326211,0.15379484500613438,0.02582563079167396,0.21481658356476677,0.402713530443535,1.0,0.21481658356476677
3,1,0,2,1,4.721537601769201,0.09225371517284281,3.5190520621441497,0.004822192826119438,5.72360298233494,8.714984933159217,0.29349134028102325,120.73580719379832,11355413516.944311,0.0,0.15147272920910115,0.21501461739780373,0.23233048182444704,0.1517792277364422,307562.4019898608,0.026988726392389858,0.1470283953968361,0.026025691775994956,0.21501461739780373,0.43080371904052345,1.0,0.21501461739780373
3,1,0,2,1,4.721537601769201,0.09225371517284281,3.5190520621441497,0.004822192826119438,5.72360298233494,8.714984933159217,0.29349134028102325,120.73580719379832,11355413516.944311,0.0,0.15147272920910115,0.21501461739780373,0.23233048182444704,0.1517792277364422,307562.4019898608,0.026988726392389858,0.1470283953968361,0.026025691775994956,0.21501461739780373,0.43080371904052345,1.0,0.21501461739780373
3,1,0,2,1,4.721537601769201,0.09225371517284281,3.5190520621441497,0.004822192826119438,5.72360298233494,8.714984933159217,0.29349134028102325,120.73580719379832,11355413516.944311,0.0,0.15147272920910115,0.21501461739780373,0.23233048182444704,0.1517792277364422,307562.4019898608,0.026988726392389858,0.1470283953968361,0.026025691775994956,0.02397741443893685,0.43080371904052345,0.1115152761664369,0.21501461739780373
3,1,0,2,0,2.604418877492862,0.09865423389956843,9.083954859678805,0.021492559114724797,3.797944244150273,2.7324822590200917,0.8286408017127729,105.3992890615456,14046421999.119461,0.000963730779510599,0.18262435033452704,0.21509625782953443,0.20495840157125755,0.15574002777515533,3285519.197989923,0.021003973187322438,0.11741723577167051,0.020516886565482513,0.26995365010168465,0.4338557781501207,1.2550364791358908,0.21509625782953443
1,2,0,1,0,4.868429521577139,0.07424116763480355,6.1230934457549155,0.004306403645852624,9.518790867867164,1.3954517202422618,0.43456808825715376,95.93131192295888,18361993204.053604,0.0,0.16619775478058973,0.2151685543593108,0.2187895055101033,0.1504190978191481,1921245.0644238223,0.023934423860677758,0.13196330465595596,0.02316632059265737,0.06770043682318432,0.3215983681190691,0.3146390838790091,0.2151685543593108
1,2,0,1,0,4.868429521577139,0.07424116763480355,6.1230934457549155,0.004306403645852624,9.518790867867164,1.3954517202422618,0.43456808825715376,95.93131192295888,18361993204.053604,0.0,0.16619775478058973,0.2151685543593108,0.2187895055101033,0.1504190978191481,1921245.0644238223,0.023934423860677758,0.13196330465595596,0.02316632059265737,0.2151685543593108,0.3215983681190691,1.0,0.2151685543593108
3,1,0,2,0,2.4315983015841875,0.09074913424624255,1.0777371310056822,0.04401413263849399,2.847937918316714,3.1115380594393383,0.6345699085310497,89.13343422554712,13446857581.778662,0.0012286017253567334,0.16107070814409086,0.21537416797534564,0.2237533849564837,0.16384510310464293,2330278.263747244,0.025032788639742194,0.13491340797984153,0.024236248240200858,0.21537416797534564,0.2327083798017944,1.0,0.21537416797534564
3,1,0,2,0,0.14906844198489227,0.03471329405764827,8.644239661137643,0.046841381518202135,2.6912816704559672,7.688550868837322,0.1494206801598677,107.84897118466824,14725258453.69392,0.0007533253147105429,0.21333272273640552,0.21537785298953677,0.18305714450328817,0.14862915576986208,4590607.75054289,0.01675495907684886,0.0948281919516838,0.016535757392710303,0.21537785298953677,0.39507068665825607,1.0,0.21537785298953677
3,1,0,2,0,0.14906844198489227,0.03471329405764827,8.644239661137643,0.046841381518202135,2.6912816704559672,7.688550868837322,0.1494206801598677,107.84897118466824,14725258453.69392,0.0007533253147105429,0.21333272273640552,0.21537785298953677,0.18305714450328817,0.14862915576986208,4590607.75054289,0.01675495907684886,0.0948281919516838,0.016535757392710303,0.16449528032873345,0.39507068665825607,0.7637520666376257,0.21537785298953677
2,0,1,2,2,2.616537604131985,0.05335211112141546,7.580199111286121,0.008646964565163673,1.452722340096066,14.169626921529938,0.08968022610541636,114.79393195669674,13466856091.042463,0.0,0.2530053659661953,0.2154282128506063,0.15998119776609537,0.12308309555191603,6426732.739001165,0.012796991819337258,0.06586201344960718,0.012673857342037739,1.0,0.38750467797404897,21.562801828917245,0.2154282128506063
1,0,1,0,0,0.1822694195054581,0.06699229553700176,8.809085995346337,0.0560982428406421,7.89642884393922,4.43280822031271,0.03727703281459531,114.46630427988332,14427531205.871819,0.000612249688569102,0.2014751449095529,0.21557131883678107,0.19127581517312892,0.15674995007574544,4284150.178165769,0.018293218735072485,0.10381792922860777,0.0180043464628056,0.21557131883678107,0.5630413679065546,1.0,0.21557131883678107
3,1,0,2,0,4.151589286420785,0.09243346971967138,1.5911854528121805,0.022218409404517497,3.469509572212944,3.6460671039215713,0.17530690887083394,114.1295831702672,12150259660.223503,0.0008268999052405008,0.1301878593936172,0.2156184277738866,0.23533949938770393,0.1696482429291291,1747663.8102797237,0.02769233998602755,0.15371686650712024,0.026854690291097147,0.2156184277738866,0.31781056046643746,1.0,0.2156184277738866
3,1,0,3,0,3.5272322104664933,0.08639403485828176,6.225558130266109,0.010027949534972071,4.676139788347438,8.571870464750035,0.14840309892490516,111.08317959754068,19061788079.5341,0.0,0.12716800021464175,0.2157475204353581,0.23532305133839454,0.1774141666433029,2206424.2805097434,0.027688469245606334,0.1596020664942066,0.026840091611936078,0.06460597050224642,0.409683682392131,0.2994517404968441,0.2157475204353581
3,1,0,0,0,0.2659245198602757,0.05327516072151545,4.375193030909171,0.029243074582057424,2.54051720162027,4.888080240866148,0.6449013069721681,129.25267813191434,9335634726.861511,0.0005756957638206691,0.17246227156298544,0.21578875923838875,0.21370297689281162,0.15204854922703623,2006429.3967156168,0.022834481166424787,0.13172768545434088,0.022200044883082425,0.03769855912995297,0.5083648176020066,0.1747012182794293,0.21578875923838875
4,1,0,3,0,3.366887687460303,0.034100246171419164,9.486638640204184,0.005774241165514675,3.790757962018079,7.549028338428211,0.14769443341406488,101.25867344302499,15367467061.287653,0.0,0.1986232440857174,0.21588524326077316,0.19379947656335453,0.13044524032098992,880987.3337588548,0.0187791185581151,0.10268234445137281,0.018326938060887726,0.260027678731335,0.518202486828469,1.2044717591801357,0.21588524326077316
3,1,0,2,0,2.322870505169301,0.06617020836919259,4.924951303349675,0.01728425175748924,3.5348768745758483,4.557829519198429,0.2733180219192378,122.50563131880476,12457920925.085484,0.0,0.19176730734362393,0.21597254023077958,0.198838946744246,0.16107103631522535,3413171.3017505254,0.019768463371180548,0.10931145694001354,0.01944471437084611,0.21597254023077958,0.37912781347091884,1.0,0.21597254023077958
3,1,0,2,0,3.1239789760841914,0.05943709710510045,8.283483820240093,0.007670551425081454,3.4461938319384537,4.678870404719944,0.44705035180299363,129.5831816360941,11023729667.284584,0.0,0.15214011214157533,0.2160726484302247,0.23244845771623224,0.15405142195844576,602603.2986598958,0.027016142747327502,0.15399335034700712,0.026061414333363828,0.1722083461680253,0.4541700368443195,0.7969928050548042,0.2160726484302247
3,1,0,2,0,3.1239789760841914,0.05943709710510045,8.283483820240093,0.007670551425081454,3.4461938319384537,4.678870404719944,0.44705035180299363,129.5831816360941,11023729667.284584,0.0,0.15214011214157533,0.2160726484302247,0.23244845771623224,0.15405142195844576,602603.2986598958,0.027016142747327502,0.15399335034700712,0.026061414333363828,0.2160726484302247,0.4541700368443195,1.0,0.2160726484302247
3,1,0,2,0,3.4005576385771894,0.057429408203673246,6.500995736262447,0.010886367972594162,5.188355417546916,11.390951831194975,0.46536257744454457,102.42089590566817,12423779607.188087,0.0,0.1561734698188468,0.21630517686019948,0.22931819900750222,0.16861130939502852,2243669.7247410123,0.026293418198022195,0.14097341948046138,0.025523141978607233,0.49200669078886844,0.3833441941187254,2.2745950787246207,0.21630517686019948
5,2,1,1,1,4.707805287510865,0.048856737124758604,9.61497377043488,0.0037554838704675166,7.800904714726245,16.145364836553497,0.7279625660235841,100.65527976502324,17541714957.88039,0.0,0.13781056041865292,0.21630651053616523,0.235751841120907,0.1586364805808868,649392.8765393317,0.02778946529594869,0.15274888595328373,0.026809226583373154,0.5597529972853265,0.37834263729662565,2.5877769277394864,0.21630651053616523
3,1,0,2,0,3.0990883208700275,0.0338421894293529,7.3044470599224995,0.010857948964792426,8.120874251784613,7.368385570135207,0.6525924572694553,100.59377274539979,14003179620.549076,0.0,0.1653432241292685,0.21636694064038595,0.22100064652333343,0.1659348126320155,2572801.106412036,0.024420642881865684,0.1303396293831467,0.02375780281834139,0.21636694064038595,0.37893171969534845,1.0,0.21636694064038595
3,1,1,3,0,2.2843549715211386,0.03828894975736707,6.329483085870442,0.006885686905602697,2.6880742153667225,5.441127345986637,0.6352033538936668,91.36591761928179,10208202434.206648,0.0,0.1669475139524697,0.21637189380788002,0.2196710451803753,0.1790151103125571,4028950.2407161454,0.024127684045319245,0.12722182605472732,0.02364486619003536,0.21637189380788002,0.3998137235496678,1.0,0.21637189380788002
1,0,1,2,2,2.9229198454265157,0.029497023871683244,1.3275693236225237,0.05540370344879289,1.9782642318568653,9.98724891976249,0.6228036665727207,129.80656790462234,11893758877.862911,0.0009729513265816766,0.16762554683998865,0.2164384274797518,0.21928474057124353,0.16264383479628722,2323676.2285284563,0.024042898723698792,0.12417121190947411,0.023413460301933933,0.3126117208131914,0.30379335556935066,1.444344816460269,0.2164384274797518
4,1,0,3,0,4.526875204430652,0.06565817965341049,6.077595269686793,0.004915223628311038,5.122442957853657,8.490876986658579,0.19357852481515989,121.62686665487271,14365068604.744158,0.0,0.1662373805142769,0.2164761451989945,0.21972147709315723,0.1665772629362586,1879036.3746325905,0.024138763747999406,0.1398311589232738,0.023546326832250636,0.2164761451989945,0.40836667905919055,1.0,0.2164761451989945
4,1,0,3,0,4.526875204430652,0.06565817965341049,6.077595269686793,0.004915223628311038,5.122442957853657,8.490876986658579,0.19357852481515989,121.62686665487271,14365068604.744158,0.0,0.1662373805142769,0.2164761451989945,0.21972147709315723,0.1665772629362586,1879036.3746325905,0.024138763747999406,0.1398311589232738,0.023546326832250636,0.31339559783090426,0.40836667905919055,1.4477142391038842,0.2164761451989945
3,1,0,2,0,3.7439122266988467,0.026836632420010997,2.142657515251747,0.008102180975244497,4.70380251627732,5.026809567842361,0.1628404358642653,121.71713624885653,11364326263.93834,0.0,0.1526492475647932,0.21652054030416693,0.2326420835696331,0.1736362939609724,2265737.155116112,0.027061169523810075,0.1503768367089644,0.026313590815854677,0.21652054030416693,0.361234758496708,1.0,0.21652054030416693
5,1,0,1,1,3.9483610585649833,0.06022419387363444,1.2807146402116527,0.05195209760141352,1.941150041673193,1.3217642853675498,0.15372942132173695,79.12032645727939,17844106785.78021,0.0008326744176766353,0.1555711905162267,0.21655202397257378,0.22965310527097763,0.1711945164377748,2296478.501999911,0.026370274380301366,0.15058397294224046,0.025674187216827876,0.9391215295594784,0.2757852685576427,4.3367016956554405,0.21655202397257378
3,1,0,2,0,0.8668362081682751,0.014123338217867987,9.157346646668811,0.0027790368779071475,7.410899637383482,1.1351931411884237,0.8297714560457691,112.33435050768735,13787056643.679676,0.0,0.14687734321898596,0.21658907439128477,0.23499372589826703,0.14891962771220452,78366.78208551844,0.027611025605774928,0.16239977873039557,0.026652066881649047,0.014603001970822599,0.40821781160162174,0.06742261590001145,0.21658907439128477
3,1,0,0,0,0.2656667423368496,0.05331105904131145,4.380917315578107,0.029195585659853463,2.538663665289837,4.8868270498129185,0.644607056676925,129.25008467314524,9336057009.498255,0.0005762230794195558,0.1731397214744988,0.21660128330240105,0.21393736746386705,0.15218087723202048,2007863.4302464307,0.02288459859868484,0.13206760179404087,0.02224741523020737,0.0379772707313576,0.5084168873894062,0.17533262108302852,0.21660128330240105
3,1,0,0,0,0.2656667423368496,0.05331105904131145,4.380917315578107,0.029195585659853463,2.538663665289837,4.8868270498129185,0.644607056676925,129.25008467314524,9336057009.498255,0.0005762230794195558,0.1731397214744988,0.21660128330240105,0.21393736746386705,0.15218087723202048,2007863.4302464307,0.02288459859868484,0.13206760179404087,0.02224741523020737,0.0379772707313576,0.5084168873894062,0.17533262108302852,0.21660128330240105
3,1,0,2,0,1.4663147401385346,0.07166177249741015,4.131070182609881,0.00740906319533383,5.62882041343,6.61143470913461,0.398691379146246,114.27756376943805,9631761560.767464,0.0,0.1522057547815897,0.21660988558893832,0.23315148379019565,0.1563078624829724,668990.8363407056,0.027179807196784932,0.15134815543862712,0.026221774246530792,0.21660988558893832,0.4388578863938954,1.0,0.21660988558893832
5,2,1,1,1,1.303470792968787,0.005732847613187038,7.7865702442794795,0.019383204429490524,5.91657850081056,8.586501093990528,0.8460429225576285,106.90131577447848,12508476242.49958,0.0,0.2116579607786887,0.21668704631644953,0.18529265486115806,0.12521225312082296,3227363.6448840685,0.01716668397274812,0.09756010404827697,0.016789481565087083,1.0,1.2348679073830793,60.52576462415482,0.21668704631644953
3,1,1,2,1,2.799796067386797,0.06286649761161073,0.9582767862049144,0.019292564147469982,0.8594700384876003,1.0103072214388782,0.16697732379378305,109.52618273316993,9934264338.624939,0.0011071567871979969,0.18163715077122353,0.21676815879989267,0.20746898931224217,0.14541764191453763,2896183.548910134,0.021521690763121628,0.1182270919469185,0.02084092044947426,0.21676815879989267,0.2026454788170362,1.0,0.21676815879989267
2,1,0,0,1,3.382657868337076,0.06506591992453502,2.2108099166027504,0.0834845475695722,1.709033596268631,2.458573225018838,0.36539226050586887,79.36024501138344,14854614666.76083,0.0009227821928703641,0.1683165157297558,0.21683721098088765,0.21853217981543877,0.1612853806355309,2597039.583632547,0.023878156807443634,0.13345644363570452,0.023211967186782805,1.0,0.3741908665437096,56.62787822978072,0.21683721098088765
3,1,0,2,0,3.55574993357676,0.09937525057584683,4.007441252051766,0.00862078255040428,8.666399984317412,2.1888772911777132,0.41557156660989825,127.80072404447901,15592879458.028782,0.0,0.17035698466163063,0.21685514881960816,0.21688652556441604,0.16649885080896018,2711154.486487113,0.023519882485702047,0.12958569882567794,0.022971331445867816,0.028948166720552823,0.3695334825158048,0.133490797327729,0.21685514881960816
3,1,0,2,0,3.55574993357676,0.09937525057584683,4.007441252051766,0.00862078255040428,8.666399984317412,2.1888772911777132,0.41557156660989825,127.80072404447901,15592879458.028782,0.0,0.17035698466163063,0.21685514881960816,0.21688652556441604,0.16649885080896018,2711154.486487113,0.023519882485702047,0.12958569882567794,0.022971331445867816,0.21685514881960816,0.3695334825158048,1.0,0.21685514881960816
3,1,0,2,0,3.55574993357676,0.09937525057584683,4.007441252051766,0.00862078255040428,8.666399984317412,2.1888772911777132,0.41557156660989825,127.80072404447901,15592879458.028782,0.0,0.17035698466163063,0.21685514881960816,0.21688652556441604,0.16649885080896018,2711154.486487113,0.023519882485702047,0.12958569882567794,0.022971331445867816,0.21685514881960816,0.3695334825158048,1.0,0.21685514881960816
3,1,0,2,0,0.8687924654703854,0.023166551231091077,6.941329046552156,0.04389178256892148,0.47034139523674745,6.487225148136463,0.7925087515399063,98.51456486506434,9118809614.269772,0.0010113569576969458,0.20456337231243565,0.21688207644304247,0.19033923484642745,0.14599449403360262,4654646.62080334,0.01811451216096173,0.10209614939958844,0.017685439700860717,0.21688207644304247,0.4108049676619124,1.0,0.21688207644304247
3,1,0,2,1,4.28649362506063,0.07914684778911912,1.8891603843558367,0.02191613808603247,2.012991898628788,5.593054403035875,0.19091453196229663,114.31059438417735,10724654737.768332,0.0005148856916178134,0.14319419680389933,0.21697199415361132,0.23583975859275544,0.16856184959392695,1901847.4075587182,0.027810195866544582,0.15915959432494087,0.026949624277778573,0.21697199415361132,0.34357686036715696,1.0,0.21697199415361132
3,1,0,2,0,4.63408195671269,0.08913255308209586,1.2450672076319627,0.019861223374014497,2.8202700366081066,7.385833210332132,0.19426607623611147,116.46160824073044,11663850373.16241,0.0008408869214354087,0.1390719966540146,0.21703718026363444,0.2361937718038588,0.17309226562990548,1920583.6680974008,0.027893748919466662,0.15848373903360835,0.027059244532059767,0.21703718026363444,0.2370809278126756,1.0,0.21703718026363444
3,1,0,2,0,4.63408195671269,0.08913255308209586,1.2450672076319627,0.019861223374014497,2.8202700366081066,7.385833210332132,0.19426607623611147,116.46160824073044,11663850373.16241,0.0008408869214354087,0.1390719966540146,0.21703718026363444,0.2361937718038588,0.17309226562990548,1920583.6680974008,0.027893748919466662,0.15848373903360835,0.027059244532059767,0.21703718026363444,0.2370809278126756,1.0,0.21703718026363444
5,1,1,1,1,4.191263309899472,0.09359376021173454,1.8244899555710612,0.030873920696878387,1.2972347188346014,12.773536459242438,0.17680376818481314,114.99547563904366,11923241161.96936,0.0007018425315460172,0.1938863987566945,0.21709764173293697,0.1981016028243236,0.16500347470064983,2654346.568168466,0.019622122520783027,0.11232818350477203,0.01932323024101271,0.21709764173293697,0.34919957328727125,1.0,0.21709764173293697
5,1,0,2,0,2.268537981380349,0.09431522594992212,3.0570484156133233,0.041895691485018455,5.292056354346186,3.947824203424481,0.026738387535040743,81.44295805888672,18059683367.71562,0.001307861819232802,0.19095306958486985,0.21711110248335114,0.20058377085376425,0.15539053169269143,2887695.6279872227,0.020116924564957703,0.11003893001540943,0.019682200984268688,1.0,0.39028807051006376,41.25238606357224,0.21711110248335114
2,1,0,2,1,2.7979839083263074,0.03546020847352161,4.274051060902502,0.08403205908653098,2.699244252435362,1.6243413850829223,0.2385916957228509,83.18824212219903,16147526574.863575,0.0008301784016022976,0.16915389740835612,0.217128091893593,0.21797372682701424,0.16473447917545136,2729127.7959054136,0.02375627279342891,0.13506699260360644,0.02317361041221676,0.217128091893593,0.4005166138651744,1.0,0.217128091893593
3,1,1,3,0,4.033690297345053,0.08997575629764011,8.784488078717017,0.017170288332955422,7.577529334229407,1.3077792835039206,0.7465778500486162,92.62580748698751,13005957744.164497,0.0,0.15693281647726187,0.2171510223322198,0.2288620014215821,0.18398571331356656,3160079.907867019,0.026188907847346128,0.15205700634145736,0.025574326279371264,0.2171510223322198,0.42865188909905944,1.0,0.2171510223322198
3,1,0,2,0,4.790629356660676,0.06947769870686722,3.423196463429167,0.04100164680645414,1.5650040715422855,15.900157222392137,0.6487345084376499,123.37742022746735,13938496437.209513,0.0008741672816819894,0.21805358646591383,0.21740591062795112,0.18176865513126356,0.1494811815358037,3370260.1806424363,0.01651992199411411,0.09311535328463816,0.01626207850133511,0.21740591062795112,0.3732181262220523,1.0,0.21740591062795112
3,1,0,2,0,4.790629356660676,0.06947769870686722,3.423196463429167,0.04100164680645414,1.5650040715422855,15.900157222392137,0.6487345084376499,123.37742022746735,13938496437.209513,0.0008741672816819894,0.21805358646591383,0.21740591062795112,0.18176865513126356,0.1494811815358037,3370260.1806424363,0.01651992199411411,0.09311535328463816,0.01626207850133511,1.0,0.3732181262220523,29.443763462963485,0.21740591062795112
3,1,0,2,0,4.840104394294113,0.05288152367599344,4.719678035659225,0.007485777258433722,7.228255071321706,6.567699025977058,0.31749802032766666,105.66818740909258,10935283236.621223,0.0,0.12129203620680096,0.21755136738434175,0.2380199891222452,0.17198367709025775,1654254.624898003,0.02832675761087686,0.1550687387909888,0.027477305825021954,0.21755136738434175,0.3788826193768782,1.0,0.21755136738434175
3,1,0,2,1,3.432921756686374,0.09673426636298767,2.707651367171167,0.008246490922685788,3.8596383852463356,5.554559849389736,0.3065282768868603,125.07581900617268,9373170458.327986,0.0,0.16358396870663094,0.21760263985602246,0.2236235658442095,0.16956891595935747,2503809.2100194586,0.02500374960043975,0.13757863018405758,0.024396700927335768,0.009665264248418088,0.36278241783619364,0.04441703581727291,0.21760263985602246
3,1,0,2,1,3.432921756686374,0.09673426636298767,2.707651367171167,0.008246490922685788,3.8596383852463356,5.554559849389736,0.3065282768868603,125.07581900617268,9373170458.327986,0.0,0.16358396870663094,0.21760263985602246,0.2236235658442095,0.16956891595935747,2503809.2100194586,0.02500374960043975,0.13757863018405758,0.024396700927335768,0.21760263985602246,0.36278241783619364,1.0,0.21760263985602246
3,1,0,2,1,3.432921756686374,0.09673426636298767,2.707651367171167,0.008246490922685788,3.8596383852463356,5.554559849389736,0.3065282768868603,125.07581900617268,9373170458.327986,0.0,0.16358396870663094,0.21760263985602246,0.2236235658442095,0.16956891595935747,2503809.2100194586,0.02500374960043975,0.13757863018405758,0.024396700927335768,0.21760263985602246,0.36278241783619364,1.0,0.21760263985602246
3,1,0,3,0,2.331054720615223,0.038978906330438906,6.275583112278692,0.007992875066590842,2.5449373697823385,5.105893615026396,0.630850180181697,92.70719350830014,10070039236.774195,0.0,0.1748484315473688,0.21763277013887813,0.21394676523680337,0.17575490428289736,4126694.6450182702,0.022886609177645928,0.12431151990696976,0.0224579679288941,0.21763277013887813,0.39785344132479183,1.0,0.21763277013887813
3,1,0,2,0,0.207469141311676,0.029594670528930417,5.264610952790696,0.007721723508884592,0.1896228225659468,1.7254768405997971,0.6252962317142758,120.00966368960856,9675496685.864138,0.0,0.18142472750627814,0.21764906785078073,0.20851677970663507,0.14752197941308842,2148577.371348646,0.02173962370961269,0.11896482199840142,0.02111429639059061,0.21764906785078073,0.3700688430576516,1.0,0.21764906785078073
5,1,0,2,0,4.304457254144238,0.025895598802897348,5.005255791303751,0.03241851834633215,0.7015746683824636,18.426949162775603,0.6064676864635202,90.40412651840273,14062558715.421896,0.0005067220406638506,0.21525945560552026,0.21785690459750284,0.18416854766146237,0.15243840754659638,6174705.608519451,0.01695902697386617,0.09211637205366463,0.01671938452542697,1.0,0.36833247589587653,19.12267373366349,0.21785690459750284
3,1,0,2,0,2.274441106067336,0.046732440609386666,3.4020681963360486,0.00914816974877198,6.511724676203312,3.2872761080333484,0.19360007925469522,119.81033992152656,9737525812.640278,0.0,0.18784656602469446,0.21794999659554679,0.2035743689864172,0.16136651186489614,3288079.330751944,0.02072126185410897,0.11653895568509398,0.020286138351131303,0.21794999659554679,0.3721140815560168,1.0,0.21794999659554679
3,1,0,2,1,3.128967212464857,0.04823761331573722,1.661691740423496,0.019632837599987785,2.397537509939655,2.945351325140327,0.10543489835644136,127.76870642358034,10377324273.45102,0.0006073562620526477,0.14760105844883337,0.2180833203614017,0.23692222368854665,0.17316853857930564,2044705.4137658172,0.028066070038762866,0.1583214760351449,0.02718519692704886,0.2180833203614017,0.3364772914571583,1.0,0.2180833203614017
3,1,0,2,1,3.128967212464857,0.04823761331573722,1.661691740423496,0.019632837599987785,2.397537509939655,2.945351325140327,0.10543489835644136,127.76870642358034,10377324273.45102,0.0006073562620526477,0.14760105844883337,0.2180833203614017,0.23692222368854665,0.17316853857930564,2044705.4137658172,0.028066070038762866,0.1583214760351449,0.02718519692704886,0.2180833203614017,0.3364772914571583,1.0,0.2180833203614017
3,1,0,2,1,3.128967212464857,0.04823761331573722,1.661691740423496,0.019632837599987785,2.397537509939655,2.945351325140327,0.10543489835644136,127.76870642358034,10377324273.45102,0.0006073562620526477,0.14760105844883337,0.2180833203614017,0.23692222368854665,0.17316853857930564,2044705.4137658172,0.028066070038762866,0.1583214760351449,0.02718519692704886,0.005299929409874048,0.3364772914571583,0.02430231436815594,0.2180833203614017
3,1,0,2,1,3.128967212464857,0.04823761331573722,1.661691740423496,0.019632837599987785,2.397537509939655,2.945351325140327,0.10543489835644136,127.76870642358034,10377324273.45102,0.0006073562620526477,0.14760105844883337,0.2180833203614017,0.23692222368854665,0.17316853857930564,2044705.4137658172,0.028066070038762866,0.1583214760351449,0.02718519692704886,0.005299929409874048,0.3364772914571583,0.02430231436815594,0.2180833203614017
3,0,1,2,0,1.855707834027681,0.09208907685534942,5.93664535378127,0.004674562011988331,0.8794613057656506,4.858621169316657,0.34818245477135806,126.92209029380759,10847549638.192467,0.0,0.20294978733235797,0.21815174202313076,0.19263750942692212,0.13586701215991326,1162815.3170754272,0.018554605019103755,0.10411833959114458,0.018211278329176007,0.21815174202313076,0.3984659588641152,1.0,0.21815174202313076
3,0,1,2,0,1.855707834027681,0.09208907685534942,5.93664535378127,0.004674562011988331,0.8794613057656506,4.858621169316657,0.34818245477135806,126.92209029380759,10847549638.192467,0.0,0.20294978733235797,0.21815174202313076,0.19263750942692212,0.13586701215991326,1162815.3170754272,0.018554605019103755,0.10411833959114458,0.018211278329176007,0.21815174202313076,0.3984659588641152,1.0,0.21815174202313076
1,2,0,1,0,4.851024999756872,0.0744608828234746,6.127138408702222,0.00424933529374143,9.562972068980331,1.410264745703361,0.43227691657727174,96.04377239877354,18352587701.22052,0.0,0.16930227397823572,0.2181766786660284,0.21911780952884694,0.15025991054634677,1885620.6759628502,0.024006307226360022,0.1324654186020653,0.02323198815156327,0.06844693170298255,0.3214166565091597,0.3137224937215079,0.2181766786660284
4,2,1,1,0,3.7134086561156168,0.029927793595227934,2.9603076925142524,0.03305101699985697,3.412563355315883,1.4654374014949176,0.6487342742482199,114.26879266169591,19925077926.825886,0.0009534619407182855,0.17127048123745975,0.21823818700488273,0.21749597012702113,0.16537938119678045,2673863.351314064,0.023652248510747032,0.1301657738055937,0.023053549236518926,0.23387412268422095,0.3681997327521691,1.0716461948934188,0.21823818700488273
2,2,0,1,0,4.82479763681387,0.07859850746897042,9.46223438460039,0.01010369217033976,2.1241507782574858,3.9113205740085073,0.15276274885795316,127.97412995996335,17162421712.546457,0.0,0.20014184098707521,0.21824536393924943,0.1950236312104108,0.1644526383382824,4760944.284954889,0.019017108365247157,0.10114307969159231,0.018790321415712245,0.21824536393924943,0.3850335144285327,1.0,0.21824536393924943
4,1,0,1,1,3.9482555148591763,0.06017267578411262,1.294828574983321,0.051879357194076,1.9087839938431932,1.1217185842104669,0.1733325124766096,79.34420182590955,17871881346.97287,0.0008320103856948221,0.16438460024559104,0.2183673807253806,0.22342628848407386,0.17082443836029887,2496432.442319904,0.0249596531928843,0.14213842042675084,0.024350985988204323,0.24432146010609482,0.28136096773742497,1.1188551114845955,0.2183673807253806
4,1,0,1,1,3.9482555148591763,0.06017267578411262,1.294828574983321,0.051879357194076,1.9087839938431932,1.1217185842104669,0.1733325124766096,79.34420182590955,17871881346.97287,0.0008320103856948221,0.16438460024559104,0.2183673807253806,0.22342628848407386,0.17082443836029887,2496432.442319904,0.0249596531928843,0.14213842042675084,0.024350985988204323,0.24432146010609482,0.28136096773742497,1.1188551114845955,0.2183673807253806
3,1,0,2,0,2.957131865685806,0.08187468521430315,7.972554407486811,0.01480048665522377,3.730981421540814,4.237539590607979,0.6323932754503,121.79491302370593,17957026862.414158,0.0,0.18472330883369675,0.2185220382067954,0.20679145020137266,0.16247962368804605,3164925.4994345754,0.021381351938193394,0.11588622375388746,0.020864633119696715,0.022590039720966616,0.36285613639380404,0.10337648278563481,0.2185220382067954
2,1,0,3,0,3.5004802349489976,0.09802024406626539,9.362966511733724,0.020248932802422733,1.3946934389848364,4.643341871791428,0.12792028553105392,93.93728399262362,18837400289.46931,0.0007412916769511853,0.23607145432606572,0.21859012134646819,0.17171186327918828,0.14513896927923123,5662412.569963072,0.014742481995405326,0.08222196957867167,0.014622874097011476,1.0,0.5331705830268838,25.610878357633442,0.21859012134646819
3,1,0,2,2,2.4277241077616845,0.027647189999166835,4.938391753921853,0.007806641061355439,8.422795721494742,2.9905580641734213,0.1816894806325463,95.0517395514817,10272689161.376226,0.0,0.18659891054690114,0.21862143443161006,0.20508596509012705,0.16327350125196172,3332051.408989624,0.021030126538474404,0.11997559756919962,0.020607443811831227,0.21862143443161006,0.376904092787771,1.0,0.21862143443161006
3,1,0,2,1,4.284809033968286,0.08650039587084238,3.144198863535139,0.008510064586808285,8.051269300554884,3.74729668829252,0.2260242401868198,119.0454424248671,12346870452.484638,0.0,0.15341278474619613,0.21876363969804835,0.23426412077383527,0.17725793842484877,2237764.3187912693,0.027439839140969036,0.1530070271990691,0.02670589663094308,0.21876363969804835,0.38264290923061384,1.0,0.21876363969804835
3,1,0,2,0,2.526785247138845,0.05568670065242053,1.3650621233336682,0.009536118772730588,1.5558706676509724,5.304660602387127,0.6954691615321511,106.66273985066164,12794779598.667204,0.0,0.15922785657143457,0.21887479936907242,0.22893442643333176,0.1720520813769444,2371818.8931490984,0.026205485803179298,0.14434960132884334,0.025501136299141306,0.21887479936907242,0.3130723498265732,1.0,0.21887479936907242
4,0,0,3,0,0.766604062031242,0.01490526663377895,7.219421134490287,0.08805689794337924,4.445720262593807,1.950559647131945,0.5016454831212913,76.73342206422404,13706896084.749695,0.0014304462732273695,0.15492386017842763,0.2189831514650349,0.23260495222910438,0.15182059934756056,346002.125449337,0.027052531900751964,0.15880915794236095,0.025986428194097664,0.2189831514650349,0.9635646702155477,1.0,0.2189831514650349
5,1,0,2,0,2.1483112711239194,0.049328749133517896,2.037168082634662,0.023931831583787894,2.254656878096527,4.553226146911063,0.537370580811052,128.30504371575256,10687120959.738728,0.000643806652385914,0.18095758538730222,0.21901421531847795,0.2101545053257622,0.16261307535700942,2689558.3760194336,0.022082458054357903,0.12197177675353943,0.021596936608265543,0.21901421531847795,0.3445489538750454,1.0,0.21901421531847795
5,1,0,2,0,2.1483112711239194,0.049328749133517896,2.037168082634662,0.023931831583787894,2.254656878096527,4.553226146911063,0.537370580811052,128.30504371575256,10687120959.738728,0.000643806652385914,0.18095758538730222,0.21901421531847795,0.2101545053257622,0.16261307535700942,2689558.3760194336,0.022082458054357903,0.12197177675353943,0.021596936608265543,0.21901421531847795,0.3445489538750454,1.0,0.21901421531847795
5,1,0,2,0,2.1483112711239194,0.049328749133517896,2.037168082634662,0.023931831583787894,2.254656878096527,4.553226146911063,0.537370580811052,128.30504371575256,10687120959.738728,0.000643806652385914,0.18095758538730222,0.21901421531847795,0.2101545053257622,0.16261307535700942,2689558.3760194336,0.022082458054357903,0.12197177675353943,0.021596936608265543,0.21901421531847795,0.3445489538750454,1.0,0.21901421531847795
3,1,0,3,0,4.348070754903335,0.06057862034410685,4.721666961222811,0.014320062671724712,4.411389750169509,4.516066925577057,0.4297359438254705,109.82483463939876,13599227313.40534,0.0,0.14270871670918467,0.21910322257647788,0.23852108745496844,0.1689325612308711,2123933.875733673,0.028446154580350352,0.15605109350555935,0.027494722478403778,0.2802560041867501,0.3982632438832508,1.2791048935344933,0.21910322257647788
5,2,1,1,1,4.939407067441918,0.09386457984042049,7.363389322952293,0.05177679387220231,1.4483460921318583,4.217373755025904,0.36235425010306305,81.27423131719365,13852699411.639835,0.00079658242808506,0.19903157695310625,0.21922777671167476,0.1965773997972851,0.144936969806795,2729044.1667367956,0.019321337055530834,0.10546050066382362,0.01877359212962425,1.0,0.4055446410569732,23.69601015133974,0.21922777671167476
3,1,0,2,0,2.851371798370031,0.07007759267449552,3.445032543366332,0.033171257004525063,2.8072355073202377,5.632282733272503,0.16040512604733148,110.2176138468349,10033355071.073578,0.0006066023809718122,0.16889158844605842,0.2193050335118979,0.22054363026095455,0.1644445658955902,2635147.613384632,0.024319746424340313,0.13549216979218648,0.02364183358352963,0.17152491504898565,0.37701282810423453,0.7821294035172246,0.2193050335118979
2,0,1,2,2,3.128078824948878,0.07206130266494701,2.329291130601813,0.024512837715569915,3.6314540082795284,10.969127819412641,0.21132430442364605,102.00150263508016,12836382704.155289,0.0006362581172704649,0.15728789611010374,0.21930517120183507,0.23094527491650754,0.16370245594092517,1594858.2347589496,0.026667860003130622,0.15183792488822923,0.025803047984899834,0.21930517120183507,0.4997974329091213,1.0,0.21930517120183507
5,2,1,1,1,0.6656466554318982,0.017307937192439057,5.332800311087498,0.01467365664275741,8.424615816277917,2.8621481760168095,0.19863091403431102,122.41460710466447,12445432194.216932,0.0,0.22908563010377167,0.21930623387995857,0.17696415986104289,0.14647445498228148,5856203.79604891,0.01565815693766237,0.07891973620039139,0.015517790888487443,0.032992111582222115,0.37659153112209576,0.15043854886624417,0.21930623387995857
5,2,1,1,1,0.6656466554318982,0.017307937192439057,5.332800311087498,0.01467365664275741,8.424615816277917,2.8621481760168095,0.19863091403431102,122.41460710466447,12445432194.216932,0.0,0.22908563010377167,0.21930623387995857,0.17696415986104289,0.14647445498228148,5856203.79604891,0.01565815693766237,0.07891973620039139,0.015517790888487443,0.21930623387995857,0.37659153112209576,1.0,0.21930623387995857
3,1,0,2,0,4.494430603371364,0.09845777158262757,5.176780351977019,0.009881882319433287,7.306356997558192,13.000356402007014,0.04910465351869346,114.80988421051406,12588637455.353308,0.0,0.15350002059846146,0.21930778794147743,0.23506727079251377,0.16340975537487382,1495291.282886304,0.0276283108989205,0.1483251088434665,0.026629128694865223,0.7474180074907639,0.3921802318144274,3.4080778184229983,0.21930778794147743
5,1,0,2,0,2.2569370156310957,0.09423812377196508,3.0339368226508636,0.041855830176991536,5.315511175763483,3.937242393910159,0.02925476863119487,81.37854671656726,18025753675.456623,0.0013096870250150184,0.19218296437462412,0.2193775991779296,0.20176804393210387,0.15749518264770648,2873589.219533327,0.020355171776093698,0.11151856518958714,0.019918008044609737,0.2193775991779296,0.38770373744241116,1.0,0.2193775991779296
3,2,1,1,0,1.7078920406563975,0.058924379641353185,4.318406821972304,0.06507364026290571,8.296522141559862,4.035369049257053,0.8024360329805545,90.85710769335073,15764667587.521164,0.0007570481182520959,0.21432996300453216,0.21944932804053077,0.18605515018980895,0.15338958574014944,4955042.26787259,0.017308259456076183,0.09617206684915636,0.017097820717071378,0.21944932804053077,0.5085720756025729,1.0,0.21944932804053077
4,2,1,1,0,3.592595741959643,0.027871432328469867,6.364109000742431,0.02227984190755803,5.5837457208507395,2.176619515280324,0.5007093586510578,68.87503969149023,10806326283.007172,0.0011713847880478053,0.146377294756365,0.21949029601645628,0.23858630552704857,0.1675536332892459,2135828.1061605066,0.028461712592523086,0.15899971902041155,0.027440544955006047,0.13493550955911507,0.4443327762876605,0.6147675410169308,0.21949029601645628
4,2,1,1,0,3.592595741959643,0.027871432328469867,6.364109000742431,0.02227984190755803,5.5837457208507395,2.176619515280324,0.5007093586510578,68.87503969149023,10806326283.007172,0.0011713847880478053,0.146377294756365,0.21949029601645628,0.23858630552704857,0.1675536332892459,2135828.1061605066,0.028461712592523086,0.15899971902041155,0.027440544955006047,0.13493550955911507,0.4443327762876605,0.6147675410169308,0.21949029601645628
3,1,0,2,1,2.735934472578722,0.026089599248410037,4.4153542102009276,0.004179634685570432,3.386559844096521,10.686467987200848,0.37418771968516346,83.26073214339796,11289037917.110357,0.0,0.13174124507604737,0.2197662387715792,0.2398008918443355,0.17153960235584031,1801445.013098044,0.02875223386466935,0.15821613513716348,0.027863005391304065,0.5644667145192508,0.3610882613821637,2.568486941736063,0.2197662387715792
3,1,0,2,1,2.735934472578722,0.026089599248410037,4.4153542102009276,0.004179634685570432,3.386559844096521,10.686467987200848,0.37418771968516346,83.26073214339796,11289037917.110357,0.0,0.13174124507604737,0.2197662387715792,0.2398008918443355,0.17153960235584031,1801445.013098044,0.02875223386466935,0.15821613513716348,0.027863005391304065,0.2197662387715792,0.3610882613821637,1.0,0.2197662387715792
3,1,0,2,0,3.0169432840169983,0.03688955237520788,9.916471026528807,0.011054034006879682,8.443623824500834,4.790272624619891,0.8333234596302921,106.01385503888463,10366547390.967726,0.0,0.17070098377024773,0.21986445590975,0.2197544190546272,0.16806442473263367,2690607.963886825,0.024146002347018348,0.13034851957165194,0.023541564780056604,0.21986445590975,0.36316752326698415,1.0,0.21986445590975
3,1,0,2,0,3.0169432840169983,0.03688955237520788,9.916471026528807,0.011054034006879682,8.443623824500834,4.790272624619891,0.8333234596302921,106.01385503888463,10366547390.967726,0.0,0.17070098377024773,0.21986445590975,0.2197544190546272,0.16806442473263367,2690607.963886825,0.024146002347018348,0.13034851957165194,0.023541564780056604,0.014426579703420733,0.36316752326698415,0.06561578879917979,0.21986445590975
4,2,1,1,0,0.4071746175697417,0.030506174150566934,8.677057341464593,0.07571648081406848,3.63647236435993,1.9828474060695844,0.775161579490264,73.32699940008749,19743528507.619053,0.0009917050340207357,0.13571845294712825,0.2198936759202112,0.23911722076978045,0.14917412541098296,642825.0704684346,0.028588522634331964,0.16857378973649595,0.027223775022920095,0.2198936759202112,0.4272827110609133,1.0,0.2198936759202112
3,1,0,2,0,3.0163892995028156,0.03688975322768214,9.91537823594544,0.011071301718204939,8.4411913415594,4.790791337620981,0.8332202304225401,105.99972038647806,10364378501.047375,0.0,0.17063655680123396,0.21993214132493452,0.21987775709884336,0.168121557280584,2688107.871268733,0.02417311403340898,0.13050632857182498,0.023566993876768874,0.21993214132493452,0.3631869514311953,1.0,0.21993214132493452
4,1,0,1,2,1.5115513658050976,0.09411707174364448,9.679585807307378,0.09378871412767674,1.117539040183794,13.514536945279412,0.059594818829930396,60.48817459405954,17160974116.128199,0.0006922454914340064,0.21637935241609874,0.21999637797444335,0.18557228403079656,0.1516187850035825,5574170.225340923,0.017218536300203317,0.0884548156635192,0.017020265855994816,0.3314219585483403,0.5191990145471399,1.5064882503967454,0.21999637797444335
4,1,0,3,0,4.531512233888282,0.06727185397058211,6.063730605853417,0.00516053969874126,5.1654561039868625,8.518850204250242,0.1887476184004086,121.0381059691656,14368719983.147177,0.0,0.20133441159600296,0.22014881910414663,0.19616625386390923,0.12915861104838303,423646.0451925836,0.01924059957749984,0.0974974233713729,0.018808840461355045,0.28464148050350174,0.4579312287651992,1.2929502945407367,0.22014881910414663
5,2,1,1,2,4.481757840015922,0.03760885517077304,3.7707374185676885,0.006799147375337821,8.008987249070778,12.400161174376569,0.5675444652824337,98.13121024323799,14946310779.817284,0.0,0.11065158632630168,0.2202244383951314,0.24174400648209463,0.16817860494563922,710217.424740946,0.029220082335007502,0.15496898904571,0.02827393723186071,0.2202244383951314,0.40523963846134786,1.0,0.2202244383951314
5,2,1,1,2,4.481757840015922,0.03760885517077304,3.7707374185676885,0.006799147375337821,8.008987249070778,12.400161174376569,0.5675444652824337,98.13121024323799,14946310779.817284,0.0,0.11065158632630168,0.2202244383951314,0.24174400648209463,0.16817860494563922,710217.424740946,0.029220082335007502,0.15496898904571,0.02827393723186071,1.0,0.40523963846134786,135.29139973429267,0.2202244383951314
2,2,1,1,2,0.8488182784658349,0.031802789622470934,7.576912804017385,0.02024074997318048,5.827620093197178,3.7186247913904964,0.30330804056980054,102.37545169002767,10584375632.899822,0.0009647820043083904,0.14731904796382206,0.2202423337591931,0.23886717016133763,0.1825204576768821,2658758.0100321583,0.028528762490442713,0.16825697198685785,0.0277374862311047,0.2202423337591931,0.5523964849968291,1.0,0.2202423337591931
2,2,0,2,0,1.696182720990963,0.06623063499863974,8.757683570165765,0.0032050386959701894,9.449764827598749,4.055898551231872,0.22453035886768724,97.47846616414013,11856188947.847054,0.0,0.22541870164776992,0.22024463298402988,0.17965232391204997,0.14989282920868732,5166664.938800228,0.01613747874350006,0.08837360684472684,0.015976491289579814,0.06396771278191864,0.3358172593604646,0.290439371508122,0.22024463298402988
3,1,0,3,0,2.2988360817678717,0.03883343420616697,6.308336209847086,0.00855919837692649,2.5134925504616223,5.145470093767462,0.6284758576210691,92.36248534581253,10047643276.822338,0.0,0.17248306807649305,0.22032653569892013,0.218547285249418,0.17898221298929765,4047878.991859113,0.023881457944945235,0.13127156324995215,0.023400484283524144,0.22032653569892013,0.40059959161174435,1.0,0.22032653569892013
3,1,0,3,0,2.2988360817678717,0.03883343420616697,6.308336209847086,0.00855919837692649,2.5134925504616223,5.145470093767462,0.6284758576210691,92.36248534581253,10047643276.822338,0.0,0.17248306807649305,0.22032653569892013,0.218547285249418,0.17898221298929765,4047878.991859113,0.023881457944945235,0.13127156324995215,0.023400484283524144,0.22032653569892013,0.40059959161174435,1.0,0.22032653569892013
4,1,0,1,1,3.42333403334176,0.05493298941798437,1.118979972702505,0.04531738212397042,1.6765406779676049,6.295940447749246,0.5696488663507889,86.41869787026151,15220476647.110329,0.0012254040340360847,0.18685092209596246,0.2205949277583254,0.20682767159699622,0.155747690598117,2320561.6572788944,0.021388842869117457,0.12080431405846115,0.020826471218293636,1.0,0.23291472257545223,42.64575117050167,0.2205949277583254
5,2,1,1,1,2.1530564395543923,0.01245566426081439,6.436143079728171,0.015933975833420457,9.845529421492996,3.190844316284479,0.38208216035728637,107.29907441894584,13758568137.524239,0.0,0.15288530175669163,0.2206141670562106,0.2366447310164601,0.17062822034856653,2188201.706640122,0.028000364358926378,0.15809518044873783,0.02712254366595906,0.2206141670562106,0.357999342421931,1.0,0.2206141670562106
5,2,1,1,1,2.8046050459380822,0.07916612810331772,9.979731102077507,0.02247875042608871,5.100369534651534,10.625710986231384,0.10078408273980187,90.31115968793709,13635271348.405132,0.0005389460633669066,0.198197098181399,0.22062392895759833,0.1988764836276841,0.13900643703871243,983588.5195593282,0.01977592787005625,0.10042379948440028,0.019355215909004977,0.22062392895759833,0.4746969557145116,1.0,0.22062392895759833
5,2,1,1,1,2.6718588983429594,0.037245368120884435,9.900234128627828,0.008677265934083831,3.7701499127739777,19.42425953508658,0.6724182239553307,113.84571995847159,13059397893.777489,0.0,0.17202683393870596,0.220847290164686,0.21937975613022243,0.14419194674876903,551339.9867685355,0.024063738699877935,0.13374594087132896,0.02336770404911036,0.4309902473877161,0.4729064945183271,1.951530612244897,0.220847290164686
5,2,1,1,1,1.386821892307488,0.01045247768048468,5.496568464647871,0.006692006045268459,9.372605904769069,4.520677327013132,0.41331828215045646,117.85810680440974,9121751393.84391,0.0,0.23144685142926022,0.2208770736317834,0.17635166795152218,0.11902096783723928,276092.24346934905,0.015549955394641967,0.08703829173074418,0.015279782363007349,0.2208770736317834,0.7801419017190431,1.0,0.2208770736317834
2,1,1,2,1,4.084624476299627,0.08965468677750466,0.5735315313350678,0.026978393043355666,1.354885367189031,9.88429206419938,0.31469850563256796,90.1435214827789,15243740076.339952,0.0007584009437747125,0.13399167471952494,0.22094995993048555,0.24063096208660387,0.17376105523018354,1797047.1172857287,0.028951629957362293,0.1653295384605582,0.028015849983174815,0.22094995993048555,0.21381531613587856,1.0,0.22094995993048555
3,1,0,2,0,2.797898115355774,0.08179351604744924,1.911920966663659,0.026648075113779063,4.310153169476849,3.544084606939828,0.17024653380913363,118.15662976602424,15658661919.54227,0.000901224784807603,0.14957092609640693,0.22096899157316396,0.24017281177514874,0.1744158632055867,1959390.6136718183,0.02884148975799051,0.15802961543135396,0.02791792120759099,0.22096899157316396,0.34265351902964153,1.0,0.22096899157316396
3,1,0,2,0,4.014954879810766,0.03740930510806975,6.469691991980824,0.010453690507853455,7.143406974901104,5.527121548976881,0.22206812513320306,123.54679855837128,12309148064.426912,0.0,0.15750229747344402,0.2209714862904545,0.23295215027170477,0.17055818198912004,2220975.040449814,0.027133352158105462,0.1458479850755109,0.026244247827070785,0.12640477717648452,0.3906178585307099,0.5720411230358138,0.2209714862904545
3,1,0,2,0,3.737005717249069,0.02706050432199794,2.165631399691517,0.008260786242133913,4.657478335971421,4.962286830634022,0.16171659836008417,121.76293590462546,11346237918.752298,0.0,0.15471403247841942,0.22105151904222936,0.2354302663542138,0.17656514608969637,2257152.9026678638,0.02771370515780803,0.15446741374913953,0.026944681852255514,0.006534161922917352,0.3630664974955231,0.029559452706900764,0.22105151904222936
3,1,0,2,0,3.737005717249069,0.02706050432199794,2.165631399691517,0.008260786242133913,4.657478335971421,4.962286830634022,0.16171659836008417,121.76293590462546,11346237918.752298,0.0,0.15471403247841942,0.22105151904222936,0.2354302663542138,0.17656514608969637,2257152.9026678638,0.02771370515780803,0.15446741374913953,0.026944681852255514,0.22105151904222936,0.3630664974955231,1.0,0.22105151904222936
3,1,0,2,0,3.737005717249069,0.02706050432199794,2.165631399691517,0.008260786242133913,4.657478335971421,4.962286830634022,0.16171659836008417,121.76293590462546,11346237918.752298,0.0,0.15471403247841942,0.22105151904222936,0.2354302663542138,0.17656514608969637,2257152.9026678638,0.02771370515780803,0.15446741374913953,0.026944681852255514,0.006534161922917352,0.3630664974955231,0.029559452706900764,0.22105151904222936
3,1,0,2,0,3.737005717249069,0.02706050432199794,2.165631399691517,0.008260786242133913,4.657478335971421,4.962286830634022,0.16171659836008417,121.76293590462546,11346237918.752298,0.0,0.15471403247841942,0.22105151904222936,0.2354302663542138,0.17656514608969637,2257152.9026678638,0.02771370515780803,0.15446741374913953,0.026944681852255514,0.22105151904222936,0.3630664974955231,1.0,0.22105151904222936
5,2,1,1,1,0.6672645092500498,0.017305597847551753,5.339429426223368,0.014726413790224475,8.425879895138719,2.856572517019853,0.1982497842741784,122.37665064987519,12438020792.665335,0.0,0.2317422683838655,0.22107027531249396,0.1768402021321417,0.14596158761833342,5953752.255785054,0.015636228545068364,0.07829628230127583,0.015494677975455807,0.22107027531249396,0.37731542713409316,1.0,0.22107027531249396
3,1,1,0,0,4.140646695252514,0.08004109371340008,5.0988858078670845,0.01368154704844064,3.2174783669854623,3.5171223595718346,0.45847974711471434,117.11940217306586,10512925859.85437,0.0,0.15210240077962162,0.2211449339922828,0.23813075021369604,0.1656715682724995,2302267.382658568,0.02835312709866885,0.15733576096519808,0.027235670044591907,0.1470684360918021,0.3890559173318205,0.66503190209609,0.2211449339922828
4,1,0,2,1,0.9042939699780106,0.08131922150710315,0.8756032218082265,0.016618367123480256,0.28840828121567047,3.4169529488241257,0.6978373668892902,99.28363198519122,9719073251.858936,0.0,0.24414960115808554,0.22115590960598863,0.16911526921137063,0.14555333530296943,5066942.615825984,0.014299987140217182,0.07966893924951368,0.014165651423489528,0.22115590960598863,0.17778043477324204,1.0,0.22115590960598863
5,1,1,1,1,0.9292241198215533,0.06660394188786325,9.95535310888221,0.04838406256447858,3.2392727168269597,4.707837985854993,0.20145508442019874,94.53932468004598,15670852974.98928,0.0009375479188983425,0.16270085379614074,0.22115982447371643,0.22844888083633916,0.17940832699414444,2858480.4357796945,0.026094445577687943,0.13692099874995944,0.02544517289801871,0.9272666039006774,0.5213177824435705,4.192744347248646,0.22115982447371643
3,1,0,3,0,3.3554065009505285,0.07847296055795236,7.096698675562506,0.02748471221308723,4.5199308243049545,2.7559862972375826,0.2295179070860442,126.7595257065022,13881130586.233568,0.0009502573408029556,0.18699620811857157,0.22116781655374926,0.20750398891732133,0.1558313275980916,3104022.6142869554,0.02152895270829991,0.11705578525100524,0.02098939938995994,0.22116781655374926,0.4827322641666694,1.0,0.22116781655374926
3,1,1,0,0,4.371494935017247,0.08629309584989057,5.110464997631981,0.01565338342680636,3.253074105054277,3.540441066733873,0.4450870093120763,115.95362274227809,10496495645.246653,0.0,0.14721498774621455,0.22133186123788082,0.2406111647802155,0.16804599788829602,2115675.9751306875,0.028946866308446006,0.16008556943929286,0.02779001442326838,0.22133186123788082,0.3900801057040207,1.0,0.22133186123788082
3,1,0,2,2,3.5662883214848344,0.08582053460241199,2.0908586911396627,0.07192938166593021,2.0794903194727117,2.105500092105368,0.4279397247473399,123.10400450577515,16364125615.152721,0.0010286521642556366,0.21031189350622553,0.22144224311207092,0.19037601759203152,0.16070912931187561,4079269.215367732,0.018121514037100748,0.10323352260805418,0.017897403935991617,0.22144224311207092,0.3498780662929785,1.0,0.22144224311207092
3,1,1,2,0,3.341225206377316,0.08522679947816462,6.450635547029385,0.035155194218134546,1.2128455056969905,11.070289390914038,0.6152559995049736,95.737577935384,11525170677.48047,0.0006400304717820665,0.2030342448145872,0.2215020793155761,0.19550755927224614,0.1562774964372318,3725680.3813807224,0.01911160286629542,0.10896241299088472,0.01866012689050338,0.2215020793155761,0.40437377129220875,1.0,0.2215020793155761
3,1,0,2,0,2.0545562741932195,0.08039628208014575,3.864383450290641,0.00821665264119509,9.05878521056757,4.390439677185596,0.382411236538661,114.33212383671611,16080225967.713408,0.0,0.19591862338268562,0.2215890633415447,0.20082765196766122,0.15778288093129933,3501837.3078243267,0.02016587289742203,0.11393325104776109,0.019705143158337414,0.2215890633415447,0.3652479049288198,1.0,0.2215890633415447
5,2,1,1,1,4.260972573982778,0.08376158103613937,6.77441891687447,0.018868094719991426,4.70842949053739,1.1551407467868307,0.44868221741205805,116.20857963828632,15341876179.849716,0.0005501205358089112,0.18337490693019584,0.22160211082130166,0.21064912093430715,0.15696111023225962,3266403.8387368335,0.02218652607519818,0.1234552729614421,0.02149396346758568,0.4728438790094877,0.43485530763640545,2.1337516924231177,0.22160211082130166
3,1,0,2,0,2.5359568144910996,0.03677399541806612,4.078992577688158,0.012710321187656352,4.903085125363981,5.883469275623419,0.2245255636784793,127.64807016749056,12276706410.09189,0.0,0.1776340209682139,0.2216255850211407,0.21536774369650882,0.16714665280484983,2968061.1445595184,0.02319163251246256,0.1292488431814841,0.022654760627402563,0.021713065458572718,0.37625929936505137,0.09797183595252112,0.2216255850211407
4,1,0,2,0,4.16423233280208,0.08029171299248687,5.930105304439893,0.01608058140835861,2.0438494102768034,8.173836316911066,0.10458897396836293,125.30463689820279,13096585197.622255,0.0,0.2143336516209592,0.22164013340098093,0.18784367450854333,0.13438519571159765,2240205.0544249504,0.017642623026435787,0.10023654459586162,0.017159415799244872,0.22164013340098093,0.37885884155591515,1.0,0.22164013340098093
3,1,0,2,0,3.9598999694404764,0.057969068216157445,6.009584680994954,0.03802636286769286,3.247539038447307,6.390261960606139,0.31317015456089625,97.9230272275673,15158591888.88862,0.000950588567493092,0.16963753671853443,0.22169715672002832,0.2223026841069681,0.1619165051373468,2496650.0559628666,0.024709241680581223,0.13752936230561885,0.023904911798336398,0.22169715672002832,0.4074831615579034,1.0,0.22169715672002832
3,2,1,3,1,4.82108666890502,0.08938446163285084,8.088602637147414,0.015199148618959745,6.613047713696648,5.0523397484249255,0.08987002979005855,122.19794672354647,11738312994.836657,0.0,0.14714684987529036,0.22174146182189405,0.24087829158949453,0.16774362957986585,2263251.6391271534,0.029011175679536774,0.1637402538616468,0.027781866504299375,0.6647770943169197,0.4200073447846888,2.9979828258319965,0.22174146182189405
3,1,0,2,0,3.9833533730335207,0.07943063998490835,4.183012510150877,0.011177957071638836,2.7079524771638956,9.906021543649384,0.10772662634504149,126.53373862309442,12039834082.92995,0.0,0.18947023500078486,0.2218033414629126,0.20607717707323253,0.14344032343257163,1829718.1741946763,0.021233901455236216,0.11717812897837632,0.020462017823770513,0.2218033414629126,0.38324479213775076,1.0,0.2218033414629126
3,1,0,2,0,3.237348169246358,0.07088480153627329,8.334795507753332,0.012203794575455347,7.623376968132615,10.728945961328577,0.061485687400074866,88.83130577894329,19242990022.394787,0.0,0.17579741997147447,0.2218250493097786,0.217315382644049,0.15605061996643382,2293888.541956234,0.02361298776686472,0.1277495600793569,0.022842851688576894,0.32883578954496157,0.3768383354714603,1.4824105328417736,0.2218250493097786
0,1,0,2,0,4.551818852359152,0.089382453095224,8.441638140402034,0.012971292654908984,3.822761477786623,10.333687829688872,0.2984313415011376,120.17063483937028,16069140860.66274,0.0,0.14820640707056398,0.22184511578349167,0.24070207736635593,0.16283162107851037,990453.6321017022,0.0289687450242396,0.16779184834697858,0.02797408412074634,0.22184511578349167,0.41480384624878447,1.0,0.22184511578349167
3,1,1,2,0,3.764771187356769,0.09355798508135557,3.022639340003123,0.004642076314551601,5.731583519054619,9.628687907063362,0.14342945452775835,120.64493061022857,12758242025.694384,0.0,0.16123237891009157,0.22189076644537814,0.23016082692675555,0.14523877536253782,354429.2389085429,0.02648700312580396,0.146546250124161,0.02546998713215549,0.22189076644537814,0.4262728128858486,1.0,0.22189076644537814
3,1,1,2,0,3.764771187356769,0.09355798508135557,3.022639340003123,0.004642076314551601,5.731583519054619,9.628687907063362,0.14342945452775835,120.64493061022857,12758242025.694384,0.0,0.16123237891009157,0.22189076644537814,0.23016082692675555,0.14523877536253782,354429.2389085429,0.02648700312580396,0.146546250124161,0.02546998713215549,0.22189076644537814,0.4262728128858486,1.0,0.22189076644537814
3,1,0,0,0,2.570993667723555,0.05159947836777012,3.425389802307957,0.007152160570878513,8.434275967755402,4.188274499156817,0.0831692489171701,114.10423319697334,9877907373.339338,0.0,0.17732525136676702,0.22189997482335425,0.2156934178306404,0.1612705764874959,3099862.077439015,0.023261825247731606,0.13334191562006115,0.022654497898933337,0.041995654875384765,0.3825512691325072,0.18925488796840034,0.22189997482335425
3,1,0,2,0,3.1820749712777827,0.057374137036853845,3.5664052465999903,0.0078025721681787945,6.520652754469316,11.01611475334984,0.38146254010935254,120.47523956217867,10024670505.957993,0.0,0.15902975418986676,0.22211242041852267,0.2324654494109781,0.15190868806796454,456724.4315694821,0.02702009258492401,0.1494295372397324,0.025999309634773326,0.3739647894801656,0.45705021633435494,1.6836734693877546,0.22211242041852267
3,1,0,2,0,3.7437302856381436,0.025357017039861963,5.866709447882877,0.005433034406009841,3.3253375736986404,2.5232747439923915,0.46231195981839956,105.68101604985131,11159044338.651121,0.0,0.13524177187940495,0.2222056208982977,0.24195291582784623,0.1741367456380418,1938176.2328635366,0.02927060673879842,0.166400470274365,0.028334388231063695,0.008057342373424732,0.36304847368654786,0.03626074957443374,0.2222056208982977
4,1,0,1,2,1.5115513658050976,0.09411707174364448,9.679585807307378,0.09378871412767674,1.1785665642366876,3.119175499523968,0.14496204251155814,60.48817459405954,17160974116.128199,0.0006573231568713299,0.20996681168360368,0.2223088520540582,0.19218276794168923,0.16433072903444765,5473580.02918124,0.018467108146864586,0.09046958620401258,0.018244173370289826,0.42978654837505276,0.5120352188722711,1.933285806678282,0.2223088520540582
4,1,0,1,2,1.5115513658050976,0.09411707174364448,9.679585807307378,0.09378871412767674,1.1785665642366876,3.119175499523968,0.14496204251155814,60.48817459405954,17160974116.128199,0.0006573231568713299,0.20996681168360368,0.2223088520540582,0.19218276794168923,0.16433072903444765,5473580.02918124,0.018467108146864586,0.09046958620401258,0.018244173370289826,0.2223088520540582,0.5120352188722711,1.0,0.2223088520540582
3,1,0,2,0,1.6305974886802859,0.08528193928307444,5.195534915848627,0.01191192164628904,0.5309688280620927,8.397176003094525,0.20166956145306789,128.80566207274944,11829263811.295065,0.0,0.17304242450957363,0.2227063290514883,0.2207934168342723,0.159599470533742,1626580.6883579125,0.02437486645867636,0.1273313556847464,0.023772601889965064,0.047078838340325925,0.3871014754141128,0.21139425422185282,0.2227063290514883
4,1,0,1,1,4.292559791583576,0.06680021343153009,9.015006214592479,0.04276366420515986,0.8982390002234156,5.072644194348505,0.8109676053830663,86.60061270597737,17115313089.59018,0.0012635445841887138,0.21535642022686818,0.22277717050332502,0.1895172547897534,0.1629027629038669,3654181.977168242,0.017958394931522154,0.07704081589861089,0.01772295367019423,1.0,0.48142885657378964,19.894266422791837,0.22277717050332502
3,1,0,2,0,2.681265303528256,0.034631270970745115,4.457734268273456,0.01491030988014775,4.915096898271214,2.983003501028635,0.7094247183323259,110.89794808597628,10174236112.607214,0.0,0.17542942700381348,0.2227785485956452,0.21843714037560244,0.16792070381762625,2863711.726639514,0.023857392147735326,0.1314856222655436,0.02324894693248111,0.01812868151732931,0.37624762127187183,0.08137534619741967,0.2227785485956452
3,1,0,2,0,2.681265303528256,0.034631270970745115,4.457734268273456,0.01491030988014775,4.915096898271214,2.983003501028635,0.7094247183323259,110.89794808597628,10174236112.607214,0.0,0.17542942700381348,0.2227785485956452,0.21843714037560244,0.16792070381762625,2863711.726639514,0.023857392147735326,0.1314856222655436,0.02324894693248111,0.2227785485956452,0.37624762127187183,1.0,0.2227785485956452
2,2,0,1,1,3.1192312730730776,0.03742018204250795,5.859228734672113,0.06028997794588877,5.818313847745033,6.039049997832122,0.3534440936651629,64.90841857713484,17835062165.356476,0.0008936127414018899,0.13769158244772084,0.22303702480487633,0.24280930980136034,0.17304072957529634,1936040.5320938218,0.02947818046310649,0.1658124665635734,0.02848256240654336,0.2886219790345607,0.4165155964711071,1.294054111809738,0.22303702480487633
3,2,1,3,1,4.840935966969096,0.09151494160956598,7.868340446120311,0.015204677272793031,6.701938504661797,5.214557568750825,0.0793415344060857,121.7296555974109,11606804845.28034,0.0,0.14625485007081368,0.2230577094219918,0.2423646277251226,0.16798979582909143,2210690.1491982974,0.02937030638616863,0.16533036065576912,0.028115529932439248,0.2230577094219918,0.4216128025578261,1.0,0.2230577094219918
3,2,1,3,1,4.840935966969096,0.09151494160956598,7.868340446120311,0.015204677272793031,6.701938504661797,5.214557568750825,0.0793415344060857,121.7296555974109,11606804845.28034,0.0,0.14625485007081368,0.2230577094219918,0.2423646277251226,0.16798979582909143,2210690.1491982974,0.02937030638616863,0.16533036065576912,0.028115529932439248,0.26091873883501776,0.4216128025578261,1.1697364754221453,0.2230577094219918
3,1,0,2,0,3.481568140749442,0.09844647510806404,3.8366082977375755,0.010060668930224632,8.173404894070229,2.3291235700511774,0.34523625339598984,123.7492014262109,15969264998.559366,0.0,0.17582019770399576,0.2231635068517658,0.2185294580398431,0.17071866556895643,2771734.9461646276,0.023877562015593778,0.13075404752913988,0.023335034267438538,0.06506051125516035,0.380978170216266,0.29153741206610523,0.2231635068517658
4,2,1,2,0,0.8708808075695896,0.07076382904144062,2.015435983559315,0.02061964326906288,2.5314047534356243,1.2546739067767945,0.44900602385360117,70.99244740666568,12510598898.41827,0.0008019506491770633,0.18733056558594963,0.22319599969730936,0.20881091200143065,0.15368957851580736,3379359.5487664607,0.021800998485434604,0.1250414526789393,0.0212160949768656,0.22319599969730936,0.4998775770362201,1.0,0.22319599969730936
4,2,1,1,0,3.6827126999089694,0.027601915186618992,6.417458000840523,0.02158842269557367,5.679315703982839,2.099170274131494,0.500433355202886,68.89859468198307,11015065221.651834,0.00117229501750215,0.1444124781514855,0.22342283162023702,0.2429135322441956,0.16912304991529065,2081842.7505573644,0.02950349207367593,0.16501061402825357,0.028365146695190052,0.12254819748257752,0.447273860545312,0.5485034658001239,0.22342283162023702
4,2,1,1,0,3.004586678973104,0.03009192739587554,4.180492278939704,0.06481285980065812,1.325415172447969,7.231853580036014,0.6668168764224387,63.7900514308577,18101695539.22239,0.0012381983098763941,0.2162861704996969,0.2236025958917019,0.18838931857454724,0.149182730440787,4899829.925350208,0.017745267676491126,0.09816476565297627,0.017448033754270165,0.47267867416689513,0.4089745308793214,2.1139230172257437,0.2236025958917019
3,1,1,3,0,3.925947990133153,0.058277840727104256,7.244029588859478,0.03161281344027394,7.048891856968148,2.9589971842865834,0.13849970752519902,128.91627179284663,11883969023.910995,0.0011578126529012466,0.16153447642818702,0.22365233340566432,0.2318622104995027,0.16591407923600596,2293833.952462835,0.02688004232885785,0.14569942741071162,0.026007054421338764,0.22365233340566432,0.4752835290686644,1.0,0.22365233340566432
3,1,0,2,2,3.8124945105888606,0.02575166079580207,1.9857743559371992,0.0062506787356373964,6.016745844562939,11.551476213306978,0.25164343452447036,114.98522502015228,12152298298.944311,0.0,0.1078116073610432,0.2237285018787426,0.24526653902352658,0.1720552374959369,1418731.3623518182,0.03007783758228954,0.16714942923156784,0.029114572347156763,0.2237285018787426,0.3445969880247647,1.0,0.2237285018787426
3,1,1,3,0,2.509222649699645,0.059730183640526235,8.857593253774084,0.009357083449661269,9.90126243978697,6.946175346125087,0.17144607702915327,93.48894004095214,16228515598.290146,0.0,0.15246969307488267,0.22373068584326625,0.23997080408777324,0.185057558640258,2885115.441221093,0.028792993407266224,0.17007607739666142,0.027952027392604488,0.22373068584326625,0.40156133492733753,1.0,0.22373068584326625
3,1,1,3,0,2.509222649699645,0.059730183640526235,8.857593253774084,0.009357083449661269,9.90126243978697,6.946175346125087,0.17144607702915327,93.48894004095214,16228515598.290146,0.0,0.15246969307488267,0.22373068584326625,0.23997080408777324,0.185057558640258,2885115.441221093,0.028792993407266224,0.17007607739666142,0.027952027392604488,0.22373068584326625,0.40156133492733753,1.0,0.22373068584326625
3,2,1,0,1,1.321516256147369,0.05964181775922008,5.51416961660806,0.06259673572697694,5.6260456316567,4.702825022084688,0.28290692517168453,76.09048378992281,16857295708.179127,0.0012156341633387563,0.19170373284138492,0.22380450409399594,0.2069022028182799,0.18429267736895635,5285269.019395558,0.021404260765528312,0.10571568528714859,0.021135460471439466,0.22380450409399594,0.5629071459419246,1.0,0.22380450409399594
3,2,1,0,1,1.321516256147369,0.05964181775922008,5.51416961660806,0.06259673572697694,5.6260456316567,4.702825022084688,0.28290692517168453,76.09048378992281,16857295708.179127,0.0012156341633387563,0.19170373284138492,0.22380450409399594,0.2069022028182799,0.18429267736895635,5285269.019395558,0.021404260765528312,0.10571568528714859,0.021135460471439466,0.22380450409399594,0.5629071459419246,1.0,0.22380450409399594
2,1,0,2,1,2.7526709954348663,0.08385340805719393,2.9944391727597868,0.08403205908653098,2.699244252435362,1.6243413850829223,0.2385916957228509,83.18824212219903,16147526574.863575,0.0008301784016022976,0.1710579697838408,0.22383360211225609,0.22301614873025932,0.1676674940799875,2717418.3328551347,0.02486810129723857,0.14168744409820433,0.024231812294183766,0.9838742859984995,0.3611966310494712,4.395561152186038,0.22383360211225609
3,1,0,3,0,2.3019865174584138,0.038798244698413704,6.304469542244726,0.007906816802487775,2.536525054690932,5.148144687463454,0.6310653575397996,92.32446806990596,10035417330.72258,0.0,0.17229986578609502,0.22407889259948174,0.22265387684366172,0.1834601736948106,4186815.402431561,0.024787374436756243,0.1323580551562915,0.024286779175172052,0.22407889259948174,0.3996244498338795,1.0,0.22407889259948174
3,1,0,3,0,2.3019865174584138,0.038798244698413704,6.304469542244726,0.007906816802487775,2.536525054690932,5.148144687463454,0.6310653575397996,92.32446806990596,10035417330.72258,0.0,0.17229986578609502,0.22407889259948174,0.22265387684366172,0.1834601736948106,4186815.402431561,0.024787374436756243,0.1323580551562915,0.024286779175172052,0.018331335879297035,0.3996244498338795,0.08180750835850673,0.22407889259948174
3,1,0,3,0,2.3019865174584138,0.038798244698413704,6.304469542244726,0.007906816802487775,2.536525054690932,5.148144687463454,0.6310653575397996,92.32446806990596,10035417330.72258,0.0,0.17229986578609502,0.22407889259948174,0.22265387684366172,0.1834601736948106,4186815.402431561,0.024787374436756243,0.1323580551562915,0.024286779175172052,0.22407889259948174,0.3996244498338795,1.0,0.22407889259948174
5,1,1,1,1,0.8700428094311934,0.04106641806060656,6.708369508661472,0.009885999739198733,8.733183954278001,4.063408159817447,0.13333760336662925,121.16950040171785,11549706037.241405,0.0,0.22310815536415537,0.22411761618577242,0.18423228174211037,0.140648456836061,4002087.141283876,0.016970766817952166,0.09612393440827205,0.01664944758861188,0.22411761618577242,0.36763322715441676,1.0,0.22411761618577242
3,1,0,3,0,2.3007111454108786,0.038789467736011385,6.301009052898913,0.007900732195822005,2.5368643289406396,5.149270318380971,0.631242850647108,92.31922493807886,10035495646.141474,0.0,0.17239390621440964,0.22412549707789917,0.22262113183917853,0.18342779390375027,4190466.1099696285,0.024780084170678455,0.132262932813053,0.024280082087494364,0.22412549707789917,0.39939066304540727,1.0,0.22412549707789917
3,1,1,2,1,0.9070741070138622,0.053468960157378106,2.316843844570032,0.017381303475333537,0.9602542245463537,5.090582753875985,0.46515205006815374,105.36039492030764,13106209073.964174,0.0,0.23783381840877477,0.22414987884344095,0.17558902798470394,0.15346818189925257,5669380.615026577,0.015415753374306571,0.07919462884584505,0.015291985500956366,0.22414987884344095,0.33727364830404044,1.0,0.22414987884344095
3,1,1,2,1,0.9070741070138622,0.053468960157378106,2.316843844570032,0.017381303475333537,0.9602542245463537,5.090582753875985,0.46515205006815374,105.36039492030764,13106209073.964174,0.0,0.23783381840877477,0.22414987884344095,0.17558902798470394,0.15346818189925257,5669380.615026577,0.015415753374306571,0.07919462884584505,0.015291985500956366,0.5410255365311839,0.33727364830404044,2.41367757735469,0.22414987884344095
3,1,0,2,1,4.067378313351509,0.09705645301016355,1.3529159344235535,0.007330463048818155,3.822986821181343,5.3903631972640165,0.31528352431635653,124.66497307465816,10226158984.767565,0.0,0.13207103638686696,0.22417550511614412,0.24437327726436847,0.17799700639041938,1769878.1919719684,0.029859149320463955,0.167234203121287,0.028949190491826718,0.22417550511614412,0.3112731723469485,1.0,0.22417550511614412
3,1,0,2,1,4.067378313351509,0.09705645301016355,1.3529159344235535,0.007330463048818155,3.822986821181343,5.3903631972640165,0.31528352431635653,124.66497307465816,10226158984.767565,0.0,0.13207103638686696,0.22417550511614412,0.24437327726436847,0.17799700639041938,1769878.1919719684,0.029859149320463955,0.167234203121287,0.028949190491826718,0.01399117191728447,0.3112731723469485,0.06241168904709602,0.22417550511614412
3,1,0,2,1,4.067378313351509,0.09705645301016355,1.3529159344235535,0.007330463048818155,3.822986821181343,5.3903631972640165,0.31528352431635653,124.66497307465816,10226158984.767565,0.0,0.13207103638686696,0.22417550511614412,0.24437327726436847,0.17799700639041938,1769878.1919719684,0.029859149320463955,0.167234203121287,0.028949190491826718,0.22417550511614412,0.3112731723469485,1.0,0.22417550511614412
4,2,0,2,0,2.985916258993026,0.09107687679611165,8.325198846601278,0.015201858233910317,3.3555467292871746,3.256882480201815,0.6780152640027272,126.08408050639868,12749005892.48338,0.0,0.20372793028854713,0.22420219785176093,0.19767273776951613,0.15206977381580933,3044477.184119419,0.019537255628647943,0.107137597162282,0.01907140495162791,0.22420219785176093,0.38075960942833115,1.0,0.22420219785176093
4,2,0,2,0,2.985916258993026,0.09107687679611165,8.325198846601278,0.015201858233910317,3.3555467292871746,3.256882480201815,0.6780152640027272,126.08408050639868,12749005892.48338,0.0,0.20372793028854713,0.22420219785176093,0.19767273776951613,0.15206977381580933,3044477.184119419,0.019537255628647943,0.107137597162282,0.01907140495162791,0.3368635705428835,0.38075960942833115,1.5024989664267812,0.22420219785176093
3,1,0,2,1,4.097997258023831,0.09721953726986655,1.3539456888048689,0.00733236286504353,3.8138621976956455,5.396334322052327,0.32043493212065866,124.752710094402,10246112021.474182,0.0,0.1315109038657175,0.2242164265615062,0.24444754393879295,0.17799070917452886,1761342.1024751966,0.029877300868854054,0.16733207953607243,0.028966386623548026,0.013812105079590603,0.3115236312826511,0.061601664478412865,0.2242164265615062
5,2,1,1,2,4.284248209162729,0.04569818699263977,6.051136076868803,0.004113898730136662,8.126537026080067,11.79341944114877,0.7074994718174641,96.41614465311903,12798437395.050638,0.0,0.12096299699537294,0.224263409704546,0.24506007122718723,0.16525075306134215,628611.1530254225,0.030027219254937038,0.16825676697842706,0.02893717226519474,0.224263409704546,0.39282807864627894,1.0,0.224263409704546
3,1,0,2,0,2.4284142320062116,0.08099430120430161,4.630871176517433,0.010180806442721785,8.391890929139052,2.3370555271743902,0.7184095497759728,104.54522283875617,11785088443.411171,0.0,0.1915439703258439,0.22435400889185989,0.20676564087334998,0.16366291891965837,3314568.81200876,0.021376015122883566,0.11975146239075896,0.020938913352444088,0.22435400889185989,0.3693596054667578,1.0,0.22435400889185989
3,1,0,2,0,4.712955652652778,0.022850018092914395,1.421803436834183,0.030724291875971213,3.140306126286751,5.171326800468421,0.44309907614404515,127.65638202518497,14727589543.19705,0.0008899289302713503,0.16074577874403972,0.2244138023207561,0.23332629680200861,0.1730631791059017,2194941.862431156,0.02722058038966951,0.14879312241184672,0.02642905495540006,0.10639292902243432,0.29520605388437265,0.47409262675548897,0.2244138023207561
3,1,0,2,0,4.91788818862387,0.09555100344544983,3.3661593348130747,0.016719567602655822,6.983138592936726,2.325502880373854,0.03436657883393605,113.57681642070877,18752519927.714027,0.0,0.1941767364163075,0.22466238051385629,0.20507215979812157,0.15742711834149897,3291284.181624127,0.021027295362133155,0.11706257051203783,0.020436904338245843,1.0,0.44676736326890204,6.24874198104883,0.22466238051385629
4,1,0,1,1,3.9077952483473055,0.060267394284319896,7.0472926504819515,0.05243360774053255,4.870598128821966,1.3415748351088204,0.18096119889851112,78.20968918803243,15645763548.850351,0.001088796960324698,0.17591489610363453,0.22477715323649414,0.219746453585745,0.15867777837524585,3008903.7703839634,0.02414425193175599,0.13755701196048598,0.023191998218334477,1.0,0.4761806450449296,17.274949387008938,0.22477715323649414
3,1,0,2,0,1.0474812990063578,0.022262536306198538,7.022659252165215,0.02926486850752165,3.231700339509233,9.27067745112458,0.5929148551037253,127.09381210768578,11572458763.353798,0.0006395882447705862,0.22453676415988785,0.2247806835121582,0.1839722389913886,0.15143812567227724,4466207.487155319,0.0169228923597523,0.09411274158742111,0.016683735026807225,0.051045615664769624,0.38283823641789533,0.22709075738711598,0.2247806835121582
4,1,1,1,1,0.2988824222268288,0.05865409202903819,8.553816940597313,0.03969751430048799,3.557756106776789,1.2567170980106717,0.49371209160482205,99.23840812215795,10598715825.674084,0.0007824481017443171,0.20886443573010968,0.2247958708268487,0.1944743691652472,0.1690454235856277,4949756.7220101245,0.01891014013111043,0.10523131669429453,0.01870855073591915,0.2247958708268487,0.5107935185868393,1.0,0.2247958708268487
4,1,1,1,1,0.2988824222268288,0.05865409202903819,8.553816940597313,0.03969751430048799,3.557756106776789,1.2567170980106717,0.49371209160482205,99.23840812215795,10598715825.674084,0.0007824481017443171,0.20886443573010968,0.2247958708268487,0.1944743691652472,0.1690454235856277,4949756.7220101245,0.01891014013111043,0.10523131669429453,0.01870855073591915,0.2247958708268487,0.5107935185868393,1.0,0.2247958708268487
3,1,0,2,0,1.9505792208857033,0.07307224048753712,6.1291660746937175,0.01601609006418695,4.562374618444544,6.426484140753946,0.27961227553362983,104.45038396099585,10856501269.214699,0.0,0.20714892237575339,0.22486462756275455,0.19582737916372364,0.1622116680495228,3671903.7793917516,0.019174181215066394,0.1051261257785453,0.0188904575085061,0.22486462756275455,0.3749430723069355,1.0,0.22486462756275455
2,2,0,2,0,2.2861136466889245,0.06082056027519742,5.65308879460865,0.0022608942982295646,6.288353188124621,8.468355467635398,0.0733280025533274,98.01145051306565,16085819037.873726,0.0,0.23777260326063646,0.22494316224224775,0.1768288392969842,0.14288087113050665,6460650.198030357,0.015634219203559334,0.07030467657524342,0.015480203742834934,0.22494316224224775,0.34196154987338173,1.0,0.22494316224224775
3,1,0,2,0,1.8393704639174577,0.061330117338580445,2.9470502299340526,0.05065120874041648,1.440002317335545,6.5488742361994845,0.40503043714230946,115.03177776599296,11218178621.841122,0.0007715296838029209,0.21354309337600913,0.2249458482629918,0.1912513979422602,0.1587202499209706,3720780.476253306,0.018288548607434386,0.10405458815118884,0.01795649530567025,1.0,0.3569452963325307,5.09458483328603,0.2249458482629918
5,2,1,1,1,1.33986177519891,0.07465064204409282,7.436389500332011,0.05878032881349456,3.7437747864547704,1.2623777973623853,0.7734971766150412,78.59765920930555,9430284848.015497,0.0013790173759274757,0.2107552142491057,0.22510870645492198,0.1933342219436654,0.15510028279894275,4772268.590989785,0.018689060687281236,0.1058358070920854,0.01828093430052628,0.4411140342798522,0.46461128308023186,1.9595600775582853,0.22510870645492198
3,1,0,2,1,1.7825211100290184,0.06010507536199802,0.420959015991922,0.023329736888112015,0.7903478691028853,7.697608902961332,0.8317689927043633,112.45123402701425,18238252512.05528,0.0011269588879365552,0.22926649340104088,0.22529195290876122,0.1814511635998219,0.15011142020102206,5107971.313191386,0.01646226238586467,0.09072018332210174,0.016259728507491873,0.22529195290876122,0.29133431843386454,1.0,0.22529195290876122
4,2,0,2,0,2.8861154567359764,0.028762854308058493,2.3398537915970863,0.012914611632329119,3.4055518724210803,2.9518449229424606,0.6533204076140747,122.69915064074893,13403040093.404938,0.0,0.17414562098421493,0.22529475987785524,0.22217403599045257,0.16717785746432137,2546977.2113316576,0.024680651134143458,0.1332495603845255,0.023979683606206788,0.06718510619721806,0.3953382866930752,0.29820980405244585,0.22529475987785524
3,1,0,2,0,1.9006604607750683,0.026446550433085268,0.22743916582809046,0.0037845245435021426,0.9085432600548685,8.452717605621165,0.600283502209251,117.27872808220175,14473885172.784626,0.0,0.17835228994148472,0.22534093098350544,0.2182147811951434,0.1589891113529122,2956138.5665687732,0.023808845366022152,0.1359525772708683,0.02314958488871651,0.1307673904924386,0.20346752437057822,0.5803090895280385,0.22534093098350544
3,1,0,2,0,1.9006604607750683,0.026446550433085268,0.22743916582809046,0.0037845245435021426,0.9085432600548685,8.452717605621165,0.600283502209251,117.27872808220175,14473885172.784626,0.0,0.17835228994148472,0.22534093098350544,0.2182147811951434,0.1589891113529122,2956138.5665687732,0.023808845366022152,0.1359525772708683,0.02314958488871651,0.1307673904924386,0.20346752437057822,0.5803090895280385,0.22534093098350544
3,1,0,2,0,1.9006604607750683,0.026446550433085268,0.22743916582809046,0.0037845245435021426,0.9085432600548685,8.452717605621165,0.600283502209251,117.27872808220175,14473885172.784626,0.0,0.17835228994148472,0.22534093098350544,0.2182147811951434,0.1589891113529122,2956138.5665687732,0.023808845366022152,0.1359525772708683,0.02314958488871651,0.22534093098350544,0.20346752437057822,1.0,0.22534093098350544
3,1,0,2,0,3.270807697830911,0.06342002182181683,6.020304593143909,0.005155951389760737,5.785065394095432,5.381536270467852,0.03312911789870641,123.89467566400424,12442708806.756168,0.0,0.16175754880531268,0.2254489153549616,0.233378995988041,0.1471547423166537,556701.0445879906,0.027232877884193023,0.15001198347113054,0.0261582137958322,0.2254489153549616,0.4650119532770602,1.0,0.2254489153549616
3,1,0,2,1,1.7711006008040941,0.05993380516504872,0.3886846150135227,0.023198145308981396,0.790554158687844,7.67741478902062,0.8326308134609415,112.41959399246787,18275888750.795086,0.0011268662636162174,0.2310204272925856,0.22545818713039467,0.18054441516972114,0.1499599915255372,5233818.849301578,0.016298142924488317,0.08892900166610695,0.016111152973301204,0.22545818713039467,0.29249076750490816,1.0,0.22545818713039467
1,0,0,1,0,4.870631735279628,0.07425036289177664,6.128712362040689,0.004201040740674542,9.514774755175594,1.3793453186451279,0.4345048243948839,95.95715587369439,18361730682.65456,0.0,0.16108871292810917,0.22546608617677535,0.23395112312036523,0.17021635679782574,2344056.8150008237,0.027366564004640145,0.1521817053617529,0.026550156930943675,0.22546608617677535,0.3153683387122358,1.0,0.22546608617677535
3,1,0,2,1,3.2986234208684926,0.07084631615692712,4.609844965866371,0.02281752868553953,4.914665751145977,3.1817371937420296,0.38866635023177704,93.26238465401597,9086222196.619314,0.0009785494816903243,0.15766487616013014,0.22554354278062091,0.23742986583260048,0.1708526678458518,2256856.3047035583,0.028186470594643333,0.15452482950199298,0.02728371801133284,0.22554354278062091,0.41586938364786147,1.0,0.22554354278062091
3,1,0,2,0,1.36177769438403,0.06051864780469078,2.952219152098978,0.008544789011955198,2.0608978920063272,5.507973172177075,0.8059171388017301,116.88788286363717,11553305804.596628,0.0,0.22153366797120333,0.22554918859662854,0.1866510104474449,0.15144217048228226,4814533.832715833,0.01741929985052609,0.09537598543083703,0.017163990118154716,0.22554918859662854,0.33643331912795693,1.0,0.22554918859662854
3,1,0,2,0,1.36177769438403,0.06051864780469078,2.952219152098978,0.008544789011955198,2.0608978920063272,5.507973172177075,0.8059171388017301,116.88788286363717,11553305804.596628,0.0,0.22153366797120333,0.22554918859662854,0.1866510104474449,0.15144217048228226,4814533.832715833,0.01741929985052609,0.09537598543083703,0.017163990118154716,0.22554918859662854,0.33643331912795693,1.0,0.22554918859662854
3,1,1,3,0,4.534680437131886,0.06781376654545675,8.16199660296698,0.0027367566824210345,9.327851313369502,3.6099433231112696,0.30426104105439356,98.4591559450159,14156399360.811396,0.0,0.14293284365612713,0.22568220841888964,0.24487862286048223,0.18927632309999506,2489728.4884377047,0.029982769967023145,0.177791966126445,0.02909550896401758,0.00368337558386039,0.39495172385856475,0.016321072049346762,0.22568220841888964
4,1,0,0,0,0.40627586300156954,0.08167964145045004,3.199290177412264,0.056108343323042716,3.7418251479182976,5.806923003570663,0.5359023261279434,81.28666272671015,16219810740.171974,0.0011129264990373151,0.20597276806987697,0.2256999807772341,0.19812211002378316,0.16454216639266422,4865424.33724711,0.01962618524013802,0.0945615870124189,0.019344863401200736,0.9001115267991052,0.39658149324522474,3.9880886285387653,0.2256999807772341
3,1,1,2,1,2.1066606939431938,0.04929350433270233,4.559036481703194,0.009772157837859344,0.1759796679748503,4.079479520545369,0.8255887883096142,120.86342541225586,10078009845.611439,0.0,0.1729198841181362,0.22572446788705935,0.22368221622142803,0.1537273970876724,1793173.7454392365,0.02501686692686484,0.1348269195511108,0.024216612221304643,0.22572446788705935,0.33628522033279035,1.0,0.22572446788705935
3,1,0,2,0,4.15782456550653,0.0945596720499261,4.277953357481934,0.02777275303239881,2.91712371153275,7.573073600289921,0.20590667639387425,111.33449326287322,11753931821.132114,0.000596094667259394,0.17183667345475406,0.22579255946578944,0.22437935137154505,0.1646560565658578,2430937.8696880927,0.025173046660957637,0.1416336137281815,0.024380251273210442,0.2052860645627915,0.3791469094132446,0.9091799351071843,0.22579255946578944
4,2,0,2,0,2.3608164685565542,0.04248776596090807,9.570848512909652,0.05981325460899002,2.9931152750417165,2.0252523491844165,0.8147389251513006,110.62403384399734,18500739585.763203,0.0007906747173279779,0.19656892748249255,0.22581442325335438,0.20423495732608218,0.16796030070027518,4338004.341938332,0.020855958896993303,0.11769618946534999,0.02047780553813852,0.22581442325335438,0.5765092488841554,1.0,0.22581442325335438
3,1,0,2,0,3.649321577505639,0.09836767985230559,6.6332537333014825,0.007392217233020867,1.203112564687514,5.0431551155913965,0.06438046078883312,127.91610908563527,10353032755.098837,0.0,0.20026368199890243,0.2259043187319285,0.20176815643460386,0.14256781408875363,1255051.133103561,0.02035519447550939,0.11108807674901255,0.019891404860650993,0.2259043187319285,0.4154914652808576,1.0,0.2259043187319285
3,1,0,3,0,4.346820630509614,0.08137546188330852,3.1277473436077243,0.017387805049929983,4.282117380812029,9.362273898892406,0.29305242288103267,120.35632165103226,14721867876.870407,0.0,0.13689650039180068,0.22594539813504483,0.24617407927488816,0.16753945884185345,1554668.102128129,0.030300838653419458,0.16675127598257833,0.02923705610789702,0.0231609503391741,0.37723920187384596,0.10250684692117996,0.22594539813504483
3,1,0,3,0,4.346820630509614,0.08137546188330852,3.1277473436077243,0.017387805049929983,4.282117380812029,9.362273898892406,0.29305242288103267,120.35632165103226,14721867876.870407,0.0,0.13689650039180068,0.22594539813504483,0.24617407927488816,0.16753945884185345,1554668.102128129,0.030300838653419458,0.16675127598257833,0.02923705610789702,0.0231609503391741,0.37723920187384596,0.10250684692117996,0.22594539813504483
3,2,1,3,0,4.22264676808348,0.05986800571682306,4.890726396521869,0.0016211902779569012,3.875868239032784,5.494197692864403,0.3847347695870241,117.73932280561417,19017778644.9405,0.0,0.159358742702297,0.22594733070882014,0.23566293601544003,0.1787864414627822,1380330.7348738513,0.02776850970570869,0.16248705104249894,0.027110815792678898,0.22594733070882014,0.4112880427179734,1.0,0.22594733070882014
3,2,0,1,0,1.9358672212161792,0.056730804812101854,2.857372627580015,0.003032224815505551,9.909794070391461,12.448998602669157,0.22156726058144235,99.71022937425107,12564103967.361084,0.0,0.12251409668439467,0.2260277583200009,0.24693771964580508,0.16897826519744066,1048822.81160853,0.030489118691935116,0.16961071704500164,0.029395081575246926,0.1007171450965434,0.34609829442771634,0.4455963543820674,0.2260277583200009
3,1,0,2,0,3.7909454514207175,0.08597364274480014,6.887270762694471,0.018090619256480985,2.048410682834782,3.705881121619929,0.0350288334874966,120.47817289795356,10755229466.875969,0.0,0.21628107853798983,0.22642002498372205,0.1913000138945914,0.15572957242307225,3558221.0773846675,0.018297847658035427,0.0927323223162414,0.018006696246645488,0.22642002498372205,0.44459237472483487,1.0,0.22642002498372205
3,1,0,2,0,1.9046372935533293,0.027804462561826244,8.143060765017315,0.04144548244710556,0.3247216866083671,3.5713704214453266,0.7688032771243527,112.77403246906206,10503301265.3227,0.000959433202982336,0.21260562716748505,0.2264233646171378,0.19408731043895613,0.16433873979065006,4895164.218445271,0.018834942036713865,0.0906248782818232,0.01856066618204281,0.15680537317945833,0.41849308745723696,0.6925317687271478,0.2264233646171378
3,1,0,2,0,1.9046372935533293,0.027804462561826244,8.143060765017315,0.04144548244710556,0.3247216866083671,3.5713704214453266,0.7688032771243527,112.77403246906206,10503301265.3227,0.000959433202982336,0.21260562716748505,0.2264233646171378,0.19408731043895613,0.16433873979065006,4895164.218445271,0.018834942036713865,0.0906248782818232,0.01856066618204281,0.15680537317945833,0.41849308745723696,0.6925317687271478,0.2264233646171378
4,2,1,1,0,1.963573272239589,0.06181488903945444,6.429935541630484,0.01263781517239193,5.192752730469627,7.741755130466415,0.5595272194971225,85.73754613187255,9451735900.862955,0.0,0.20747339289221883,0.22643862435773804,0.19698973086038368,0.16164987283234114,3254376.1949339346,0.019402477032223198,0.10654617128282518,0.01906976084161572,0.22643862435773804,0.395584185389359,1.0,0.22643862435773804
4,2,1,1,0,2.876015464990856,0.0554960151663579,5.046054730947408,0.05533880492541236,2.9996334111125065,1.2926710052279091,0.625961925869311,68.19913784296241,11927782480.96298,0.0010476261417788622,0.16995239899813286,0.22645012568250258,0.22656716195438797,0.16900317769858497,2698637.6536611808,0.025666339438032936,0.14699980243036204,0.024821280704991212,0.22645012568250258,0.41295085553881283,1.0,0.22645012568250258
3,1,0,2,2,3.915187955928001,0.07719853315457514,6.636788646454294,0.011854524977103112,3.9076347355791996,10.85697354522233,0.4944235159798591,97.13063519793046,18303850523.94685,0.0,0.16615209167231182,0.22645300862488982,0.23045523429664733,0.1635937778429791,1927515.0706733922,0.026554807507361305,0.14375717892966988,0.025605905637846583,0.22645300862488982,0.39519584503147565,1.0,0.22645300862488982
3,1,0,2,0,3.331384808324396,0.06331690080498548,6.0433518489713105,0.008234180439186282,6.003148444894679,5.640573544607089,0.02860570739866389,121.17318942583414,12384273131.895012,0.0,0.16177070795143078,0.22646120878029063,0.23429916263691497,0.1540190602495825,514978.8413794078,0.027448048806179765,0.1532598349567541,0.026407745957612732,0.22646120878029063,0.4672843238814283,1.0,0.22646120878029063
3,1,0,2,0,4.273189519301762,0.0809805332829239,3.4483244400445674,0.014430865567204786,5.563435115703429,8.980686024620912,0.27137227539512554,126.39026103939058,14769618116.592266,0.0,0.12925403344853337,0.2266242432619256,0.24708923456814877,0.17427720918549106,1085726.3610347828,0.03052654491973682,0.17218729921171272,0.029579038512384293,0.2266242432619256,0.37199751124954333,1.0,0.2266242432619256
3,1,0,2,0,3.0195775591433764,0.06812611298946254,8.676746358730243,0.013364480560600214,9.841043600711403,2.5660544108745653,0.5948911671788709,103.87385281839173,10842272453.856714,0.0,0.17580567131178249,0.22685075085887765,0.22233075730921353,0.16926245541469856,2742229.8529784107,0.024715482822844206,0.1323665987458469,0.024038901430741416,0.22685075085887765,0.3715159195049031,1.0,0.22685075085887765
3,1,0,2,0,2.9903452472208887,0.0998399285692899,6.2406973060895865,0.01170116275030731,0.36081611406545,4.617725923059245,0.48192099085338636,125.67164927887059,12056552724.230734,0.0,0.17960972775701656,0.22691401522918794,0.21918691588165348,0.15889972123999996,1468125.041085844,0.024021452046855518,0.12788296661314957,0.023435699241896753,0.08201163944651589,0.35332074699040716,0.3614216572902401,0.22691401522918794
3,1,0,3,0,2.133568795576211,0.048826860770081054,7.0301978320218135,0.01983004928304731,2.8684537590913615,10.753979067317905,0.7412314682516683,125.91389023663963,11295155160.878115,0.001410605210239352,0.17934637638470358,0.22696257471493936,0.21891502190278758,0.1640743687549915,3255971.727751637,0.023961893407348982,0.13752259054210303,0.023254618228792663,0.22696257471493936,0.5246804674321964,1.0,0.22696257471493936
3,1,0,3,0,2.133568795576211,0.048826860770081054,7.0301978320218135,0.01983004928304731,2.8684537590913615,10.753979067317905,0.7412314682516683,125.91389023663963,11295155160.878115,0.001410605210239352,0.17934637638470358,0.22696257471493936,0.21891502190278758,0.1640743687549915,3255971.727751637,0.023961893407348982,0.13752259054210303,0.023254618228792663,1.0,0.5246804674321964,34.187449670713484,0.22696257471493936
5,2,1,1,1,3.617814996169552,0.016545749841840495,6.993190625610315,0.008056576650869654,8.607944934485285,14.400959744515724,0.7919808280785601,95.75413853459865,14267391647.789059,0.0,0.18192446863557055,0.22710786498018457,0.21741477227498784,0.1552388141406037,1284036.564944548,0.02363459160169241,0.1262038223959766,0.023018832813818103,0.6038119393889596,0.3856748615963638,2.658701139397541,0.22710786498018457
3,1,0,2,0,1.2210089599143754,0.06370936014467266,4.1796613078643405,0.014283616633800768,3.4370436871733823,8.076477370117242,0.5524401376130295,128.5673483696245,10861462424.622625,0.0,0.2258107748552427,0.22712629365363948,0.18502161526550984,0.15477608589280067,4370358.813718226,0.01711649905772917,0.0972605517623083,0.01687897148737323,0.0025802889624973006,0.36283258346537145,0.011360591153889743,0.22712629365363948
5,2,1,3,1,3.9338568697399143,0.06142082920652971,7.138010512619899,0.06956471034678889,9.929181682569977,2.092603270925179,0.5378533863914984,64.89485041268378,9761005793.242573,0.0013791222666319728,0.14764190067092314,0.22713371243369074,0.246632026262409,0.17678230935736516,1986582.4123529205,0.030413678189150795,0.1718742233527889,0.02936502223339295,1.0,0.4957503302637227,28.2669881331936,0.22713371243369074
3,1,0,2,0,4.190694150785129,0.09761965874987842,4.292989949769881,0.012486948567452647,9.213141536005123,3.8368463311267287,0.0577992357648129,127.56975802035194,10648600509.04587,0.0,0.16502513483550485,0.22714981625394245,0.2321867466326796,0.16898817297692217,2273087.050579174,0.026955342655934075,0.14628395225226165,0.026007232630154684,0.22714981625394245,0.3965677252112094,1.0,0.22714981625394245
3,1,0,2,0,4.190694150785129,0.09761965874987842,4.292989949769881,0.012486948567452647,9.213141536005123,3.8368463311267287,0.0577992357648129,127.56975802035194,10648600509.04587,0.0,0.16502513483550485,0.22714981625394245,0.2321867466326796,0.16898817297692217,2273087.050579174,0.026955342655934075,0.14628395225226165,0.026007232630154684,0.22714981625394245,0.3965677252112094,1.0,0.22714981625394245
3,1,0,2,1,4.158472284358309,0.0946621686773516,4.27268466417367,0.027903409741438595,2.911671002018428,7.5719548847886875,0.2092195767065393,111.33608843848941,11778681791.327612,0.0005947109691690903,0.16888848480454266,0.22727318319759957,0.22867648221118153,0.16317948124361348,2363268.788829196,0.02614646675824041,0.14362543490498692,0.025150175625443763,0.32228502987872504,0.3995159280189132,1.418051286757042,0.22727318319759957
3,1,0,2,0,1.5396539215229326,0.039931007308470566,1.1736504618053658,0.049408997592741234,2.4081015299985515,2.9096885794534058,0.628863738434841,114.01726919371384,10550905013.114431,0.0008296247361817987,0.18888780162406274,0.2273634770742479,0.21150478790950045,0.1666869896797544,3533398.4204760934,0.02236713765432138,0.1283155798414568,0.021835646371119927,0.2273634770742479,0.5288523077829848,1.0,0.2273634770742479
3,1,0,2,0,1.777066471037152,0.03114013107555451,7.539599026676125,0.012918859351659016,3.7675680086698464,6.451414385313609,0.6790012290135049,81.71186894283166,10539439662.31736,0.0,0.23037204643414244,0.22740213375408816,0.18239173586175617,0.15847482050304482,4572212.113817241,0.016633372655332317,0.09394183261569555,0.016461287440800908,0.22740213375408816,0.3532052902937607,1.0,0.22740213375408816
3,1,0,2,0,1.777066471037152,0.03114013107555451,7.539599026676125,0.012918859351659016,3.7675680086698464,6.451414385313609,0.6790012290135049,81.71186894283166,10539439662.31736,0.0,0.23037204643414244,0.22740213375408816,0.18239173586175617,0.15847482050304482,4572212.113817241,0.016633372655332317,0.09394183261569555,0.016461287440800908,0.22740213375408816,0.3532052902937607,1.0,0.22740213375408816
3,1,0,2,0,3.0050243176101747,0.06810792261525607,8.684975707416593,0.013097268255964582,9.810485339097209,2.618189533670266,0.5947373590974334,103.92153739023185,10845799053.09637,0.0,0.1740280234287544,0.22746225666208367,0.2245097228740677,0.16998286523635606,2669166.6467196303,0.02520230783249534,0.13445100895752715,0.024500573688306465,0.22746225666208367,0.3712491872862873,1.0,0.22746225666208367
3,1,0,2,0,3.0050243176101747,0.06810792261525607,8.684975707416593,0.013097268255964582,9.810485339097209,2.618189533670266,0.5947373590974334,103.92153739023185,10845799053.09637,0.0,0.1740280234287544,0.22746225666208367,0.2245097228740677,0.16998286523635606,2669166.6467196303,0.02520230783249534,0.13445100895752715,0.024500573688306465,0.012914526437715512,0.3712491872862873,0.05677656868102404,0.22746225666208367
5,2,1,1,1,0.8595799723702204,0.04080789448928995,6.688521659735807,0.009431935339440867,8.723884460744301,4.0387771633546485,0.13451021206217545,121.1452588277238,11539706697.156862,0.0,0.23629392356212855,0.22751265137328125,0.1788192300023973,0.1343062953237666,4409438.707484932,0.015988158509325133,0.09043689341848127,0.01573364526708229,0.22751265137328125,0.3756852858028646,1.0,0.22751265137328125
5,2,1,1,1,0.8595799723702204,0.04080789448928995,6.688521659735807,0.009431935339440867,8.723884460744301,4.0387771633546485,0.13451021206217545,121.1452588277238,11539706697.156862,0.0,0.23629392356212855,0.22751265137328125,0.1788192300023973,0.1343062953237666,4409438.707484932,0.015988158509325133,0.09043689341848127,0.01573364526708229,0.22751265137328125,0.3756852858028646,1.0,0.22751265137328125
3,1,1,3,0,3.693058839713428,0.051227288291406055,8.812452361576936,0.018718527847252208,5.497799227067051,5.226847893105291,0.39867617927559684,106.18749908715286,16850872000.730812,0.0,0.1667747256020709,0.22766231061442924,0.23079614909730756,0.16912371934171586,2657248.4179287767,0.02663343121907331,0.14999657911387076,0.02585076500931545,0.3588991514394226,0.40155682692612266,1.5764539614431707,0.22766231061442924
4,2,0,2,0,4.374227276019086,0.07876936307201014,5.421973137493146,0.01972740358770958,4.416035229213988,5.182317854054261,0.6266732064776152,122.97256919812109,16462934112.162724,0.0007145461308692403,0.1648157249703296,0.2277364489610998,0.23261840366414352,0.16699399225137682,1961936.7100839154,0.02705566086162721,0.15351993971644495,0.026093853958283404,0.2277364489610998,0.4100718981377925,1.0,0.2277364489610998
3,1,0,2,0,4.71882698264796,0.07754624744742962,5.028497456649544,0.005757039206054541,9.929669383925914,6.680459449237481,0.06660010627810377,120.2562008285761,10873218688.257536,0.0,0.16117280524800248,0.22776075999200415,0.2364081919616972,0.15153361831141746,407878.0817002941,0.027944416613299338,0.15228952737964851,0.02685559097043981,0.22776075999200415,0.4432110687525116,1.0,0.22776075999200415
3,1,0,3,0,2.2421201169704696,0.032735354557911905,7.565401575709429,0.07827063811358137,6.540058032058436,7.786124697076028,0.07330200875607264,83.58013078070016,15791188313.05686,0.0007117467305277508,0.15348767221419468,0.22777728617018125,0.2438933049112943,0.1702833490336041,1758182.421204303,0.029741972090276788,0.1634513041741803,0.028726461087409477,0.22777728617018125,0.45000081076433485,1.0,0.22777728617018125
5,1,1,1,1,1.140412537746293,0.02580925902644428,9.542970006093991,0.04160961119501437,1.9662926482564564,16.463854422663648,0.4396530622725358,117.13983737943667,14370427023.068554,0.0009789708651361914,0.22123631861832793,0.22782631891078364,0.18862553048264086,0.1447580577292679,5142523.498204782,0.01778979537492884,0.1004258130444231,0.01742413473572828,1.0,0.4724014274388396,13.11758490713979,0.22782631891078364
3,1,1,3,0,2.5529003974983357,0.03267591734783398,9.309960737994073,0.003593136445221012,7.28359800006805,7.820311979162406,0.13597338035612788,89.24251146621029,15214625011.133572,0.0,0.1675992045828158,0.2278406275079377,0.22990631115074547,0.175315402190129,2475359.960887241,0.026428455953471697,0.15468957803890737,0.02568091276193572,0.007221987586658982,0.3972138593711266,0.0316975408014419,0.2278406275079377
3,1,1,2,1,2.662284838331626,0.040243561486999806,3.9129568869325126,0.031203243218217876,6.799719780212113,3.182647274256197,0.10512761436843875,127.98980007192094,14710471452.74466,0.0013340823786638797,0.17058133713064927,0.22787557569706549,0.2284257994399849,0.18099448951802363,2932219.5961515303,0.026089172924898103,0.1309425811355076,0.025447420956523293,1.0,0.5648306740673456,5.558246813360842,0.22787557569706549
3,1,0,2,0,1.2210114969754389,0.06378587881828,4.1803573363726745,0.014227490541978366,3.420071610908166,8.07127823671413,0.5545567361184979,128.59660429732142,10859106784.278772,0.0,0.2277649471973528,0.22787910565931271,0.18440966245212642,0.15465966005774204,4463528.957859198,0.0170034618028536,0.09652535519252059,0.016774259549313858,0.22787910565931271,0.3628106143025761,1.0,0.22787910565931271
4,2,1,3,2,1.2592767342497841,0.046082755496899545,0.7836577594013562,0.009821543815847954,1.3448953869447773,6.339213844905571,0.21464430741357446,121.27648051306326,14434666127.77782,0.0,0.16783015563148226,0.22793659224742116,0.2297937782550665,0.15922168383721028,2916916.161113363,0.026402590262369335,0.1545181381597478,0.02540312327749586,0.22793659224742116,0.21727191860475314,1.0,0.22793659224742116
2,2,1,1,0,0.9265938415259252,0.02265583911110208,7.671443113703372,0.02431023070387249,4.25843442377103,9.97507031061781,0.165341333480397,126.69722246139052,17483902400.183193,0.0005636017910387813,0.22316986279698534,0.22807645103855972,0.18759644845427895,0.15082878551297246,4422187.271038517,0.01759621373632947,0.09883378467909754,0.01731253111910701,0.10935317746743323,0.3746914729985017,0.47945843145790373,0.22807645103855972
3,1,0,2,0,3.658843841694387,0.07858300618663604,4.379316476230135,0.03894089955242577,6.175758045218518,9.138771885900287,0.12091156905663072,122.15154618747775,9059928271.606539,0.0014398075399930052,0.16685297133138113,0.2280916045664821,0.23151879119436136,0.167863106267078,2114838.811597456,0.026800475338049145,0.1442588780276367,0.026010117014218827,0.5862961462833433,0.39870922480697985,2.570441588140325,0.2280916045664821
3,1,0,2,0,1.409073635285018,0.03828643787047936,3.5071797312692614,0.013235497305234763,3.4699428182693035,2.7176987071031493,0.833482855429412,128.89152927223196,11949216467.561382,0.0,0.2218614227255448,0.22832071490031952,0.18858794697944,0.1537084666338763,4535056.102462442,0.01778270687296004,0.10123993743175908,0.017497435600912745,0.22832071490031952,0.3609845148332843,1.0,0.22832071490031952
3,1,0,2,0,1.409073635285018,0.03828643787047936,3.5071797312692614,0.013235497305234763,3.4699428182693035,2.7176987071031493,0.833482855429412,128.89152927223196,11949216467.561382,0.0,0.2218614227255448,0.22832071490031952,0.18858794697944,0.1537084666338763,4535056.102462442,0.01778270687296004,0.10123993743175908,0.017497435600912745,0.041133799938749084,0.3609845148332843,0.18015798503743877,0.22832071490031952
3,1,0,2,0,3.5201353030784013,0.0976910060796953,3.8072576709680197,0.009870250355909348,8.614843109870376,2.0456825189738446,0.4185946482285333,128.5881588352345,15595202528.535578,0.0,0.17629774150178068,0.22845586632715273,0.22334461970470781,0.1718513646014552,2704904.684330264,0.024941409575520282,0.13613564291253755,0.02433977142050249,0.040724101779828104,0.37519340670601137,0.1782580698606815,0.22845586632715273
5,2,1,1,1,1.2068403897520765,0.07426930395865253,7.4218714745764665,0.06018793292004894,3.934747651286995,1.6044464529098763,0.7706541654110425,79.6541511191948,9296039457.77059,0.001364708698430768,0.185496748281943,0.22850146064501756,0.21546835421494592,0.19345544162170983,4585201.854639352,0.0232133058340487,0.13015039716682342,0.022892640808337063,0.22850146064501756,0.5514975329827696,1.0,0.22850146064501756
3,1,0,2,0,1.2217798449802761,0.06371591224102059,4.178590951249586,0.014247657101954737,3.436591705086387,8.073766538770997,0.5524295502863191,128.5717078606114,10861909990.808878,0.0,0.22725508852802373,0.2286167886311458,0.18534691415059737,0.1553146013600682,4410312.121960011,0.017176739292574454,0.09761538091943534,0.016939574661009205,0.0034798344613508796,0.36282570278132387,0.015221255106357494,0.2286167886311458
3,1,0,2,0,1.2217798449802761,0.06371591224102059,4.178590951249586,0.014247657101954737,3.436591705086387,8.073766538770997,0.5524295502863191,128.5717078606114,10861909990.808878,0.0,0.22725508852802373,0.2286167886311458,0.18534691415059737,0.1553146013600682,4410312.121960011,0.017176739292574454,0.09761538091943534,0.016939574661009205,0.0034798344613508796,0.36282570278132387,0.015221255106357494,0.2286167886311458
3,1,0,2,0,1.2217798449802761,0.06371591224102059,4.178590951249586,0.014247657101954737,3.436591705086387,8.073766538770997,0.5524295502863191,128.5717078606114,10861909990.808878,0.0,0.22725508852802373,0.2286167886311458,0.18534691415059737,0.1553146013600682,4410312.121960011,0.017176739292574454,0.09761538091943534,0.016939574661009205,0.2286167886311458,0.36282570278132387,1.0,0.2286167886311458
3,1,0,2,0,1.2217798449802761,0.06371591224102059,4.178590951249586,0.014247657101954737,3.436591705086387,8.073766538770997,0.5524295502863191,128.5717078606114,10861909990.808878,0.0,0.22725508852802373,0.2286167886311458,0.18534691415059737,0.1553146013600682,4410312.121960011,0.017176739292574454,0.09761538091943534,0.016939574661009205,0.0034798344613508796,0.36282570278132387,0.015221255106357494,0.2286167886311458
3,1,0,2,0,1.2217798449802761,0.06371591224102059,4.178590951249586,0.014247657101954737,3.436591705086387,8.073766538770997,0.5524295502863191,128.5717078606114,10861909990.808878,0.0,0.22725508852802373,0.2286167886311458,0.18534691415059737,0.1553146013600682,4410312.121960011,0.017176739292574454,0.09761538091943534,0.016939574661009205,0.0034798344613508796,0.36282570278132387,0.015221255106357494,0.2286167886311458
3,1,1,3,0,3.6783187346309174,0.032424832565368635,8.569437995545904,0.003897584963079399,7.855160725533266,17.18111635043242,0.29642890337835487,77.79988082826729,14848624059.608807,0.0,0.16221386887737077,0.22863045535815363,0.23581331288407648,0.14397400519294887,417880.19805725117,0.027803959266681673,0.1607737543701575,0.026658431859923823,0.22863045535815363,0.5089742167048014,1.0,0.22863045535815363
3,1,1,3,0,3.6783187346309174,0.032424832565368635,8.569437995545904,0.003897584963079399,7.855160725533266,17.18111635043242,0.29642890337835487,77.79988082826729,14848624059.608807,0.0,0.16221386887737077,0.22863045535815363,0.23581331288407648,0.14397400519294887,417880.19805725117,0.027803959266681673,0.1607737543701575,0.026658431859923823,0.22863045535815363,0.5089742167048014,1.0,0.22863045535815363
3,1,1,2,1,2.424032256522836,0.07317449841044942,6.478745901192924,0.02768990111796665,3.0234720847621523,9.26293303274132,0.21528256701163404,108.01867411337949,12648464184.018076,0.0012160119629497407,0.21564069374458184,0.2286356221928419,0.1932917384572193,0.15831844585546828,3826234.2064291616,0.01868084807790704,0.10148927058347157,0.018352916341580233,0.2286356221928419,0.4564578308543773,1.0,0.2286356221928419
3,1,1,2,1,2.424032256522836,0.07317449841044942,6.478745901192924,0.02768990111796665,3.0234720847621523,9.26293303274132,0.21528256701163404,108.01867411337949,12648464184.018076,0.0012160119629497407,0.21564069374458184,0.2286356221928419,0.1932917384572193,0.15831844585546828,3826234.2064291616,0.01868084807790704,0.10148927058347157,0.018352916341580233,0.2286356221928419,0.4564578308543773,1.0,0.2286356221928419
3,1,1,0,1,2.1428227290111983,0.08525990269063069,5.460409832708684,0.01568932266033587,4.4423781657955494,9.92664041183843,0.15557719727135058,114.2845779431848,13130914320.4859,0.0,0.19992319411000273,0.2286467088256167,0.20426990067164535,0.1577515047505007,3674524.147871381,0.02086309616020193,0.1183797626934604,0.020442595095691213,0.2286467088256167,0.38019911981540194,1.0,0.2286467088256167
5,2,1,1,1,1.981186470698282,0.06919341272584666,8.497231459313078,0.052989114503938534,6.788595456774326,2.5556017786654253,0.7701272703813159,79.38425570754542,13898361638.64827,0.0013759078643477295,0.17754523747758028,0.2286719354596476,0.22208946789583206,0.1605373749488778,3039590.4037418286,0.02466186587512691,0.14181543626245074,0.023707325675799463,0.3654593814577462,0.47425777566429295,1.5981820450469608,0.2286719354596476
3,1,0,2,0,1.2302958221176195,0.06369105909160228,4.170570507031865,0.014518451420633918,3.430514032945928,8.021248509277857,0.5521457586104562,128.40372861637124,10875989831.149433,0.0,0.227820200293398,0.22884477498945152,0.18517764440957143,0.15531577812236544,4446350.14450288,0.01714537999453884,0.09741522078323905,0.01691556067658361,0.01767049087340431,0.36298996756633745,0.07721605561769466,0.22884477498945152
5,2,1,1,1,3.635384174898388,0.020172704464195126,5.9528958401071055,0.004061255130330315,8.42379029512245,15.475430463747703,0.6938048842952287,121.966615151765,11956041552.431496,0.0,0.11261690894256149,0.22892204267294336,0.25047675770374417,0.17185843064509446,774409.9587984681,0.03136930307489009,0.17634976047776485,0.03021314194714644,1.0,0.38356769512702976,55.4134649212923,0.22892204267294336
3,1,0,2,0,3.571233544256219,0.09917093371027416,4.015876185533651,0.009396838728375899,8.668423982245603,2.22483515772736,0.41646792451617687,127.76224185002208,15605875775.333202,0.0,0.17622110719543327,0.2289489294533261,0.2238467813603892,0.17329991225704902,2713689.8286094414,0.025053690762702946,0.1376353953852094,0.024457935963601015,0.028068552954825847,0.3711831062430234,0.12259744136758652,0.2289489294533261
3,1,0,2,0,3.555134653635953,0.0661402088752878,4.362995214671351,0.018827308098199824,6.7969697207404405,3.13699837930613,0.3604193064774177,127.64638256448308,9617353327.309671,0.0006798303480261229,0.15150944668854555,0.22897403761671217,0.24711545595808487,0.1796466348895481,2009112.4368569355,0.030533024286686094,0.1689915442893999,0.029510053702190037,0.0033603362618972055,0.3719790199471634,0.014675621292585985,0.22897403761671217
3,1,0,2,0,1.8868886697227798,0.08305070466324875,9.242344905250905,0.022476251424353912,1.1270661431289766,13.199707145307302,0.2408606792312353,119.51918937665191,10567098175.98992,0.0012513332821182672,0.23997296651551656,0.22919036163146672,0.17801446063053084,0.156170000098487,5579398.939672883,0.015844574096789407,0.08865112959658916,0.015704927872309118,0.22919036163146672,0.511940732964151,1.0,0.22919036163146672
3,1,0,2,1,2.572052126041257,0.03779883896449507,8.320411834249073,0.01687738705979302,5.68656283759773,1.8628591061026398,0.5722355429028593,119.18524098399023,10211199098.256144,0.0,0.19868073748817927,0.22924671898694282,0.206045307883748,0.16738062454937638,3378052.049703807,0.021227334450454254,0.1149765912841727,0.0208260881008485,0.10291517192009224,0.3612702451326764,0.4489275675345825,0.22924671898694282
3,1,0,2,0,3.647099378009327,0.0959186397986792,2.859675097721927,0.011719220771123137,6.812161169051076,9.925296357375341,0.24882974268688796,102.4392164282709,11921267853.415005,0.0,0.1441358040972296,0.22925658107438907,0.24904682212514548,0.177240861598214,1886791.6618617456,0.031012159805316925,0.17618768145776165,0.029868145768486346,0.22925658107438907,0.38171824994116227,1.0,0.22925658107438907
5,2,1,1,2,4.649105443005712,0.07394923816592054,7.860363198958512,0.010711125345674768,8.642841277523345,17.089623219256236,0.5880645022449887,93.27933585721044,17894199452.882957,0.0,0.16174364571768252,0.2292601154130228,0.23722500600878102,0.15565755181019214,389398.81670134707,0.0281378517379331,0.15677154941392735,0.02706177948340372,0.2292601154130228,0.4340617095442922,1.0,0.2292601154130228
1,0,1,1,2,2.925037622311401,0.005323970408021512,4.559961089613367,0.004289475609122856,3.6215466996387953,19.22461386566285,0.6859470645337847,91.41184132869913,17478736784.520893,0.0,0.1325661493832496,0.22927337805978146,0.24953752117485672,0.17110798061222654,1202365.9530362326,0.03113448723704603,0.1796290646027695,0.030023440262607556,0.2284421331304496,0.33892310791842534,0.9963744376413596,0.22927337805978146
3,1,0,2,0,1.459102459392477,0.03919277975706337,1.321075823417298,0.04903095108016803,2.511596634824939,2.7284871539600815,0.646410200204075,116.37409625050657,10436253440.35949,0.0008065680000510806,0.17804685439507784,0.22948621288328283,0.2227797776477941,0.16635778294798767,2753106.952476327,0.02481541466440029,0.13663585566887293,0.02411508069291274,0.21701005847661897,0.28527648496463814,0.9456344054402551,0.22948621288328283
3,1,0,2,0,2.713040979075257,0.08985611943608221,2.477005974607927,0.01706130139115862,4.525928588023385,1.858558791925823,0.20254150662454865,128.18444993603055,11206447251.219748,0.0,0.1791658522503774,0.22964528996563105,0.2219527233576961,0.17327087302180524,2826585.767001217,0.02463150570294899,0.1360683135849018,0.02406221660604547,0.22964528996563105,0.3752400442061774,1.0,0.22964528996563105
1,0,0,0,2,1.0604047740184694,0.09498042116123274,2.355880707608014,0.013526199458608845,6.559087014818866,2.6617633773360554,0.4359896171820952,61.97193632274775,14993529725.877861,0.0,0.15740503456106264,0.22969234506778602,0.24197491018704811,0.16618033284434938,1714566.9442028145,0.029275928580015,0.16143656089418512,0.02826975743139129,0.3674609274826074,0.3068642087999068,1.5997961419835893,0.22969234506778602
4,2,1,1,0,2.2609118569453206,0.053658106108436826,1.1035502436259996,0.03428531126424059,3.91380758292053,1.4469185080747284,0.5798427007208325,75.95608763490752,11941184633.543535,0.0007493891799682874,0.17060237092329505,0.2299262615697254,0.22978472226539828,0.15999001886805642,2461493.8934210516,0.026400509293293115,0.14507234452863738,0.025547805264528885,0.06782132966499352,0.47596806323257046,0.29496991427587155,0.2299262615697254
3,1,0,2,0,2.078754549054167,0.05197042602405111,9.13758933412752,0.026722311457027637,2.5531847927900833,4.77692271638032,0.6349883153606853,129.40027977075144,9423749251.626093,0.0005597661228735902,0.20000516372224375,0.2299558331649218,0.2053530902648906,0.13217817515622607,1672034.6335395745,0.021084945840670152,0.12043860825971808,0.020397913585479776,0.2299558331649218,0.5199461596541727,1.0,0.2299558331649218
3,1,0,2,0,1.0336499730252275,0.053455759682763844,3.983883217886753,0.021433535237581652,1.3358924344225351,3.7630084693052432,0.6891026958391093,126.74276993655945,11879895353.435192,0.0005847517516094749,0.24711469367073435,0.23006804522589686,0.1744875605934997,0.1450222865566727,5545711.73215759,0.015222954400935115,0.08537996189775465,0.015067741296169775,0.23006804522589686,0.3541090671616827,1.0,0.23006804522589686
3,1,0,2,1,2.846711036664106,0.08131362678859032,2.9237941393347207,0.0014754096945707451,7.747188410172465,10.766956016091216,0.3977159751205583,121.05750896599247,9976006977.71854,0.0,0.17775068719049744,0.23012166550368376,0.2232633948671312,0.1457921141303492,484897.9123496557,0.024923271743798273,0.14444231848538847,0.024169978744068076,0.23012166550368376,0.3409382043657343,1.0,0.23012166550368376
5,1,1,1,1,2.656402663692115,0.09164565848946422,5.070030488247586,0.06068563219584146,8.869797054451134,13.999893346267484,0.07069455428800497,115.98435055249128,13417923856.998537,0.0007195736640878011,0.21083666521466532,0.2301942356780571,0.19843001089046822,0.17061002880079656,4322188.027052087,0.019687234610995665,0.09898256182873677,0.019448168778074756,0.2301942356780571,0.47156219588698933,1.0,0.2301942356780571
5,1,1,1,1,4.267781655924824,0.09454724276157411,1.7864547130626311,0.030877608113786648,1.3934944707148391,12.907592295471494,0.16136282200889673,113.60033685801587,12214964868.094511,0.0007236926710874641,0.19802572497567356,0.2302030207894418,0.20701650152980441,0.17043721122934202,2578550.636192444,0.021427915952819756,0.12339922454021834,0.021052580775187246,0.2302030207894418,0.3491322445041722,1.0,0.2302030207894418
5,1,1,1,1,4.267781655924824,0.09454724276157411,1.7864547130626311,0.030877608113786648,1.3934944707148391,12.907592295471494,0.16136282200889673,113.60033685801587,12214964868.094511,0.0007236926710874641,0.19802572497567356,0.2302030207894418,0.20701650152980441,0.17043721122934202,2578550.636192444,0.021427915952819756,0.12339922454021834,0.021052580775187246,0.2302030207894418,0.3491322445041722,1.0,0.2302030207894418
3,1,0,2,1,2.4110845855014365,0.07224877564052433,0.7058461197647298,0.026819547701316882,0.8549094094567437,6.280166278008259,0.8368156192932004,123.23531641470595,17448361944.33033,0.0005196912071066878,0.18410018889365481,0.23020918891080955,0.21813570034923377,0.16858517878130705,2930815.745875726,0.023791591883425355,0.13535069463785454,0.0232177273491799,0.1865178565639151,0.19877065867546317,0.8102103024053402,0.23020918891080955
3,1,0,2,0,0.9374930155493008,0.051433743824022334,1.8701292637767903,0.06593435947828621,1.0500727687724447,4.889645630965835,0.6133867342163855,97.98592913554124,10819970660.935497,0.00142816968550042,0.23040534573117688,0.23021892345866318,0.18475975930643723,0.15854042723120543,5366872.537901278,0.01706808432948631,0.09549684022371441,0.016898892153817114,0.23021892345866318,0.4214111135022124,1.0,0.23021892345866318
5,1,1,1,1,1.3262035831430814,0.07273831243796439,7.335905703302135,0.06355522767388072,4.14880233208888,1.587856226795368,0.7865714928572608,80.00552240968408,9397010821.690643,0.0013820403545336155,0.18718012058807743,0.23049358070446654,0.2159315837001734,0.1882565915234562,4471495.414694354,0.023313224419632496,0.13171875916805953,0.02294469819971433,0.23049358070446654,0.5470404531907539,1.0,0.23049358070446654
5,1,0,2,0,0.7431356114868354,0.006169356608394817,4.939077123132366,0.01807269418347987,1.9067381393415999,9.97483291371259,0.41533127771930095,126.02193415326411,11212117514.897348,0.0,0.2350259343366973,0.23059271050861355,0.18241567820793034,0.11383246974774512,1472026.9720002639,0.016637739828029595,0.0886856222894753,0.01624786195078919,0.23059271050861355,0.9841444403373915,1.0,0.23059271050861355
5,1,0,2,0,0.7431356114868354,0.006169356608394817,4.939077123132366,0.01807269418347987,1.9067381393415999,9.97483291371259,0.41533127771930095,126.02193415326411,11212117514.897348,0.0,0.2350259343366973,0.23059271050861355,0.18241567820793034,0.11383246974774512,1472026.9720002639,0.016637739828029595,0.0886856222894753,0.01624786195078919,1.0,0.9841444403373915,19.891576238092743,0.23059271050861355
3,1,0,2,0,2.927869844693276,0.07083207785911963,7.286103640978628,0.0223450345104562,7.01756166701496,5.080550361562807,0.0586684359018671,113.2867588658581,13384513983.11,0.0010294592306386555,0.18511696939361014,0.23062311816486217,0.21779343752279517,0.1633989100769223,3128302.334774572,0.023716990713997844,0.13303733715767696,0.02308980033713834,0.23062311816486217,0.42782172341919467,1.0,0.23062311816486217
4,2,1,1,1,3.4284158310572717,0.045738413917294336,2.652331475122962,0.03785278115400697,7.222628959524902,1.9638232786986876,0.8425409574765603,103.84239983702408,13735240247.18423,0.001396911663204291,0.14125513483842272,0.23065631936950898,0.25102165291693423,0.1744249251099046,1818356.2430182693,0.0315059351165749,0.1729972178472997,0.030341531894165757,0.23065631936950898,0.36787562181689343,1.0,0.23065631936950898
3,1,0,2,2,3.936966692983312,0.09189497935589547,7.870277789512036,0.014155009477324471,5.685145665874682,2.7128324225240616,0.40873579743499644,83.71401965020681,16390234680.297575,0.0,0.166004487742633,0.2306907843983777,0.2349235815567568,0.17195392755527913,2269205.719163312,0.027594544585727084,0.1489198637387461,0.02665609853600513,0.2306907843983777,0.369199744674578,1.0,0.2306907843983777
5,2,1,1,1,3.583881669264732,0.015161011029633686,6.88524721347477,0.00843894447255978,8.769059983964308,14.417991771352133,0.7865311068846257,96.09574446012238,14587724674.657938,0.0,0.1941536178821475,0.2309935297199424,0.21069900441379574,0.15027472999922442,289720.9725957522,0.02219703523048236,0.1281760740346709,0.02175824865100027,0.09032901265342011,0.3968950801720609,0.3910456399490298,0.2309935297199424
5,1,0,2,0,1.0501277658958645,0.03325466670218471,5.037964932802897,0.014522369481509072,1.5526875862396574,16.786332938550185,0.5346995228471397,112.79768223287088,12207292591.887173,0.0,0.25988210670544687,0.2311687477784183,0.16828918890171335,0.13757588195024342,4532754.8131609885,0.01416062555059828,0.07676989026350944,0.014023737620392034,0.2311687477784183,0.37239113194381784,1.0,0.2311687477784183
4,2,0,2,0,2.876808413184706,0.028667764161841035,2.2934826230747536,0.013468582369968304,3.455406940839716,3.0757002463750207,0.6612230819233282,124.05835840863203,13323096989.109238,0.0,0.1807463959612452,0.23120733597610058,0.22222820374846786,0.1661686556394859,2523150.809104539,0.024692687270635272,0.13440726007495196,0.023949933385825958,0.1368742954243817,0.39364286662212145,0.5919980646225261,0.23120733597610058
3,1,0,2,0,4.202335089803914,0.09998756032514493,4.309213723853108,0.012813327219566597,9.275283808882572,4.077577045755372,0.0511506463204801,128.9056371192126,10832460654.90185,0.0,0.1693327424904576,0.23122151018245513,0.23235238153331733,0.16888849172379658,2234983.6445108783,0.026993814602102133,0.14617090398782195,0.0260321177853689,0.23122151018245513,0.3988898919402147,1.0,0.23122151018245513
3,1,0,2,0,2.4448884007801115,0.025996324535688887,1.7243057631085092,0.044387490500710475,1.5822707678797863,1.3032893547510582,0.49298380747651727,110.19152121559944,10600483406.052101,0.0008593253974661762,0.2166666923650777,0.23127937124395997,0.19466730916963243,0.16000659661012115,4089861.0497697163,0.01894768062967263,0.10682062072636889,0.01864115800387429,0.23127937124395997,0.35082382100920917,1.0,0.23127937124395997
3,1,0,2,1,3.651536628675362,0.07224512735331845,0.923668063170274,0.016872957177406864,0.9974014800654715,1.6942841266143063,0.503339482023998,125.68375379406312,9361999128.01136,0.0,0.17852426082009798,0.23138694490227657,0.22394410228679223,0.16668227652948692,2416737.642407221,0.02507548047451863,0.1431528532598938,0.02437383962456922,0.23138694490227657,0.17538507932861022,1.0,0.23138694490227657
3,1,0,2,1,3.651536628675362,0.07224512735331845,0.923668063170274,0.016872957177406864,0.9974014800654715,1.6942841266143063,0.503339482023998,125.68375379406312,9361999128.01136,0.0,0.17852426082009798,0.23138694490227657,0.22394410228679223,0.16668227652948692,2416737.642407221,0.02507548047451863,0.1431528532598938,0.02437383962456922,0.23138694490227657,0.17538507932861022,1.0,0.23138694490227657
4,1,1,1,1,1.3616792367972272,0.06734856298823409,8.947019245467185,0.055318815919941464,1.4948989188119821,2.4732075850416204,0.31374870220047124,89.35313981317712,11326297033.211483,0.0007259490046456494,0.21917589625943942,0.23139291007911839,0.19316394976255064,0.153458261492556,4399982.2694493625,0.018656155743934595,0.10323018431607767,0.0182647789622189,0.7502005370691994,0.43219019807170794,3.2421068424814274,0.23139291007911839
4,1,1,1,0,2.8864193447742728,0.05727171125295979,3.719266967533312,0.01212604783285011,5.218435473866686,10.84933090426585,0.4586278853884867,60.521479306617664,10755780690.379303,0.0,0.16010684577432932,0.23145356655714863,0.24105813190793987,0.17411400901154322,1975826.4335402884,0.02905451147947287,0.1620521479261121,0.02801948722258433,1.0,0.39388458782183083,11.070286911842205,0.23145356655714863
4,0,1,1,1,4.750713584362902,0.021705129271538344,4.890439816239301,0.010505495749025654,0.6106743950985226,4.907259719854721,0.29223671221372804,71.39075706100473,11842028221.5198,0.0,0.2208919514053337,0.23147846006360723,0.19357214720601684,0.1567803453423409,2905772.469025304,0.018735088086973925,0.07644399608413355,0.01841642787787301,0.23147846006360723,0.43915063704881213,1.0,0.23147846006360723
3,2,1,1,0,2.4528882461233983,0.06249542037920411,7.750874407976469,0.029131933870935406,3.322920792885229,2.1718088221010827,0.5292286274216049,64.83403022795083,10962373929.119299,0.0013146564358089501,0.18654026481810707,0.23148216151041365,0.21751343174733176,0.16096448760300608,3173992.684674708,0.023656046495250577,0.131335968381448,0.02295139732250798,0.23148216151041365,0.4602646973733737,1.0,0.23148216151041365
3,1,0,2,0,3.6015764367654755,0.04970179739119846,4.17176343724205,0.011785964272697562,6.5609368591121635,2.1050691730255977,0.704866448263835,115.61666457841943,11730999289.942516,0.0,0.16753501662704418,0.23148299006718018,0.23401272872916062,0.17794209926874113,2510106.605043376,0.02738097860363386,0.15308616125061425,0.026633113315242617,0.23148299006718018,0.37366192730740916,1.0,0.23148299006718018
3,1,0,2,0,1.4981215477061143,0.057429408203673246,6.500995736262447,0.010886367972594162,5.920946732245462,11.390951831194975,0.46536257744454457,102.42089590566817,12423779607.188087,0.0,0.2325171113246317,0.2315423779986637,0.18446269355043243,0.15335360174268567,4727931.26918106,0.017013242655940373,0.09626495088030429,0.016802819780685752,0.25163073763930804,0.37324882227854844,1.0867588897301568,0.2315423779986637
3,1,0,2,1,3.7331480511061947,0.07264995331851047,0.9449670656414327,0.017705216618512046,0.9702891978614923,1.7088263640169659,0.5001806629025992,124.51687369880804,9403427119.641308,0.0,0.1851767875944309,0.2315468981297221,0.2185113709675687,0.1634976600567184,2506094.6537161022,0.023873609621063215,0.13596431259662356,0.023205324552589817,0.2315468981297221,0.17053127481310373,1.0,0.2315468981297221
3,1,0,2,0,2.6544046337787974,0.03460691487094037,4.166593844178623,0.016474477502048945,5.040742935376038,2.6363034426727454,0.7140695686930453,111.14661234852534,10061325733.185905,0.0,0.180788571219577,0.23158471069774939,0.2224126400800648,0.1728045483223195,2899965.565735415,0.024733691233692224,0.13729007771185453,0.02412960196691784,0.018158021477587594,0.3798175850983094,0.0784076868584229,0.23158471069774939
3,1,0,2,0,2.6544046337787974,0.03460691487094037,4.166593844178623,0.016474477502048945,5.040742935376038,2.6363034426727454,0.7140695686930453,111.14661234852534,10061325733.185905,0.0,0.180788571219577,0.23158471069774939,0.2224126400800648,0.1728045483223195,2899965.565735415,0.024733691233692224,0.13729007771185453,0.02412960196691784,0.018158021477587594,0.3798175850983094,0.0784076868584229,0.23158471069774939
3,1,0,2,0,2.6582169186284808,0.0346190786403814,4.166694841048268,0.016490449085759713,5.042127605740076,2.634866434294492,0.7141790870334485,111.17614390916906,10063532564.323238,0.0,0.18057035041332853,0.23166202042352366,0.22267559691030253,0.17288654821059846,2892013.100783721,0.024792210729679767,0.13756465003352958,0.024183072313177047,0.23166202042352366,0.37984296764310205,1.0,0.23166202042352366
5,1,1,1,1,0.8486481492187238,0.006107406917134351,7.898374311117865,0.08120016327595306,1.6964708031291236,11.522238279994452,0.8483482197449048,79.86792975119431,9945179654.362885,0.001264845381024142,0.2329047411909424,0.23183348144291688,0.18454777336173414,0.1341673367341439,492495.81670798943,0.017028940326386993,0.09473343984029514,0.01673757791374217,0.23183348144291688,0.9245330168481865,1.0,0.23183348144291688
3,1,0,2,0,4.0525739370596074,0.054920160852275725,1.235246921464577,0.029034324297087903,2.4223427678703042,4.897326910082393,0.6443219584665126,129.26296185252036,9321127036.493176,0.0005705983567796619,0.14783821355541393,0.23185511653812269,0.25151185658977837,0.18028273555852245,1765689.1269130786,0.03162910700261862,0.18193344817818868,0.03054418509064498,0.23185511653812269,0.2225318603778806,1.0,0.23185511653812269
3,1,0,2,0,0.9063435811953248,0.0719181871191166,7.498153320139739,0.007796234090958317,1.8967498665207665,6.121333107357449,0.6110691120077516,122.08850377208111,9238909411.598213,0.0,0.1726910606004364,0.2319030006594538,0.2298719584376625,0.16119404502310214,2392762.2670154767,0.026420558637983222,0.14518468649021454,0.025515340139465024,0.017893533879453933,0.34919914758164095,0.07715956166401801,0.2319030006594538
3,1,0,2,0,4.206422135315338,0.09767211963188832,4.300597170832056,0.01285354010418379,9.21040593263155,3.847860088297598,0.05906756346984097,127.44118815615616,10652835450.7543,0.0,0.168126115313613,0.23204261272123777,0.23426654623578813,0.16974162747351235,2220907.174147881,0.02744040734262233,0.1490191610835343,0.02644934659502524,0.0511700387923373,0.3969844322834757,0.2205200079082455,0.23204261272123777
3,1,0,2,0,4.206422135315338,0.09767211963188832,4.300597170832056,0.01285354010418379,9.21040593263155,3.847860088297598,0.05906756346984097,127.44118815615616,10652835450.7543,0.0,0.168126115313613,0.23204261272123777,0.23426654623578813,0.16974162747351235,2220907.174147881,0.02744040734262233,0.1490191610835343,0.02644934659502524,0.23204261272123777,0.3969844322834757,1.0,0.23204261272123777
3,1,0,2,0,4.206422135315338,0.09767211963188832,4.300597170832056,0.01285354010418379,9.21040593263155,3.847860088297598,0.05906756346984097,127.44118815615616,10652835450.7543,0.0,0.168126115313613,0.23204261272123777,0.23426654623578813,0.16974162747351235,2220907.174147881,0.02744040734262233,0.1490191610835343,0.02644934659502524,0.23204261272123777,0.3969844322834757,1.0,0.23204261272123777
3,1,0,2,0,3.971877067813816,0.0750875907197411,7.040192128434278,0.010911099403890068,4.561261872797524,9.276240008525916,0.2802002353794606,95.75973460226155,9119591158.919643,0.0,0.17160770066565745,0.2320793244292994,0.23114636903789754,0.16883006167015308,2213399.4746319717,0.026714321959701956,0.1445156330121795,0.02585952640542617,0.33736772935199666,0.38830061291748397,1.453674213252772,0.2320793244292994
3,1,0,2,0,4.9076058533803355,0.0751751550982968,2.6776194708673033,0.022403640313058082,2.8223448899062524,11.485091059816554,0.5730440499707614,128.09675019476015,19118813554.035576,0.0007748465936610417,0.1763513760060236,0.2322163190021804,0.22669881265434577,0.1724753648124408,2626137.130334422,0.02569617582944508,0.14554111056903762,0.02503928623793596,0.2322163190021804,0.35904058694751917,1.0,0.2322163190021804
2,2,0,1,0,2.4111669832924876,0.08796273525484608,7.074254480591709,0.004795131017542448,0.576419263897487,4.44093385885683,0.23128589067994643,111.71270758111612,13198407732.322739,0.0,0.20200304029311916,0.232234820896089,0.20587058385637427,0.14010190852914392,300114.5136928615,0.021191348648682214,0.1219143438809851,0.02071650964698108,0.232234820896089,0.4653455647380523,1.0,0.232234820896089
5,2,1,1,1,3.4561318016036373,0.0461356646999962,2.491302821205775,0.03843428442887618,7.300165245971159,2.1673662821741857,0.8161081949778785,103.05014114923475,14044701636.151207,0.0013986819474650235,0.14094227299412027,0.23238166465178564,0.2528851566006607,0.17575318666879225,1788033.6970562832,0.03197545121447034,0.1756679066158907,0.030762958520714773,0.23238166465178564,0.37466718527517406,1.0,0.23238166465178564
5,2,1,1,1,3.4561318016036373,0.0461356646999962,2.491302821205775,0.03843428442887618,7.300165245971159,2.1673662821741857,0.8161081949778785,103.05014114923475,14044701636.151207,0.0013986819474650235,0.14094227299412027,0.23238166465178564,0.2528851566006607,0.17575318666879225,1788033.6970562832,0.03197545121447034,0.1756679066158907,0.030762958520714773,0.23238166465178564,0.37466718527517406,1.0,0.23238166465178564
3,1,0,2,0,1.5323951870446673,0.06223912347115093,4.618677851287326,0.0046684815386988645,4.211962890759758,9.099049574951426,0.5963827367294713,120.08386410453465,9900486862.660976,0.0,0.16466065814880176,0.23249567202294671,0.23758774357571597,0.1721385797893667,2343610.971376136,0.02822396794870008,0.16045906639008312,0.027324197911808297,0.23249567202294671,0.3519581630271916,1.0,0.23249567202294671
2,2,0,1,0,4.0840203338289145,0.09803159818576726,9.288748021499966,0.004448486970571485,4.415699270860363,8.041944562162794,0.08496775996354176,106.54345850174772,17324275282.16204,0.0,0.1648573572434007,0.23263371260551663,0.23770122238196598,0.15632403671498493,277529.43756819837,0.028250935560940424,0.15765018807402986,0.027222120420056995,0.23263371260551663,0.4207910862405935,1.0,0.23263371260551663
2,2,0,1,0,4.0840203338289145,0.09803159818576726,9.288748021499966,0.004448486970571485,4.415699270860363,8.041944562162794,0.08496775996354176,106.54345850174772,17324275282.16204,0.0,0.1648573572434007,0.23263371260551663,0.23770122238196598,0.15632403671498493,277529.43756819837,0.028250935560940424,0.15765018807402986,0.027222120420056995,0.0013796911478310442,0.4207910862405935,0.005930744655958891,0.23263371260551663
2,2,0,1,0,4.0840203338289145,0.09803159818576726,9.288748021499966,0.004448486970571485,4.415699270860363,8.041944562162794,0.08496775996354176,106.54345850174772,17324275282.16204,0.0,0.1648573572434007,0.23263371260551663,0.23770122238196598,0.15632403671498493,277529.43756819837,0.028250935560940424,0.15765018807402986,0.027222120420056995,0.0013796911478310442,0.4207910862405935,0.005930744655958891,0.23263371260551663
2,2,0,1,0,4.0840203338289145,0.09803159818576726,9.288748021499966,0.004448486970571485,4.415699270860363,8.041944562162794,0.08496775996354176,106.54345850174772,17324275282.16204,0.0,0.1648573572434007,0.23263371260551663,0.23770122238196598,0.15632403671498493,277529.43756819837,0.028250935560940424,0.15765018807402986,0.027222120420056995,0.23263371260551663,0.4207910862405935,1.0,0.23263371260551663
3,1,0,2,0,0.9407919696416019,0.06039216750190661,7.248028841213506,0.02885193041301804,3.9851248645018513,4.311183489950042,0.3721387947433552,129.61167497705432,11403841800.723648,0.0005062679967503225,0.19556063942413232,0.23264194339619643,0.21137432944952247,0.13843901898716005,1597985.0146791246,0.022339553575117632,0.12434048454479096,0.02160109254632062,0.12940223826684213,0.47866635028538457,0.5562291836879394,0.23264194339619643
3,1,0,2,0,0.9407919696416019,0.06039216750190661,7.248028841213506,0.02885193041301804,3.9851248645018513,4.311183489950042,0.3721387947433552,129.61167497705432,11403841800.723648,0.0005062679967503225,0.19556063942413232,0.23264194339619643,0.21137432944952247,0.13843901898716005,1597985.0146791246,0.022339553575117632,0.12434048454479096,0.02160109254632062,0.12940223826684213,0.47866635028538457,0.5562291836879394,0.23264194339619643
3,1,0,2,0,3.0638625414479135,0.04918363428944417,5.136544791977538,0.01799125586974238,2.4406352197239394,10.423471248345379,0.11951312248102818,113.54487927157962,13368645767.904415,0.0,0.19996867346661218,0.232743646913755,0.207952447914303,0.1626592692369951,3329207.598102701,0.021622110296775455,0.12268348431437359,0.021096251546990803,0.345927493866057,0.3904046509905894,1.4863026271743656,0.232743646913755
3,1,0,2,0,4.785827349294413,0.08069001935721569,6.782942303050688,0.009995454814355135,9.436106564115795,6.677952244869885,0.0708873446466882,124.76885775936238,11209853867.97022,0.0,0.17210283563288398,0.2327458617461432,0.231423538817555,0.16425840016722276,1762665.6147352725,0.026778427159420196,0.1437182145640442,0.025803709290152108,0.2327458617461432,0.3910028340819295,1.0,0.2327458617461432
3,2,1,1,0,2.449079362997642,0.0626696031228837,7.750623414059894,0.028767702504818395,3.290291356248786,2.1343676809840284,0.528389959729882,64.90229926914283,10959876387.83143,0.0013127096750051612,0.190278702154264,0.23282445635848606,0.21571717364542686,0.16137843182059697,3286309.719306546,0.023266949502785624,0.12962303651774787,0.02260286879151332,0.25230719588277506,0.4604148354372395,1.0836799528237313,0.23282445635848606
3,2,1,1,0,2.4516123652991864,0.06265709540750096,7.771011989548521,0.028903676553750465,3.287143033428387,2.167196125069812,0.5299676240852199,64.8503888374584,10953814250.980019,0.00131308296826185,0.18858700304657122,0.23315954611087927,0.21740873524892013,0.16133443104182454,3225117.139832799,0.023633279081267524,0.131506319207205,0.0229348223021132,0.1236537479741954,0.4612796201411221,0.5303396323965724,0.23315954611087927
3,2,1,1,0,2.4516123652991864,0.06265709540750096,7.771011989548521,0.028903676553750465,3.287143033428387,2.167196125069812,0.5299676240852199,64.8503888374584,10953814250.980019,0.00131308296826185,0.18858700304657122,0.23315954611087927,0.21740873524892013,0.16133443104182454,3225117.139832799,0.023633279081267524,0.131506319207205,0.0229348223021132,0.1236537479741954,0.4612796201411221,0.5303396323965724,0.23315954611087927
5,2,1,1,1,2.874197003312524,0.04905923921953584,4.96237203565084,0.019432855689148543,3.255500119647865,1.9535911614146007,0.16730596338500484,118.65408389080875,15885811240.562078,0.0008280714615100321,0.1774316923491629,0.23330959170683255,0.22659557614357334,0.1736190270279851,1998372.3569415987,0.025672777563918975,0.14958219268042627,0.02502975358664437,0.23330959170683255,0.5284106248362324,1.0,0.23330959170683255
0,1,0,2,0,2.7397187765799202,0.041059947176783594,4.983042267644771,0.014135636512198207,5.824404792942966,12.458184522115648,0.3937425697929456,85.29987424305432,11693723663.798134,0.0,0.13547703237260783,0.23341258399271075,0.2536875985678367,0.18068268520329286,1770569.4232006387,0.03217869883355793,0.18790677299482572,0.031057728362690117,0.23341258399271075,0.4794840985384063,1.0,0.23341258399271075
3,1,0,2,0,1.7962712646616674,0.021391729448525347,6.064765475313088,0.0049518480365531746,5.292666374300915,6.022566564680243,0.841921093970313,85.75084288701728,12303700054.398754,0.0,0.1784105957425832,0.23350285456451675,0.22615065041523513,0.17034742562220148,2791457.811079828,0.025572058341616945,0.14495427591639232,0.02487737824918523,0.23350285456451675,0.3593402167672528,1.0,0.23350285456451675
0,1,1,2,0,1.9828644254309804,0.056220597602274616,7.437142431576882,0.009019992972913804,8.601219617828503,15.866421055978309,0.05851816250208613,103.25470006306087,16456620543.345734,0.0,0.19213320467529216,0.23352292259022173,0.21474965052073217,0.1627289438029607,3144306.037389481,0.0230587061993883,0.1309209238564677,0.022376629888716207,0.23352292259022173,0.453291001535247,1.0,0.23352292259022173
3,1,0,2,0,1.1876912013432641,0.06955496102479675,2.487962912143559,0.030361728882645638,1.664763799877067,2.316285003213959,0.30337593996702455,120.2940204713716,9353844493.8185,0.0008540474714288168,0.2176324480717773,0.23361383274508501,0.19603110994710288,0.15459870520464497,4161690.0483839023,0.01921409803354657,0.10804850925856346,0.01885867801072295,0.23361383274508501,0.35554250698915274,1.0,0.23361383274508501
4,1,0,1,1,4.134169967415189,0.05596914721747804,3.8958450909026867,0.033040081143859416,2.597469243482483,17.16158246988161,0.5003340879347828,82.91471791975587,18142616607.98463,0.0013829500005264714,0.24038184247310956,0.23387385483138365,0.18153791939184588,0.15546577267576434,4718127.579702155,0.016478008088560165,0.09245866217209564,0.016320990782066006,1.0,0.47493707494873755,84.5520798414022,0.23387385483138365
3,2,0,2,0,1.6449373696211358,0.07361397563009328,1.5607103178331703,0.023844711821629384,1.4484832397012215,4.589685034776593,0.400582091932673,116.687907306876,15175812499.61064,0.0005362301338335891,0.21066637141878908,0.23387435088810468,0.20115355768730778,0.16134222992448152,3806593.3119438197,0.020231376885130527,0.11356751921753283,0.01987717326481248,0.23387435088810468,0.33545187814135957,1.0,0.23387435088810468
3,1,0,3,0,4.632403469157791,0.0820618161856794,6.280323630162108,0.012525715206820713,6.277916951418321,11.886652704215091,0.18250412462688262,123.15228510076399,16858722070.096241,0.0,0.16637086750351981,0.23388740622204102,0.23736227428634532,0.16859408742902282,1728247.3556666183,0.028170424627193113,0.16055879240273396,0.027267829249001566,0.23388740622204102,0.40232445672978184,1.0,0.23388740622204102
4,2,0,2,0,1.9921107601410457,0.08389402706027764,5.914792910676271,0.018893490899876925,3.3970290591457504,7.1516098794497145,0.7014491710805001,110.04036761868286,13002630590.711662,0.0005581463290545857,0.21933520661855213,0.2341044650638361,0.19520761718175145,0.16485080698556612,3990339.4679127117,0.019053006902888612,0.10857955575832845,0.018746570874256175,0.2995317294144591,0.3876215768823749,1.2794789254992731,0.2341044650638361
3,1,0,2,1,4.050156941848589,0.09715426379865115,1.4003903821767802,0.006864308600619387,3.8409446046439735,5.437210280047618,0.3153104682236821,124.37579403859095,10205024953.130379,0.0,0.14670921132282067,0.23422751522344248,0.25426671520471167,0.18291146517521958,1936423.8938095695,0.03232578123049698,0.18298115343543386,0.031205822819986722,0.019034368604430682,0.3063840063982151,0.08126444319008701,0.23422751522344248
3,1,0,2,0,1.6529062185274344,0.047732196020669165,5.83600937733121,0.008683607431226719,8.80904655712798,2.8323399639866933,0.6908171260240391,108.1859287483208,10186590605.843273,0.0,0.15615741979284586,0.2342851663775458,0.247508025365013,0.1711534336038623,1151974.1920965374,0.030630111310043964,0.17864611637654848,0.02961443045167974,0.27306505741672643,0.47900879933327034,1.1655243122677585,0.2342851663775458
4,2,1,1,0,0.8493942134382924,0.0707259813226309,2.090539883265634,0.02079978409089774,2.4596198156850675,1.2974633412499033,0.4458501399137385,70.91061727314131,12491915140.838192,0.0008019007734688075,0.1818203069693122,0.2343339685139524,0.22391122014073453,0.16822657344962408,3074168.1085042483,0.025068117252456237,0.14412763326779443,0.02435368446132501,0.2343339685139524,0.508787915690885,1.0,0.2343339685139524
4,2,1,1,0,0.8493942134382924,0.0707259813226309,2.090539883265634,0.02079978409089774,2.4596198156850675,1.2974633412499033,0.4458501399137385,70.91061727314131,12491915140.838192,0.0008019007734688075,0.1818203069693122,0.2343339685139524,0.22391122014073453,0.16822657344962408,3074168.1085042483,0.025068117252456237,0.14412763326779443,0.02435368446132501,0.2343339685139524,0.508787915690885,1.0,0.2343339685139524
4,2,1,1,0,0.8493942134382924,0.0707259813226309,2.090539883265634,0.02079978409089774,2.4596198156850675,1.2974633412499033,0.4458501399137385,70.91061727314131,12491915140.838192,0.0008019007734688075,0.1818203069693122,0.2343339685139524,0.22391122014073453,0.16822657344962408,3074168.1085042483,0.025068117252456237,0.14412763326779443,0.02435368446132501,0.2343339685139524,0.508787915690885,1.0,0.2343339685139524
3,2,1,1,0,3.916030452911458,0.06432416372926426,9.160601988217408,0.042820694157942506,2.3257637936425177,4.150526326448129,0.5725548550043301,71.71503709372443,9542879119.13985,0.0013702030964517493,0.1631510095136054,0.23436948276261832,0.2409703101583184,0.16345256690913293,1701834.766609089,0.029033345188898083,0.16445705628848128,0.027835612372898545,0.4761266343224555,0.5050738449933941,2.0315214622233966,0.23436948276261832
3,1,0,2,0,3.574445243707883,0.021468572319453608,0.42425817188162573,0.021438088940421277,0.2731692184581881,2.8286106817503667,0.5158258304396113,120.04218873884426,13599469168.54937,0.0005261720139672047,0.2155247483434477,0.2344887373296619,0.1981683917073695,0.16024129566315673,4506841.057549798,0.019635355735942717,0.11183056632135624,0.019267572037200354,0.5791219350296616,0.26414097334841136,2.469721751349995,0.2344887373296619
3,1,0,2,0,3.574445243707883,0.021468572319453608,0.42425817188162573,0.021438088940421277,0.2731692184581881,2.8286106817503667,0.5158258304396113,120.04218873884426,13599469168.54937,0.0005261720139672047,0.2155247483434477,0.2344887373296619,0.1981683917073695,0.16024129566315673,4506841.057549798,0.019635355735942717,0.11183056632135624,0.019267572037200354,0.2344887373296619,0.26414097334841136,1.0,0.2344887373296619
3,1,0,2,0,3.574445243707883,0.021468572319453608,0.42425817188162573,0.021438088940421277,0.2731692184581881,2.8286106817503667,0.5158258304396113,120.04218873884426,13599469168.54937,0.0005261720139672047,0.2155247483434477,0.2344887373296619,0.1981683917073695,0.16024129566315673,4506841.057549798,0.019635355735942717,0.11183056632135624,0.019267572037200354,0.2344887373296619,0.26414097334841136,1.0,0.2344887373296619
4,0,0,0,1,0.10309015760607762,0.014734152739461204,5.469587398091258,0.005302312408376478,1.1492625662249234,2.109393331257349,0.49263442076911135,71.8409484707554,14658751787.00885,0.0,0.16634192673349646,0.23450180580397856,0.23838797798886163,0.15797543387996313,505342.58359630255,0.02841441402480899,0.15491786529688545,0.027428298078043915,0.23450180580397856,0.42394786606396323,1.0,0.23450180580397856
3,2,1,1,0,0.9433274686612381,0.02807651726025505,3.117785872797329,0.0284845651275541,9.53604717752523,3.9463057026377677,0.7563993676241149,98.90166172562839,19671172628.076603,0.0005892964414310408,0.19875825840284397,0.23452670075413296,0.21041835691815905,0.1678986312667135,4146189.774746264,0.022137942464068888,0.1270162983415194,0.021617859600460924,0.05821303557921016,0.47770225857504844,0.24821495971257465,0.23452670075413296
1,0,0,3,1,0.7398410640843609,0.09930976898849837,3.745764597652034,0.018374372085796245,0.7705759171080216,2.580442614799131,0.6408394968423261,96.97812742635155,16377242678.14833,0.0,0.19153137822072386,0.23457839424383595,0.21623273945244761,0.14168718783598075,1880912.0671965145,0.02337829880555505,0.1323438038984469,0.022552753625681817,0.23457839424383595,0.35023211376468505,1.0,0.23457839424383595
3,1,0,2,1,2.952252477265859,0.06757696119079386,3.097121744649365,0.013964103120287785,8.251392310490404,1.4748282613000916,0.15353056227176395,83.15927661139473,16373033383.894726,0.0,0.1962263095531923,0.23460004973453635,0.21272547027527008,0.16989245408186515,3309226.3157707197,0.02262606285191741,0.12462580040395221,0.02214613805320953,0.23460004973453635,0.3884300926484415,1.0,0.23460004973453635
3,1,0,2,1,4.491144252760809,0.09647670176618499,3.055690671013499,0.03089031338957179,4.975600350751065,9.462257099962764,0.2247662207553459,102.11012874841576,11634369892.869984,0.0007084369832064249,0.2103408546670549,0.234608728213718,0.2023078747662158,0.14111504304382907,1063574.2292746883,0.02046423809621143,0.10981671240643531,0.020000131226684224,0.234608728213718,0.47495380208462995,1.0,0.234608728213718
2,1,1,2,0,4.415869076586675,0.07158847774997212,4.8436391478379495,0.09871487419495059,1.4873336908209507,3.220304512537136,0.4742171987955868,82.31864757553467,14889956582.032343,0.0012000376931193442,0.21717234312299727,0.23466738621875982,0.19727675924338467,0.1548048573826216,4048898.044873386,0.01945905986878618,0.10903078960165014,0.019099546420524034,0.23466738621875982,0.3962910001386258,1.0,0.23466738621875982
3,1,0,2,0,4.7716332563663935,0.08114483044099245,6.764157046481603,0.009883518297715055,9.447385604826431,6.731275748193226,0.07147193769947945,124.84951868103941,11228900100.151545,0.0,0.17136365126340503,0.23491810010410952,0.23424512064256178,0.1656878188963556,1703370.1250470672,0.027435388272424165,0.1475078781503878,0.026426074746387463,0.23491810010410952,0.390471595916694,1.0,0.23491810010410952
3,1,0,2,0,4.7716332563663935,0.08114483044099245,6.764157046481603,0.009883518297715055,9.447385604826431,6.731275748193226,0.07147193769947945,124.84951868103941,11228900100.151545,0.0,0.17136365126340503,0.23491810010410952,0.23424512064256178,0.1656878188963556,1703370.1250470672,0.027435388272424165,0.1475078781503878,0.026426074746387463,0.23491810010410952,0.390471595916694,1.0,0.23491810010410952
2,2,0,2,0,3.7168396404438333,0.0878546539940616,8.950574464519265,0.0042951149183731024,9.825184322802476,5.344280247633461,0.13208403682213474,70.36030686732728,18019158031.70845,0.0,0.24290034215299613,0.2350070106930887,0.1812300375566402,0.14674867720510285,5810026.335256615,0.016422163256390607,0.08652066479311593,0.016247142345055178,0.2350070106930887,0.36116444533743514,1.0,0.2350070106930887
3,1,0,2,1,4.608173988556489,0.06264489858592301,1.9196174303579465,0.024350938123127712,3.8418501505739115,5.167056626554921,0.054506409511428704,126.2559388288723,10251305881.07599,0.001022714995710406,0.15472178697853306,0.23518717667862513,0.25044745700488347,0.17642412225395165,1562531.5345095103,0.03136196436010648,0.17285954913414558,0.030253106678369307,0.21881525709438,0.3520042603792515,0.9303877030395378,0.23518717667862513
2,1,0,2,1,3.8936259815526233,0.07982905019654227,3.142144434823504,0.07594732472952169,3.172033777694035,1.2305561185299823,0.2251075989361723,80.26545309327962,17946877902.912624,0.0007575145953917478,0.16581626557601464,0.23521516526034802,0.23922399646579368,0.17464571533475215,2389541.676549688,0.028614060242533036,0.16315549268562213,0.027715675016987396,0.23521516526034802,0.36721489055412104,1.0,0.23521516526034802
2,1,0,2,1,3.8936259815526233,0.07982905019654227,3.142144434823504,0.07594732472952169,3.172033777694035,1.2305561185299823,0.2251075989361723,80.26545309327962,17946877902.912624,0.0007575145953917478,0.16581626557601464,0.23521516526034802,0.23922399646579368,0.17464571533475215,2389541.676549688,0.028614060242533036,0.16315549268562213,0.027715675016987396,0.23521516526034802,0.36721489055412104,1.0,0.23521516526034802
3,1,0,2,0,2.2635645421354957,0.05694126575750742,1.304934928373731,0.00838771878132899,1.91418968365524,2.6649104455816377,0.4303091459278774,128.20145559718534,11151500707.23204,0.0,0.16942546686512044,0.2352468912575272,0.23576677028486331,0.17633702648451888,2562049.952309118,0.027792984985277755,0.16046016988176393,0.02700619605659039,0.04600879776704312,0.283007692903119,0.19557664511994258,0.2352468912575272
3,1,1,2,1,2.3807025658869807,0.07378623192730846,6.632614011877577,0.023420973513012804,3.1333513879981854,9.283663449974442,0.23006383220081833,109.42741299075277,12757711409.184324,0.0012252178123101766,0.2145080438891249,0.2353037935160187,0.20005500668525633,0.16427945701889254,3661448.216369809,0.02001100284991898,0.10536897733349948,0.019660713172475374,0.4095990227564452,0.4628207741340767,1.7407242638804337,0.2353037935160187
4,1,0,1,1,3.3872658461149023,0.05511139840529372,1.1746793001525504,0.044037137284933886,1.6948538168769944,6.015842949032803,0.5715283802654461,85.37476652474618,15307304648.743597,0.0012360709838718338,0.17177017890270785,0.23532288951545297,0.23448627080342022,0.19254987624540326,3354037.410401136,0.02749190559764746,0.14391780346148897,0.026860912217553753,1.0,0.5927579798985987,5.953737321827133,0.23532288951545297
5,2,1,1,1,0.533350474079037,0.03667709155606224,6.217659172188661,0.006486006497608038,9.73226932431323,2.148883268212714,0.1414602797157978,119.47709722783893,13200871297.17616,0.0,0.21219554340493446,0.23537636684906285,0.20140159786699974,0.16171917103882957,4454773.175462159,0.020281301811690338,0.11339052739089905,0.019920848300732066,0.23537636684906285,0.36464162646493115,1.0,0.23537636684906285
2,1,1,2,1,3.8901982309542285,0.0800173051562082,3.174798545451935,0.07640420334083133,3.1548034866241568,1.1955824435913833,0.22534197580637355,80.32311610516383,17998239093.164097,0.0007561732742619081,0.1544116813660102,0.23541496369562798,0.25056068455927455,0.17821638773998502,2098402.52904916,0.031390328323406144,0.18132033409058124,0.030260338147889,0.23541496369562798,0.36455105598787735,1.0,0.23541496369562798
3,1,0,0,0,0.5752618298422328,0.03840118756661374,3.5631716112798855,0.03131834967177533,2.3469364565709214,3.1071578936998634,0.701545346606847,126.68316564397952,9480522153.246132,0.0006467754233654163,0.17429730309664743,0.23543809994508075,0.2313846997131368,0.1756073552558901,2692235.2718579266,0.026769439630669245,0.1570523993897852,0.026057388232129115,0.23543809994508075,0.5143995490837496,1.0,0.23543809994508075
1,1,0,2,0,4.691570221229169,0.07896137120501397,2.022382603493757,0.0023243284751525398,1.5466144873767234,2.9110100474999743,0.19332301145748879,128.0054749579312,11701042075.668194,0.0,0.20133588604454247,0.23548510981851173,0.20947638216031725,0.1403563426904491,1356290.7497960755,0.02194017734148764,0.12297801096109484,0.021235809938389975,0.800545425111677,0.3156153840151348,3.3995585781566278,0.23548510981851173
3,1,0,2,0,4.390643972348769,0.08120363446314033,3.5532507981742576,0.020070121129392608,3.2609777305293766,9.381300451961794,0.07884993340420297,113.89588576672271,16659580118.717978,0.0009678062067820313,0.1868264611783203,0.2354860577701952,0.22130229033223847,0.15177449639982574,1223916.9614595987,0.024487351853147182,0.1315739772855079,0.023743118228067333,0.2354860577701952,0.3875704186239728,1.0,0.2354860577701952
2,1,0,2,0,4.271523372998549,0.0802038199163141,2.4966895483843525,0.009835304144968776,5.307148929197355,9.346095958833931,0.09664686805870847,117.46941040644928,12626589926.842413,0.0,0.16740610636641873,0.23551067797236935,0.23803163971499677,0.15490944343908264,430583.6776687752,0.02832953075270501,0.1613409222006622,0.027222314698890412,0.23551067797236935,0.4373137915607885,1.0,0.23551067797236935
5,2,1,1,2,4.628733355438073,0.03343372587281547,4.39007864741598,0.0032116028477243144,9.89585016239774,18.86228403686617,0.6041202259344327,96.86555633898284,16573919105.199455,0.0,0.1404125096081189,0.23554864240691817,0.2561364313081988,0.1695622867862369,656513.6287432547,0.032802935721649815,0.18343807056921557,0.03141188663662529,1.0,0.3885115620529077,36.65395502792708,0.23554864240691817
3,1,1,2,0,4.23256097366416,0.09557601384328679,4.15565303367746,0.02827244174094686,2.878142015852274,7.5711162846411435,0.19359488230766292,111.79900317405966,11735000916.801744,0.0005887811154694459,0.17767147749399625,0.2355577960037481,0.22875874139941743,0.1676081238778923,2413637.1788815954,0.026165280883322768,0.14892817003389403,0.02529518659486363,0.382129284210084,0.3825586910202829,1.622231531678976,0.2355577960037481
3,1,0,2,0,2.025537369619413,0.08627123638564421,7.993292114335331,0.01813251066548796,5.555016157817092,8.374147153224715,0.04344364226303043,111.30727134558246,12443748514.199026,0.0,0.23275744802910442,0.2355590261543934,0.1875994269081181,0.16167525661185478,4699286.416276569,0.01759677248812717,0.09995595320851858,0.017391815605432417,0.2355590261543934,0.3736204596035504,1.0,0.2355590261543934
3,1,0,1,0,0.5217218400434918,0.051287271024514594,8.888225659079207,0.004665410690986998,5.740921745253859,3.690847889773498,0.38692414402310277,109.02717819291338,11069841814.716885,0.0,0.22482041906495506,0.23565553432414751,0.19376966306915794,0.16307472003006848,5643813.624114941,0.018773341162967496,0.08979611165602086,0.01854782353779992,0.23565553432414751,0.33628705961042304,1.0,0.23565553432414751
3,1,0,1,0,1.210689600467028,0.032133460004133176,1.4021472397096277,0.02113408919812843,0.22502727029838202,6.422950243517022,0.5361868730077729,111.85499595452774,15805036449.618277,0.000543950770319629,0.24541879950800044,0.23569922935929077,0.18122833812795122,0.1427490453956511,6980217.355088043,0.01642185527030951,0.06906684671982244,0.016238730553904353,0.23569922935929077,0.3625792639518739,1.0,0.23569922935929077
5,2,1,1,2,2.936654347199294,0.04701879814796953,7.085791278914291,0.009812314958156359,6.438919742440294,18.508345683320634,0.3057606372000396,84.75032554013748,18765439095.967293,0.0,0.18316805195986907,0.23579123681790548,0.22433908673771302,0.16969898548051346,1949701.1678142285,0.025164012919155564,0.14135401910758905,0.024465449882305725,0.23579123681790548,0.4001925985851603,1.0,0.23579123681790548
3,1,0,2,1,4.426683494936562,0.06740018665177787,1.6659206904847026,0.04290220910204502,2.3453997149665846,6.495115804557125,0.42589149571770835,128.83707969753908,9195220794.244339,0.0005588438443416661,0.15065221869983414,0.2358190851945952,0.2548656747751135,0.17440917427652158,1206970.8004298545,0.032478256089286964,0.1882623257934345,0.031287217932282646,0.2358190851945952,0.3299415439447708,1.0,0.2358190851945952
3,1,0,2,1,4.426683494936562,0.06740018665177787,1.6659206904847026,0.04290220910204502,2.3453997149665846,6.495115804557125,0.42589149571770835,128.83707969753908,9195220794.244339,0.0005588438443416661,0.15065221869983414,0.2358190851945952,0.2548656747751135,0.17440917427652158,1206970.8004298545,0.032478256089286964,0.1882623257934345,0.031287217932282646,0.2358190851945952,0.3299415439447708,1.0,0.2358190851945952
5,2,1,1,2,4.31618076402025,0.03459208861773166,2.622542103483293,0.007258132748489461,8.590849583705676,12.885681811191406,0.5640483409263358,103.3246784577623,15884846823.481632,0.0,0.14774066050299994,0.23591976795074493,0.2562406833661964,0.17552824321676244,781096.044609456,0.03282964390598765,0.18173343738057257,0.03150218614959422,1.0,0.3725650913275345,159.68985297935893,0.23591976795074493
3,1,0,2,0,1.7744148881345152,0.06095677535070502,2.5483206935369522,0.017070858113487967,5.779048725112181,3.1198491421942647,0.44467825081465207,123.30048263832616,10261682546.292065,0.0,0.18729284238982793,0.23639909706418363,0.221708161296903,0.17175630073083187,2921217.0410263827,0.024577254392826774,0.13334432351320136,0.023996421852685572,0.003742308245252031,0.36008683075044084,0.015830467593689557,0.23639909706418363
3,1,0,2,0,1.7744148881345152,0.06095677535070502,2.5483206935369522,0.017070858113487967,5.779048725112181,3.1198491421942647,0.44467825081465207,123.30048263832616,10261682546.292065,0.0,0.18729284238982793,0.23639909706418363,0.221708161296903,0.17175630073083187,2921217.0410263827,0.024577254392826774,0.13334432351320136,0.023996421852685572,0.23639909706418363,0.36008683075044084,1.0,0.23639909706418363
5,2,1,1,1,4.559808401521495,0.09200776165011276,3.3703807562785393,0.0034272261208304028,6.693400815844901,17.3178248502928,0.11280286913249303,97.99049358816791,15432914116.303183,0.0,0.15361444108678224,0.23657626255792408,0.25305820504142384,0.16595962866705602,371067.6933681762,0.03201922756939366,0.17646974082637212,0.030794815689593892,0.03286551565952669,0.38293318914124713,0.1389214425157291,0.23657626255792408
5,2,1,1,1,4.559808401521495,0.09200776165011276,3.3703807562785393,0.0034272261208304028,6.693400815844901,17.3178248502928,0.11280286913249303,97.99049358816791,15432914116.303183,0.0,0.15361444108678224,0.23657626255792408,0.25305820504142384,0.16595962866705602,371067.6933681762,0.03201922756939366,0.17646974082637212,0.030794815689593892,0.03286551565952669,0.38293318914124713,0.1389214425157291,0.23657626255792408
4,0,1,3,1,3.454698023207204,0.02469259994636506,2.515171260717929,0.03962265660850841,6.153012347677083,7.912627193325996,0.6922044049603527,110.40425402121342,9090809011.981117,0.0012865815875553357,0.16864800763224835,0.236576815567187,0.23803715396420455,0.16944576254244428,2564555.5847365363,0.02833084333368921,0.15948966352661564,0.027219669510107406,1.0,0.4344991517776035,4.327738086229567,0.236576815567187
3,1,0,2,0,4.272321757938157,0.09189293747332693,3.9856875275653088,0.016786673486195752,4.155394573734029,2.4670188119043424,0.382953430437103,111.84562910928624,12839655829.359413,0.0,0.17247553834986729,0.2368929189260218,0.23495067043434167,0.17234964131651756,2021453.5753378482,0.02760090876877332,0.15281144220900167,0.02673783799631541,0.16574215998327996,0.38949223389196425,0.6996501235017447,0.2368929189260218
3,1,0,2,0,4.272321757938157,0.09189293747332693,3.9856875275653088,0.016786673486195752,4.155394573734029,2.4670188119043424,0.382953430437103,111.84562910928624,12839655829.359413,0.0,0.17247553834986729,0.2368929189260218,0.23495067043434167,0.17234964131651756,2021453.5753378482,0.02760090876877332,0.15281144220900167,0.02673783799631541,0.2368929189260218,0.38949223389196425,1.0,0.2368929189260218
4,1,0,2,1,2.900285345302136,0.053008829387323826,3.41638294913784,0.015876909039679775,3.8012933310561623,10.923552357473122,0.8242971000521723,103.52737478956406,17594191113.34174,0.0,0.17689161835558687,0.23691281924111268,0.23103523154732275,0.17396128902303734,2165126.859661412,0.026688639108062517,0.1468993672243999,0.025897909682814378,0.37669534300819246,0.3822136730697998,1.590016716760351,0.23691281924111268
4,1,0,2,1,1.4831319379482144,0.059835857085367386,0.9462166988294796,0.05418160786003345,0.536648566048575,1.2756613326821697,0.7397689329429125,80.9442305222637,15194240995.146109,0.0007231631368825578,0.2091016936669718,0.2369305188062196,0.2049622287069967,0.16865753106671091,3747354.1966733676,0.021004757598269613,0.11810150652916862,0.020605904731515853,0.2369305188062196,0.19987564259527366,1.0,0.2369305188062196
3,1,0,2,0,1.85280990706671,0.085567496456937,8.497503783415684,0.004421128378868016,5.349470875505176,6.075088364676716,0.17240256530667072,82.61595671791146,14933606793.051258,0.0,0.16550645828427624,0.23694844403626017,0.24158855776090357,0.151872426338174,370551.6553505497,0.02918251562049672,0.16050291531685779,0.02797367075186413,0.1520667439677256,0.4304085610774597,0.6417714392944267,0.23694844403626017
4,2,1,1,0,1.9558568337217621,0.09248542747733357,5.437268868195305,0.02901450495309589,2.2962842250209334,8.025826676955267,0.49238312119323463,94.0538062555689,12098869122.687656,0.00090593522467349,0.2047224913844349,0.23704061326496245,0.2083089318334646,0.16263427124645902,2982159.3391909185,0.0216963055407995,0.12177992704177576,0.02117742033213236,0.23704061326496245,0.4161951201343365,1.0,0.23704061326496245
4,2,1,1,0,2.000951449929471,0.026517012852027594,3.996470064049436,0.062608375213331,8.281712036090386,7.081221941618641,0.7038880869369807,61.94724977001347,10392416514.570173,0.0013856298944326859,0.18212238966253963,0.23706612771981544,0.22662144018008198,0.1698577332136102,2770385.9676059172,0.02567863857464724,0.14111115993233103,0.024959888409555587,0.4799389914801046,0.39658110204929004,2.0244941615924845,0.23706612771981544
3,1,1,3,0,4.328386427894648,0.09989451606652526,5.321063809249084,0.008233939062828583,7.177770264870699,5.874488987237439,0.5113581093968621,106.70984069744917,10132132837.821539,0.0,0.14462565075509654,0.23716165676644316,0.2573369727334762,0.18339893891593237,2007306.6770736212,0.033111158767814945,0.19076778933685568,0.0318123158865642,0.07841397708914753,0.3977678873557898,0.33063513789823806,0.23716165676644316
3,1,0,2,0,4.761452628256003,0.08088839450762882,6.773646765934768,0.009807709619060705,9.451266771984468,6.764855616503298,0.07120740958353491,125.12912031648905,11238742363.274885,0.0,0.17315227937959843,0.23722930793323624,0.23495579290906893,0.16553188466657806,1636618.8677319956,0.027602112310764645,0.14743403752866358,0.026595426676339996,0.23722930793323624,0.3904278788071004,1.0,0.23722930793323624
3,1,0,3,0,3.6872178415666523,0.08955631113683706,2.346454830874492,0.00629970061542778,4.592002068917942,9.402171597169358,0.056594390255007045,127.00556028011783,15321241711.99502,0.0,0.17318776846332246,0.2373497913172559,0.23438570717616633,0.17302973095753132,2048031.7330032962,0.027468329864235794,0.1588648128212774,0.026599473164762938,0.1025937431954049,0.38296799370054346,0.4322470334859995,0.2373497913172559
3,1,0,3,0,3.6872178415666523,0.08955631113683706,2.346454830874492,0.00629970061542778,4.592002068917942,9.402171597169358,0.056594390255007045,127.00556028011783,15321241711.99502,0.0,0.17318776846332246,0.2373497913172559,0.23438570717616633,0.17302973095753132,2048031.7330032962,0.027468329864235794,0.1588648128212774,0.026599473164762938,0.1025937431954049,0.38296799370054346,0.4322470334859995,0.2373497913172559
3,1,0,2,0,1.8246893503378356,0.04421442390872036,5.126242034268806,0.03221438406287688,4.4390146420175505,12.232245195585254,0.7778171588680575,128.31674254373738,13140847157.864006,0.0006752068499043074,0.19438916266974043,0.23755027195186665,0.2165487749396065,0.15051002786002074,1494401.6430672398,0.023446685963922177,0.13546501943641664,0.022735048512773047,0.23755027195186665,0.5374278164771965,1.0,0.23755027195186665
3,0,0,2,0,3.075636212859691,0.019968367625176054,8.744009910956484,0.04049319279165722,2.418361507928823,13.838169755447295,0.7637037589671477,63.282300925654035,10966171124.634653,0.0013990563220728682,0.16830183208386856,0.23763027183146504,0.23910233181467405,0.15917995489746972,330683.20761043095,0.028584962539607243,0.16678670628272962,0.02748947190785418,0.23763027183146504,1.0146189656749949,1.0,0.23763027183146504
3,1,0,2,1,4.034827472957677,0.05907753135054671,4.126777042204622,0.024316518693215723,7.465920877961803,6.463577141594268,0.4935469951315719,64.083471410703,19795681844.270958,0.001482862686971867,0.15904779715777395,0.23763622915490784,0.2487560286239527,0.1771829877509946,2060489.0806095481,0.030939780888380394,0.16788546944132288,0.029847290350847596,0.7644993399732543,0.43317918793329213,3.2170992726656187,0.23763622915490784
3,1,0,2,0,2.119953955535545,0.04901473252395933,2.0505669678024017,0.023953583806008885,2.268946883943345,4.545122861585123,0.5377747904270492,128.25595700457336,10653477612.906979,0.0006452764731968264,0.1897453475955615,0.2377244319905036,0.22079767169460773,0.16953907848234281,2974061.8090314283,0.02437580591287989,0.13461780821252523,0.02378210803944941,0.2377244319905036,0.34141855287480305,1.0,0.2377244319905036
3,2,0,2,1,4.225554004229552,0.04592057873323711,1.8231513527370815,0.012235576022481211,1.8359702163272154,11.2701300514411,0.5937663415057518,118.29931069934898,13925258747.991049,0.0,0.18215771071120823,0.2377971882964812,0.22726857968658712,0.16061434856368076,1709307.9524280813,0.0258255036563793,0.14235647508127713,0.02490961238349658,0.2377971882964812,0.3611504851984927,1.0,0.2377971882964812
5,1,1,1,1,2.4579161648055696,0.09156566824746173,4.970005480052921,0.06761083543389466,8.884659772943793,15.877750076675417,0.06446459247160129,116.07822597133323,13337533716.150408,0.0006472544742845004,0.2251616026342269,0.23784288405169104,0.19481071794401797,0.16784659726220943,4181607.603935879,0.01897560791293186,0.10138332440916753,0.018751607804991827,0.23784288405169104,0.46669848835805344,1.0,0.23784288405169104
3,1,0,2,0,2.7560358852239317,0.05604443214609516,3.103799850701409,0.015566949957540769,4.264611103739451,3.6354913241941254,0.45115297135456034,118.09160078358433,17842002397.800583,0.0,0.1793037271481447,0.23785401076448698,0.2297067087030262,0.1743001699934739,2823598.659076,0.026382586011588466,0.14728096253810352,0.025602102765653344,0.23785401076448698,0.36368262481600305,1.0,0.23785401076448698
3,1,0,3,0,3.6841896503785905,0.08972284853842186,2.371429552615869,0.006393683733807924,4.575084729489705,9.389270838061003,0.05692084254669278,127.02870796635777,15308928331.735447,0.0,0.17417064045569763,0.23806933721920642,0.2341990757858714,0.17278300800283922,2031655.227303842,0.027424603549478167,0.15864758028851356,0.026558876843901114,0.08469047471828833,0.38586286064031927,0.3557386923806493,0.23806933721920642
3,1,0,2,1,4.572661627123126,0.04747869901631851,5.672051905353108,0.011717761851853841,4.342289580692041,9.32097891097797,0.38509908211031524,129.83904476446426,14470171554.095873,0.0,0.1612522109519653,0.23808261869747263,0.24676435647129,0.1699200676367415,1395463.2718393924,0.03044632381234494,0.1698739856544862,0.029282039812437943,0.3017039586086612,0.37965220291018664,1.267223790880892,0.23808261869747263
3,1,0,2,1,3.502936558884494,0.07576475030079302,0.30149120908280097,0.012299612902539675,0.620818553145805,1.321319404130235,0.564272485646699,105.55598460407913,10580593782.044083,0.0,0.18105117330288822,0.23809874957322552,0.22816704033319893,0.17023063601290275,2700371.809836249,0.026030099147205814,0.1499401979716276,0.025223673953333043,0.23809874957322552,0.19705859444109453,1.0,0.23809874957322552
3,1,0,2,0,3.662593114475244,0.04466714526454999,4.439508298326912,0.017508346863842995,4.650581526370735,1.3235824600619508,0.7380740548651316,112.2997865357632,11792689966.554531,0.0,0.17349752497101478,0.23812663580592056,0.23521900582251873,0.17786289444984515,2578759.2251143106,0.02766399035006705,0.15347536274081386,0.02685787661248406,0.23812663580592056,0.382072834387568,1.0,0.23812663580592056
3,1,0,3,0,3.396025457933081,0.08023346441424475,7.237709383880918,0.028485580696790552,4.994641654423418,2.517539908888665,0.21788726139909737,127.06501373111803,13832004242.010515,0.0009421317821545526,0.1998551282506379,0.238174239627193,0.21325233762048557,0.16028961925788357,3245007.99475227,0.022738279750300783,0.12360536786669007,0.022142900696268914,0.238174239627193,0.48000392672268,1.0,0.238174239627193
2,1,0,2,0,2.215189780699999,0.09786561672535532,4.281177076267987,0.03838008048224584,0.8987047579243201,1.0919944239317374,0.21864132152379046,85.35378514875786,16788241386.99917,0.001037314800228533,0.23858129141855863,0.23827323763593752,0.1865560672608661,0.16247323346150214,5905263.353769549,0.017401583115920397,0.09126456701647223,0.01724437776965132,0.23827323763593752,0.3990459329588473,1.0,0.23827323763593752
4,1,0,3,0,4.260859159485344,0.048632745552678824,4.006872148464105,0.012296637321720726,5.125116258604651,9.157397926838698,0.3838473898738375,129.36712113099037,13765090745.27419,0.0,0.13648536690600105,0.23841374555780928,0.2592249166808942,0.17552041886361391,1477135.348304422,0.03359877871410827,0.191367181960875,0.0321994465691105,0.1064444567059647,0.39921460408440146,0.44646946197216897,0.23841374555780928
4,2,0,1,0,1.2698202740015108,0.07772433631540052,0.983145576566914,0.028906805664937904,1.2977728900432388,2.1694013988317096,0.533882098283403,128.2227810874545,19090083384.25635,0.0011567452675249744,0.1989579887935174,0.23842860770695792,0.21417989875485416,0.15679155649569043,3274212.1340013784,0.022936514515319792,0.12470797028018754,0.02222495503412551,1.0,0.338050207711617,6.352881810706872,0.23842860770695792
5,1,0,2,0,0.8031124219627678,0.02856330096453816,4.639327454154707,0.007050938305264167,2.3679266177221834,13.653281293859829,0.2952131780948108,117.55349695865681,11349994876.760342,0.0,0.21805838634861582,0.23865888790821757,0.19997878057397547,0.15281167787187866,2470405.7305611544,0.019995756339927118,0.11411597463020728,0.01953223839260567,1.0,0.3458999663193865,119.79115128527272,0.23865888790821757
3,1,0,2,0,4.199768728404122,0.09995102997570289,4.277255741108804,0.012761445421032566,9.325649100149786,4.042917668708648,0.05126430036905799,128.92370653594296,10817252603.108658,0.0,0.17345183101418193,0.2388295840687333,0.23611200953136077,0.17082003549219132,2193831.265106278,0.027874440522468697,0.15171022985453642,0.02684407418793421,0.026745099646964515,0.40013306190862824,0.11198403142245343,0.2388295840687333
3,1,0,2,0,2.7277619689594044,0.02744773466056861,3.0057571069926867,0.03557918958243599,3.5134187183895365,2.466835135947062,0.5918742816372418,120.10422154552973,9127757586.685478,0.0005729200566147703,0.1636080530258699,0.23884259580652303,0.24514127013889722,0.1787870767853025,2220612.3636193518,0.03004712116265589,0.16920308448526533,0.028989592443897153,0.23884259580652303,0.3509195914672823,1.0,0.23884259580652303
3,1,0,2,0,2.7277619689594044,0.02744773466056861,3.0057571069926867,0.03557918958243599,3.5134187183895365,2.466835135947062,0.5918742816372418,120.10422154552973,9127757586.685478,0.0005729200566147703,0.1636080530258699,0.23884259580652303,0.24514127013889722,0.1787870767853025,2220612.3636193518,0.03004712116265589,0.16920308448526533,0.028989592443897153,0.04970524848628615,0.3509195914672823,0.20810881040059712,0.23884259580652303
3,1,0,2,0,2.7277619689594044,0.02744773466056861,3.0057571069926867,0.03557918958243599,3.5134187183895365,2.466835135947062,0.5918742816372418,120.10422154552973,9127757586.685478,0.0005729200566147703,0.1636080530258699,0.23884259580652303,0.24514127013889722,0.1787870767853025,2220612.3636193518,0.03004712116265589,0.16920308448526533,0.028989592443897153,0.23884259580652303,0.3509195914672823,1.0,0.23884259580652303
1,0,1,0,1,0.3158321890975152,0.041565807821631134,6.916791721441837,0.03541054574264776,6.333299159707187,1.1596133618826518,0.4143416954416208,114.0316288304906,10269521017.877499,0.0005161776337553167,0.17510523432032382,0.2389076435949319,0.23466346332787347,0.16170235170100167,1666088.9977037834,0.027533470510516106,0.15019615890959737,0.026598581134966007,0.2389076435949319,0.3968046197080383,1.0,0.2389076435949319
5,2,1,1,1,3.360110510625384,0.04349643559525057,2.5306461452512643,0.03893846724987297,7.146219139121751,1.6128353070812496,0.8165578365153873,105.5956100486157,14028853658.1491,0.0014116086670691455,0.14511615139681983,0.23894081706146356,0.2595692416650366,0.17990477167543686,1800503.479159381,0.03368809560928108,0.18733498591754816,0.032358969070829656,1.0,0.3706529320997523,11.052201871221765,0.23894081706146356
5,2,1,1,1,3.360110510625384,0.04349643559525057,2.5306461452512643,0.03893846724987297,7.146219139121751,1.6128353070812496,0.8165578365153873,105.5956100486157,14028853658.1491,0.0014116086670691455,0.14511615139681983,0.23894081706146356,0.2595692416650366,0.17990477167543686,1800503.479159381,0.03368809560928108,0.18733498591754816,0.032358969070829656,0.23894081706146356,0.3706529320997523,1.0,0.23894081706146356
4,2,1,1,0,1.6792449935016276,0.06958310031026811,2.4449701855872266,0.03079141737979931,6.161459625746629,3.7600069200818265,0.3146174168296742,78.64707805779784,13301462316.464493,0.0007218994119336825,0.1984606373840065,0.23922079475927444,0.21487220320913664,0.14953399133422146,1906056.4402731492,0.023085031855974252,0.13320383603486807,0.02237820753811283,0.23922079475927444,0.5005870211722522,1.0,0.23922079475927444
4,2,1,1,0,1.6792449935016276,0.06958310031026811,2.4449701855872266,0.03079141737979931,6.161459625746629,3.7600069200818265,0.3146174168296742,78.64707805779784,13301462316.464493,0.0007218994119336825,0.1984606373840065,0.23922079475927444,0.21487220320913664,0.14953399133422146,1906056.4402731492,0.023085031855974252,0.13320383603486807,0.02237820753811283,0.23922079475927444,0.5005870211722522,1.0,0.23922079475927444
3,1,0,3,1,3.048770361069325,0.05914506334028358,1.630346219848223,0.03933815151736942,2.3556768704552735,1.6658051372827762,0.5360069715323506,87.48719003795749,14671514214.139027,0.0005140943206602882,0.15933717844325423,0.23927136058444531,0.24999397958118225,0.17450721385190063,1983590.2984754292,0.031248494913418284,0.1726493148434689,0.030045656158128025,1.0,0.37368707669352436,21.19783748127669,0.23927136058444531
5,1,1,1,1,2.4855258216271667,0.023065296643750715,2.1830715373225167,0.06509228924890843,8.887650635935836,15.833962461809747,0.07576509893285953,116.0692889815522,13294454261.378895,0.000648627019329587,0.20592079432882643,0.2392820363527046,0.21008028843700566,0.13822002030193709,252457.95787464594,0.02206686379488775,0.11149692610095185,0.021578959050115726,0.2392820363527046,1.0849841227304426,1.0,0.2392820363527046
3,1,0,1,0,4.119818579323776,0.05516809672652104,2.5337732207714843,0.02159943812968361,5.124165317561587,6.2579440065608045,0.39288054172600695,119.03201649718318,14166119349.70805,0.0007388415222536214,0.14541902440589233,0.23944651726781932,0.25968418463966403,0.18260282131399633,1711673.6952466592,0.03371793787598356,0.19516224420022243,0.03245786318811485,0.09865779794803395,0.36392367180008156,0.4120243596514117,0.23944651726781932
3,1,0,2,0,3.647099378009327,0.09415826752592193,9.08011238474848,0.011575141511947263,6.1737730218754425,9.925296357375341,0.26721262140143115,103.57777295985571,11921267853.415005,0.0,0.1776439173196197,0.2394912441506618,0.23286437525337603,0.1654692923900757,2073753.697371633,0.027112908631072564,0.1494695758401542,0.02616644915673887,0.27566509088398033,0.37260413112028223,1.1510445480443614,0.2394912441506618
5,0,0,3,0,0.43868262286302057,0.00832344507287817,6.620599167056416,0.005621673643702382,0.46749988925764263,1.4059873519607917,0.6252512306555336,90.17010285850002,9027130798.443321,0.0,0.14693227274992082,0.23951291609217307,0.25940688625615943,0.17592824353624018,601454.7656943649,0.03364596631855802,0.19976301642027272,0.032482343496478376,0.23951291609217307,1.1152391623987539,1.0,0.23951291609217307
3,1,0,2,1,2.7037290681512407,0.05581742492290166,1.3839731279014922,0.037912863796238275,3.804556593967292,3.098280508384237,0.5398663644637425,76.00283679838115,15468177411.117718,0.0006346736086579746,0.1424062386154482,0.23951585189604324,0.26010056477049986,0.1838959979144486,1731902.4984192026,0.03382615189696649,0.19237504630995295,0.03255205630861862,0.063179118557649,0.305872660442148,0.2637784432951459,0.23951585189604324
3,1,0,2,1,2.7037290681512407,0.05581742492290166,1.3839731279014922,0.037912863796238275,3.804556593967292,3.098280508384237,0.5398663644637425,76.00283679838115,15468177411.117718,0.0006346736086579746,0.1424062386154482,0.23951585189604324,0.26010056477049986,0.1838959979144486,1731902.4984192026,0.03382615189696649,0.19237504630995295,0.03255205630861862,0.063179118557649,0.305872660442148,0.2637784432951459,0.23951585189604324
4,0,1,3,1,1.545292985244605,0.007265020601109827,6.630589412517098,0.06664093068798324,6.547748031872038,17.569202415848427,0.6002957270026642,85.93512949416613,9756208308.871063,0.0012866506892261734,0.1665968628060635,0.23952610114232337,0.24284112171547098,0.17416203421818016,843565.3902232085,0.029485905198014094,0.16790848127839453,0.028615536451250326,1.0,0.7772926231894537,27.563425502172652,0.23952610114232337
3,1,0,2,0,1.08325639006044,0.0686203173460919,6.567967464507864,0.024310041079716953,0.8710491952460181,6.400559264419145,0.4620979740853173,129.4670249714362,14794199607.706676,0.0007294379703045081,0.25502840727961473,0.23953415277634804,0.17792631178911747,0.14732646374479122,6669938.144617043,0.01582888621343912,0.07784592251350864,0.015673011531556896,0.04407451913134054,0.4286220350461222,0.1840009811565064,0.23953415277634804
3,1,0,2,0,1.08325639006044,0.0686203173460919,6.567967464507864,0.024310041079716953,0.8710491952460181,6.400559264419145,0.4620979740853173,129.4670249714362,14794199607.706676,0.0007294379703045081,0.25502840727961473,0.23953415277634804,0.17792631178911747,0.14732646374479122,6669938.144617043,0.01582888621343912,0.07784592251350864,0.015673011531556896,0.04407451913134054,0.4286220350461222,0.1840009811565064,0.23953415277634804
5,2,1,1,1,1.058294122262061,0.005732847613187038,7.976109540597749,0.019383204429490524,5.91657850081056,18.26153311143566,0.8460429225576285,107.61463206595008,12444050020.126825,0.0,0.21916411928970503,0.23976705818719854,0.2002560018624797,0.13118421803865007,5047569.941198654,0.02005123314097273,0.11260449889947588,0.01951022387805024,1.0,0.9298345827187507,87.70873339576528,0.23976705818719854
3,1,0,2,0,0.41889567127843585,0.06602375359740399,1.4984251538095914,0.04311062839116287,1.335937588543825,4.108931713325942,0.30814741203335616,129.1016086079413,10339574047.221775,0.0008780074838598092,0.19264941315124828,0.2398542968624657,0.22004035257813756,0.1654237377319348,2164923.1554437233,0.024208878381355544,0.14043585886205723,0.02359236573250008,0.2398542968624657,0.549783360622541,1.0,0.2398542968624657
3,1,0,2,0,0.41889567127843585,0.06602375359740399,1.4984251538095914,0.04311062839116287,1.335937588543825,4.108931713325942,0.30814741203335616,129.1016086079413,10339574047.221775,0.0008780074838598092,0.19264941315124828,0.2398542968624657,0.22004035257813756,0.1654237377319348,2164923.1554437233,0.024208878381355544,0.14043585886205723,0.02359236573250008,0.09583775207815284,0.549783360622541,0.399566542404312,0.2398542968624657
5,2,0,2,0,4.944636232990573,0.07289759546842339,6.1800519141344905,0.006559389507555727,9.537009383118855,1.5546659322310818,0.43658456720601957,95.38255274446462,18165873561.84944,0.0,0.1680653091851485,0.2398984212369399,0.24202448192421713,0.17229281523141318,1960678.9711244782,0.02928792492534285,0.1628569611683246,0.028213771438208794,0.2398984212369399,0.40880196187737655,1.0,0.2398984212369399
3,1,0,2,0,2.3135367306668657,0.07945618398672431,4.080252374559449,0.00517192468817601,4.146546702196099,7.985565027228482,0.3963924109748121,123.04096992399279,15493131525.01987,0.0,0.16447477537573518,0.24001932622686725,0.24558087342670826,0.15307838728829826,474841.6275528308,0.030154982696512452,0.16815547649022144,0.02886786226554643,0.567790213302002,0.43628090264645525,2.3656020630827217,0.24001932622686725
3,1,0,2,0,4.767058130733694,0.045533268882858635,2.5146056442402664,0.010323128679710199,7.0491889948533295,12.543839899192797,0.21005734159162176,102.2704031568254,13422018340.757225,0.0,0.1221120969955658,0.24020123186591696,0.2617444467664799,0.17600682371329668,1201311.4378146206,0.03425507770654531,0.19800186758607008,0.032772952227316396,1.0,0.37921552964198735,5.504573308796998,0.24020123186591696
2,0,1,2,2,2.616537604131985,0.05335211112141546,7.580199111286121,0.008646964565163673,1.2983106130541289,18.71659752199925,0.19424856970335536,114.79393195669674,13466856091.042463,0.0,0.2657791776707311,0.2402630491588369,0.17229840597541535,0.1375719164141266,6862790.432452925,0.014843370350834521,0.07456816934843513,0.014682753610617182,1.0,0.37710328633205475,5.224832717475791,0.2402630491588369
3,1,0,2,0,4.650623287766078,0.08297141693598377,8.00988017492686,0.007042759959532302,4.129942682260269,5.476257232085923,0.6928962865465083,98.51926793949269,13314996052.422253,0.0,0.1711673787055943,0.24037916011267974,0.23966963710983424,0.1556969013388229,357576.53210456,0.028720767476179816,0.15803033859312543,0.02756608096161365,0.0362342327823122,0.43078920884190464,0.15073782920835194,0.24037916011267974
3,1,0,0,0,2.087832621369264,0.051793349391434575,9.147630091341355,0.026527534399688867,2.5373944923800043,4.735693261695421,0.6324038365284571,129.62523313704105,9429667814.631838,0.0005564370992492195,0.20758861013960972,0.2405097670309054,0.20930965598794588,0.16185604668303621,3640269.3523209565,0.02190526604489612,0.12184328856041515,0.021425828881507354,0.2405097670309054,0.4147827887129591,1.0,0.2405097670309054
2,1,0,3,0,3.918076463594585,0.0936761326846316,8.259205644800339,0.03439928295054022,2.6997270411091616,6.773563816099184,0.40514272019845265,91.35053207110352,18113664453.48231,0.0006947202374055056,0.1779374325106839,0.24055916166147198,0.23382531635162174,0.16593862946329221,2462986.541086742,0.027337139283467992,0.14727265444725834,0.026434187239961927,1.0,0.4627455304599792,5.658683358559026,0.24055916166147198
3,1,0,3,2,2.3439336302942864,0.0545892320003662,9.164340772783671,0.01858895584651703,5.110894596008999,5.489657287236875,0.7933150018522409,124.61401366708796,11664105248.855274,0.0,0.19026298471915598,0.24063562077723827,0.22290091587203836,0.16922725316812653,3299203.8450117935,0.024842409148296763,0.14071006309150746,0.024164325959782035,0.24063562077723827,0.39922724137610927,1.0,0.24063562077723827
3,1,0,2,0,3.4625922529296824,0.07099027544981207,2.618966510335685,0.029559172546399483,5.048336813093593,1.880291378943322,0.14698393249333996,114.2300858670497,15487367584.006737,0.0006648007838417497,0.16597419704152105,0.24073856844757777,0.24488161876614611,0.17870755047889725,2241219.663178594,0.02998350360476406,0.16665484088691462,0.028990335936687452,0.2852055773208897,0.3556301880415685,1.1847107804954604,0.24073856844757777
3,2,0,0,0,1.2045087469517495,0.06346342808799861,3.9409062523838476,0.01715267836020584,1.9140764757314375,8.02621249905322,0.354970200725466,128.72573185903593,10532962189.2435,0.0,0.24897628489412715,0.24078579139846262,0.18186229905797247,0.159825832876417,5528958.811669638,0.016536947909325708,0.09271528046583344,0.016394668085237228,0.06055915056704545,0.3779724494073944,0.25150632940309,0.24078579139846262
5,2,1,1,1,0.5220165740631065,0.016826903416578883,6.551547432639706,0.020111663864476312,8.140078620745976,11.74700703986416,0.7052872724329499,92.64474410754657,13511912896.911182,0.0013876734336052906,0.21837576782746893,0.24090550673966005,0.20272365301889084,0.14006041320169849,260676.83480820357,0.020548439746661824,0.09812548925742226,0.020074798282415585,0.24090550673966005,0.5329080118672782,1.0,0.24090550673966005
3,1,0,2,0,3.9299603955296787,0.02052589719631564,3.2367605942422597,0.006207008440783868,4.114801805843038,2.510920845289257,0.49438932214483794,99.24446083612162,9593960399.827282,0.0,0.14524522231067338,0.24096899460335056,0.2614549449963433,0.18548189496975853,1852794.551521905,0.03417934413152045,0.19522126068698165,0.03288218606629685,0.029353180528358887,0.3645666082894999,0.12181310121111634,0.24096899460335056
3,1,0,2,0,3.9299603955296787,0.02052589719631564,3.2367605942422597,0.006207008440783868,4.114801805843038,2.510920845289257,0.49438932214483794,99.24446083612162,9593960399.827282,0.0,0.14524522231067338,0.24096899460335056,0.2614549449963433,0.18548189496975853,1852794.551521905,0.03417934413152045,0.19522126068698165,0.03288218606629685,0.24096899460335056,0.3645666082894999,1.0,0.24096899460335056
3,1,0,2,0,3.9299603955296787,0.02052589719631564,3.2367605942422597,0.006207008440783868,4.114801805843038,2.510920845289257,0.49438932214483794,99.24446083612162,9593960399.827282,0.0,0.14524522231067338,0.24096899460335056,0.2614549449963433,0.18548189496975853,1852794.551521905,0.03417934413152045,0.19522126068698165,0.03288218606629685,0.029353180528358887,0.3645666082894999,0.12181310121111634,0.24096899460335056
4,2,0,2,0,3.4627837451840904,0.07223259084029551,6.8224936340111295,0.0036700865015780017,3.0378668313418973,1.8106984278916656,0.6591761067173831,124.17362638221346,11063396990.679724,0.0,0.1938189280392516,0.24103035714751286,0.22072610220958097,0.15833151394105993,1864622.1126182042,0.02436000609831719,0.13115925117610483,0.023742209540656718,1.0,0.3689164108932665,18.264203342575772,0.24103035714751286
3,1,0,2,0,1.7502577654433686,0.0684757078613531,0.6898093824611585,0.01373545451656745,1.1751754414576783,6.901244326989403,0.6207932225278776,115.21559983653817,9071408674.868177,0.0,0.19403917235011897,0.24139249951029296,0.2205788664223656,0.17256080085037528,3049075.8735180493,0.024327518156087906,0.1365602815173741,0.023769533236275404,0.016790702192498244,0.2068426283084985,0.06955767982253439,0.24139249951029296
3,1,0,2,0,1.2152637184263022,0.03193354174524854,1.348386666583317,0.021111694802615856,0.2241227612314077,6.354446707890915,0.5361766863920042,111.76154969660514,15824976791.821558,0.0005448812425970501,0.24770899985540568,0.24143392344044193,0.18476445225678872,0.1473663092174891,7215237.439420786,0.017068951408875578,0.0660076996632517,0.016867919949576926,0.24143392344044193,0.3485071035345944,1.0,0.24143392344044193
3,1,0,2,0,1.2152637184263022,0.03193354174524854,1.348386666583317,0.021111694802615856,0.2241227612314077,6.354446707890915,0.5361766863920042,111.76154969660514,15824976791.821558,0.0005448812425970501,0.24770899985540568,0.24143392344044193,0.18476445225678872,0.1473663092174891,7215237.439420786,0.017068951408875578,0.0660076996632517,0.016867919949576926,0.24143392344044193,0.3485071035345944,1.0,0.24143392344044193
3,1,0,2,1,2.7146769069244296,0.05582157410553424,1.3810980793564378,0.037709845954720086,3.782896809145053,3.081042530370487,0.5413105307065134,75.79767988751628,15472506513.115183,0.0006337861849350947,0.14383391282892927,0.24145387480090164,0.2620679991201894,0.18568293089021773,1722293.5003335974,0.034339818081429795,0.19574778006445404,0.03304433128899105,0.06219379001165313,0.30549547251281733,0.25758041805266935,0.24145387480090164
4,2,1,3,0,2.4034413514469986,0.05269844311043239,5.6015193995047685,0.043201916040494726,2.9697985679297076,1.5260900780811397,0.6147145402840454,82.15533702109575,18040263111.15177,0.0005057948018299262,0.21586881521956172,0.2414643422572358,0.2041155838567322,0.1614049333217302,3857776.255285939,0.02083158578658734,0.11555976534600987,0.020365554365984327,0.2414643422572358,0.43299799153796004,1.0,0.2414643422572358
3,1,0,2,0,4.334592006171806,0.036298866638175074,2.3153142405236897,0.014179934752747366,3.6652404039549236,4.54687668177311,0.07617882756857274,126.63233671804863,11737701610.412224,0.0,0.17938910625432403,0.24160129805489375,0.23321517873744535,0.16620184011142602,1676491.046897669,0.02719465979676929,0.1525004718017282,0.026258504188738364,0.24160129805489375,0.3727070155209281,1.0,0.24160129805489375
1,1,0,1,1,4.444612949074996,0.0820282086701687,8.370962682858067,0.05631278253710946,5.2376158356031395,9.167303838173144,0.553610503358114,71.62888427785707,15507556116.160227,0.0013795345498362757,0.18028285327086407,0.2417020268886167,0.23309040716439824,0.16668994047105384,2486037.0656155273,0.027165568956032476,0.14176658921266772,0.026319484156799546,0.2417020268886167,0.4559743354543193,1.0,0.2417020268886167
3,1,0,3,0,4.642517356680104,0.08207307239192,6.304210736792894,0.012486826602577406,6.276659542659236,11.886374813439556,0.17876293679257166,123.04897901792478,16881707174.770624,0.0,0.12687092459240495,0.24173063052642582,0.2631246342821044,0.18220572595760687,1663909.1773041815,0.0346172865830456,0.20000561655729054,0.03313967720222389,0.24173063052642582,0.4175734395241175,1.0,0.24173063052642582
3,1,0,2,0,1.0278052604148815,0.0678091961746592,1.7910599584530127,0.04201917046831557,0.48447210098542515,5.931729852229219,0.558351732354835,113.94234988179018,12278535322.59064,0.0012990580060780461,0.23166398654014497,0.24185066229050947,0.1937467332538588,0.16688861341184844,5318336.13874454,0.018768898323270958,0.10189199629042112,0.01851466672382744,1.0,0.441491598335487,6.262125517538511,0.24185066229050947
4,0,1,1,1,2.6602379479835965,0.05624047398698681,9.283616825772322,0.06267206582275345,9.175098535400172,13.556972170352017,0.78600254711022,104.64014347058496,14696165253.609615,0.00112841459033657,0.18256040989083472,0.24191941803319544,0.23205279344740534,0.20119530705462288,3717622.020438272,0.026924249473372085,0.12646204613797507,0.026436571335255045,0.24191941803319544,0.5993682494867959,1.0,0.24191941803319544
3,1,0,2,2,3.936966692983312,0.09189497935589547,1.1908123119633438,0.014155009477324471,1.708761588868226,2.7128324225240616,0.40873579743499644,83.16597190925377,16390234680.297575,0.0,0.18298412256787833,0.24195555743752004,0.23030323904888753,0.16687711474667313,2327132.0752199357,0.026519790958204517,0.15041404161552985,0.02558603649800263,0.316455876036585,0.25373328431238557,1.3079091027628207,0.24195555743752004
3,1,1,2,1,2.2854896827651636,0.07310306503023678,6.768306181411957,0.02751413874365607,3.310407327111935,9.018842206979125,0.20929062540797186,114.95699351377979,12927397751.347775,0.0012706716680664582,0.22142401974830672,0.241988385268061,0.20077319714832825,0.16468122996164464,3851927.522911174,0.02015493834658074,0.10959376689747213,0.01979473918754261,0.241988385268061,0.4621516081780975,1.0,0.241988385268061
3,1,1,2,1,2.2854896827651636,0.07310306503023678,6.768306181411957,0.02751413874365607,3.310407327111935,9.018842206979125,0.20929062540797186,114.95699351377979,12927397751.347775,0.0012706716680664582,0.22142401974830672,0.241988385268061,0.20077319714832825,0.16468122996164464,3851927.522911174,0.02015493834658074,0.10959376689747213,0.01979473918754261,0.241988385268061,0.4621516081780975,1.0,0.241988385268061
5,2,1,1,1,1.0997972714227984,0.07300914053899626,7.455762187913542,0.06350234050175244,3.8082031058412458,1.4593666815884978,0.7449942820655018,79.151713736332,9460350459.996296,0.0013308273110963745,0.21949385272911165,0.24203172700340392,0.20194100901203652,0.16399499930805522,4777696.900061989,0.020390085560399708,0.11485574500479556,0.019925179360243933,0.24203172700340392,0.4579307798133977,1.0,0.24203172700340392
3,1,0,2,0,0.6529840494394267,0.028415926716419175,8.09361376897493,0.008179122283390256,3.2281946260021335,2.1152452955350767,0.7303857936598337,105.69111463984042,11418466658.650759,0.0,0.16590465982812574,0.24203688730773718,0.24595213758581652,0.17280248769507317,2321654.016335221,0.03024622699151621,0.1738595728068031,0.029124607418925565,0.030828376804149082,0.34916560384819273,0.12737057209363473,0.24203688730773718
3,1,1,2,2,2.605185400432448,0.09042688862311227,2.9069227132058897,0.01205415548628002,0.7213565239399176,4.979955163851025,0.10736191933477533,123.25724249337597,12243209573.218645,0.0,0.22177318360265558,0.24205135440292988,0.20026521543141365,0.13912574221310384,292072.8905750983,0.020053078255895262,0.11487587176095904,0.01964577407564219,0.24205135440292988,0.45527317107543697,1.0,0.24205135440292988
3,1,0,2,2,2.663619684079652,0.08388495725745883,6.137464044497222,0.01871140013862026,4.649663498974011,5.846929725422996,0.7247954051986513,122.88832654468283,11849079794.084572,0.0,0.18619655508996508,0.24207539732624037,0.22786244856771914,0.17545988485236189,2892495.2438340047,0.025960647733638226,0.1433620093263922,0.025271000232696673,0.24207539732624037,0.37615343478202806,1.0,0.24207539732624037
3,1,0,2,0,0.6197149585835506,0.05152787744024942,7.676732772927675,0.023633600433026685,4.024589967801264,14.319283892008533,0.6960535393199907,126.51702720564788,9204418103.3154,0.0005889245413829465,0.2071255526622166,0.24213900978461264,0.21086576687586758,0.14169444275128176,1442064.5105885388,0.022232185820073865,0.12794415240196777,0.021544863552731747,0.24213900978461264,0.5113223554047307,1.0,0.24213900978461264
3,1,0,2,0,2.3554633281231765,0.05466539431113327,9.174373011804501,0.018304997657940938,5.131613706233973,5.519434842786731,0.7966729788151973,124.37758766035968,11716140576.071365,0.0,0.20466010050700698,0.24223683419757736,0.21311041241356993,0.171878178991628,3432206.634294816,0.02270802393954093,0.12528093102201043,0.022254693305918664,0.049392233714255857,0.35624694568372706,0.20390059124521795,0.24223683419757736
3,1,0,3,0,4.633598986975416,0.08206562034314677,6.279613187677429,0.012523609938912921,6.277007371087973,11.883411654092988,0.18249690151297493,123.1563768688632,16855986003.68903,0.0,0.1280314809848484,0.242250497718368,0.2636182369162003,0.18225936681445518,1649639.166887613,0.03474728741740295,0.20072115838970384,0.03325826147965539,0.242250497718368,0.41267544926776445,1.0,0.242250497718368
3,1,0,3,0,4.633598986975416,0.08206562034314677,6.279613187677429,0.012523609938912921,6.277007371087973,11.883411654092988,0.18249690151297493,123.1563768688632,16855986003.68903,0.0,0.1280314809848484,0.242250497718368,0.2636182369162003,0.18225936681445518,1649639.166887613,0.03474728741740295,0.20072115838970384,0.03325826147965539,0.010910341683954845,0.41267544926776445,0.04503743763878177,0.242250497718368
3,1,0,3,0,4.633598986975416,0.08206562034314677,6.279613187677429,0.012523609938912921,6.277007371087973,11.883411654092988,0.18249690151297493,123.1563768688632,16855986003.68903,0.0,0.1280314809848484,0.242250497718368,0.2636182369162003,0.18225936681445518,1649639.166887613,0.03474728741740295,0.20072115838970384,0.03325826147965539,0.242250497718368,0.41267544926776445,1.0,0.242250497718368
3,1,0,2,0,2.0072715697931356,0.06606250068755021,7.931595940705697,0.004755814660356458,9.115384302743665,4.564228700102269,0.7350155729587884,107.42581460823943,9355773313.528193,0.0,0.18230196086433792,0.24229200333716808,0.23126238915603523,0.17652076162548674,2793773.7233203817,0.02674114631907874,0.15085866436332707,0.02603388084430371,0.03728102342948527,0.35791165040734924,0.15386815460684372,0.24229200333716808
3,1,0,2,0,2.0072715697931356,0.06606250068755021,7.931595940705697,0.004755814660356458,9.115384302743665,4.564228700102269,0.7350155729587884,107.42581460823943,9355773313.528193,0.0,0.18230196086433792,0.24229200333716808,0.23126238915603523,0.17652076162548674,2793773.7233203817,0.02674114631907874,0.15085866436332707,0.02603388084430371,0.03728102342948527,0.35791165040734924,0.15386815460684372,0.24229200333716808
4,2,0,2,0,2.8147449572800216,0.05759999064467707,7.954272318974487,0.025560122957480547,4.582187823299558,1.4954538756326339,0.7993874187963752,117.30385714409883,12209454733.510174,0.0007347883424784827,0.18458833538291539,0.24232212198019396,0.22923836153147364,0.17010054440901823,3061018.889080426,0.026275113198817306,0.1494992719157464,0.025287113738637058,0.24232212198019396,0.41269606169700135,1.0,0.24232212198019396
4,2,0,2,0,2.8147449572800216,0.05759999064467707,7.954272318974487,0.025560122957480547,4.582187823299558,1.4954538756326339,0.7993874187963752,117.30385714409883,12209454733.510174,0.0007347883424784827,0.18458833538291539,0.24232212198019396,0.22923836153147364,0.17010054440901823,3061018.889080426,0.026275113198817306,0.1494992719157464,0.025287113738637058,0.34956187682875267,0.41269606169700135,1.4425504117091046,0.24232212198019396
3,1,0,2,0,3.248808638503312,0.09917290681021385,7.861628252791466,0.021137114551642446,0.37549524211429597,6.009356576743599,0.04738176226697893,98.20117532241125,11494440874.608076,0.0010367018703652511,0.19255108176847516,0.24232966153068652,0.22669413976971606,0.17985839584708008,5004602.823143897,0.025695116502965777,0.06961750813114376,0.02505645368378875,0.24232966153068652,0.47159018365351757,1.0,0.24232966153068652
3,1,0,2,2,2.353108794930779,0.054635776891779335,9.164093009506159,0.018293256536593132,5.132375841853507,5.526308439843482,0.7958511452817123,124.41505159341665,11712193284.19928,0.0,0.2047721585568232,0.24234739730128804,0.21312224772433436,0.17193310116611493,3434541.460604878,0.02271054623753627,0.12531730139166286,0.022257168849779897,0.24234739730128804,0.35592660843861085,1.0,0.24234739730128804
2,1,0,2,0,1.787963481953421,0.0950648008000659,1.4646533186136004,0.048611331290923925,2.5447136516213558,2.522434671480788,0.19578423114087964,65.73427256814163,13697174494.533287,0.0013398036796669179,0.1987489229391471,0.24237530672677113,0.21791491010417208,0.15939510699621565,3075006.645598002,0.0237434540228547,0.1294592650301294,0.022993764921752795,0.24237530672677113,0.3506846781033313,1.0,0.24237530672677113
5,2,1,3,2,0.8380244245931454,0.07009715007270831,4.608796423322643,0.007201216484586131,2.82708342418364,5.483471375252773,0.0867225988663678,118.16312737059206,19622335454.180504,0.0,0.2239004756975045,0.24243822336516527,0.1994877466851599,0.1256763535534806,812955.5717168687,0.019897680538761262,0.1073903493668188,0.019298807205401898,0.24243822336516527,0.4525171476367014,1.0,0.24243822336516527
4,1,0,2,0,4.549320422989501,0.06181199936982881,3.659564977048276,0.05729640002201174,8.88230552101944,1.2113648302907505,0.0844463147334805,104.39279271912632,9785297039.271519,0.0012421393208833008,0.16179809403612422,0.24248404202363513,0.2504880388064373,0.17806336634104528,1892981.7863682674,0.03137212879254761,0.17966007269052975,0.030171768429074028,0.12241307157000603,0.3917412798427699,0.5048293922701698,0.24248404202363513
4,1,0,2,0,4.549320422989501,0.06181199936982881,3.659564977048276,0.05729640002201174,8.88230552101944,1.2113648302907505,0.0844463147334805,104.39279271912632,9785297039.271519,0.0012421393208833008,0.16179809403612422,0.24248404202363513,0.2504880388064373,0.17806336634104528,1892981.7863682674,0.03137212879254761,0.17966007269052975,0.030171768429074028,0.24248404202363513,0.3917412798427699,1.0,0.24248404202363513
3,2,1,1,1,2.422350250590744,0.061480565237679495,1.1865719303007827,0.03138812976730667,1.4667840948988327,2.087827718336662,0.5573660926537327,65.99948775608408,10909222524.529404,0.001354411108344671,0.17172342820314745,0.24252000994550896,0.24195481936437188,0.19671967009177052,3522698.6114157075,0.029271067306822916,0.14839962762481929,0.028476107779415397,0.7326406458187548,0.5841432189642872,3.0209492651075243,0.24252000994550896
3,1,0,2,1,2.7340373553232022,0.09423796675604473,1.1463919767968798,0.04077566494525792,1.5263094929570533,2.1961459361451294,0.4540905595166249,128.82922584900302,19811213307.463646,0.0009532263617000101,0.18754639078868016,0.24254540783778242,0.22713519321880304,0.17246828868634467,2714493.5178535553,0.025795197999271494,0.14286059959050468,0.0250846754497948,0.09020819557325184,0.25223596843632606,0.37192291693926555,0.24254540783778242
3,1,0,2,0,3.1864825908443777,0.04239359065306569,3.248540197389052,0.004598823909864363,5.9361353953267875,5.099258145490805,0.33307339767909144,114.28063530337424,9672770323.89273,0.0,0.13819493238543762,0.2425847727560423,0.2636194452300166,0.18373955494615832,1732164.9158005835,0.034747605951690866,0.19722234787343484,0.033400333256981225,0.0011757753252723934,0.3600389469764872,0.0048468636836279215,0.2425847727560423
2,1,0,1,0,0.11587989240252076,0.07113379276532616,8.13047606645661,0.009579518873370364,9.024232782419977,5.023441356596359,0.21651573371388982,83.92457867965577,15670731017.175858,0.0,0.16640684638925418,0.24261762177272636,0.2460709422833958,0.17089263921372924,1077710.9928409157,0.030275454318119153,0.17362869891952315,0.029268880779036065,0.24261762177272636,0.43267862921838257,1.0,0.24261762177272636
5,2,1,1,1,2.5131980432574443,0.03182347295761706,4.998145940649479,0.017022920114073,8.391904322072453,3.016421646269528,0.8362081558123393,118.9215167967671,14422105887.163433,0.0,0.18436427887632745,0.24267581832620153,0.23020640994685757,0.1712713930083564,2614705.783123474,0.02649749559031032,0.14261769966075544,0.02569182687643752,0.24267581832620153,0.39670346416106456,1.0,0.24267581832620153
3,1,0,2,0,4.301469176677366,0.03748891088027687,2.203774074484973,0.013811436511054216,3.884817167698348,5.749422483925105,0.053494237680993525,126.78248881947968,11756306863.14355,0.0,0.1799670590911262,0.24269465107572155,0.23374462049165354,0.16572756481206916,1823395.0497293484,0.027318273804393566,0.1533990922303886,0.02630241634283699,0.24269465107572155,0.38130517814759096,1.0,0.24269465107572155
4,2,0,2,0,2.393418926912783,0.07619954512232564,9.266315112919486,0.016672886288125015,5.668983888724551,3.1624421414893615,0.529253145016468,114.17952297107358,18544755252.84684,0.0,0.22258354942036634,0.24286964111884357,0.20072385804715256,0.15787505179927838,3287958.898945666,0.02014503359466673,0.10941137545751112,0.01972972322267886,0.24286964111884357,0.3877136320018827,1.0,0.24286964111884357
3,1,0,2,0,4.944218441115262,0.07826976411371114,5.647431046814751,0.01659165581552162,2.2528175143645206,8.588709664201582,0.05173104202226193,129.1552281651584,13859250798.604786,0.0,0.21767422249348323,0.24302327053793266,0.20400059619776573,0.14201887999512647,2528470.9624334862,0.020808121624521933,0.11854671681356499,0.02010097804516453,0.24302327053793266,0.39699676947303614,1.0,0.24302327053793266
1,1,0,2,0,1.7746422269663873,0.0783594664865804,6.446883121180201,0.052030146994959614,6.931260780203468,6.92290565071473,0.08933170163130842,73.54816666849999,13832566445.144735,0.0014992489341664973,0.20509355503516039,0.24316050070494602,0.2140549492241058,0.15668035215967188,3257160.3724765102,0.022909760643667256,0.11807790906044147,0.022323843083665477,0.24316050070494602,0.4344813885426954,1.0,0.24316050070494602
3,1,0,0,0,4.287710305339022,0.07828699029682923,4.595216083774091,0.009992113015260077,7.990246563085563,13.7483253066104,0.12366229834973547,129.0393473759907,11210386572.602806,0.0,0.1210244055259409,0.2432219898740485,0.2651918232523424,0.1748350536141669,1538982.5709096952,0.03516335155995081,0.19999104510525711,0.033583882448455143,0.31638093806423323,0.38006903344032583,1.3007908463707158,0.2432219898740485
3,1,0,0,0,3.406360409886305,0.056867919297664236,8.864492866049567,0.026766675036224853,5.384522365665891,4.3756574649127575,0.35098929881996116,116.49307476912963,11499753532.399261,0.0007537142831796723,0.16447637388453612,0.24323824921494916,0.24859768170481922,0.1777707500609837,2361562.5318840235,0.030900403674505306,0.17694993200958198,0.02972990966056365,0.24323824921494916,0.4195309327448692,1.0,0.24323824921494916
3,1,0,0,0,3.406360409886305,0.056867919297664236,8.864492866049567,0.026766675036224853,5.384522365665891,4.3756574649127575,0.35098929881996116,116.49307476912963,11499753532.399261,0.0007537142831796723,0.16447637388453612,0.24323824921494916,0.24859768170481922,0.1777707500609837,2361562.5318840235,0.030900403674505306,0.17694993200958198,0.02972990966056365,0.24323824921494916,0.4195309327448692,1.0,0.24323824921494916
4,1,1,1,1,0.4165524695404378,0.05961004997620245,8.668536265815497,0.040728917140849134,3.475552376173771,1.084975777752758,0.48465577845367164,98.40734433764192,10548699581.049473,0.0007861325052568188,0.22341785817819373,0.2432895983527278,0.20038634666526065,0.1748882757719469,5377516.090997998,0.02007734396492501,0.11116393949185954,0.019864241898100748,0.07568455446098991,0.5154061508137837,0.31108832836848377,0.2432895983527278
3,1,0,2,0,3.903329786421601,0.02585767613805179,6.9006050792828555,0.013708127967182973,5.51686037930908,5.431945618473538,0.595119037853957,99.45761838988626,9494499303.620733,0.0,0.17478474659651122,0.24331558376248638,0.23936319826793961,0.17255034373790964,1784271.3947092488,0.028647370342528487,0.15477870721198095,0.027687598808262163,0.24331558376248638,0.383407937895656,1.0,0.24331558376248638
3,1,0,0,0,4.0941182504696405,0.09044773093126446,3.7753374006885485,0.005846865857253746,7.7029912270625,16.861548827321844,0.13919870293137798,120.40412244421012,13302321034.058235,0.0,0.21967407582736775,0.24334027795709823,0.20284395680387513,0.13775949545385924,1051811.7293872486,0.02057283540592618,0.11747419644787926,0.019974937889323315,0.41100833850501733,0.36594465781431695,1.6890271596446504,0.24334027795709823
3,1,1,2,1,1.2115247148972292,0.052925594577040824,6.988597418140869,0.04898018175831163,4.716809676476983,4.2803363458709285,0.10403563590387302,117.75825234565394,14721644359.855549,0.0012584573787971511,0.2162955812464526,0.24336008101994402,0.20523428192669108,0.16045982836583675,4061336.9508613227,0.02106055523898226,0.12069680962435847,0.020538867089355532,1.0,0.4501799748844383,9.90060803526119,0.24336008101994402
3,1,0,2,0,0.48160898295551346,0.06040990740317819,7.592707185917535,0.008786220564260086,2.694118319969645,1.8390493093312088,0.16738535933640977,121.04800677566348,10379184246.873205,0.0,0.16737365011765964,0.24338874621019807,0.24585298572752715,0.16930878984007475,2202889.7599632028,0.030221845295569833,0.17437593049291067,0.0290648741476319,0.24338874621019807,0.35845616560157895,1.0,0.24338874621019807
4,0,1,3,1,3.9750347216546875,0.007599889412720519,9.803467117853133,0.08754532698465149,7.068085873646214,11.676740261711059,0.7240513201297941,71.0407467362933,11794485075.138363,0.0014351617296473143,0.17628024521755525,0.24340047830214684,0.23746475439769535,0.15509524519886622,309249.1899124501,0.028194754790578886,0.16358042012076923,0.02710275302578988,0.24340047830214684,0.9521628669544329,1.0,0.24340047830214684
3,1,0,0,0,3.9954639867228066,0.07548989553937198,4.490316877461906,0.010701294419297288,7.6926277504339575,12.205101524436271,0.12701269189279563,123.26061426252932,10655147639.393894,0.0,0.1441073940566123,0.24341219984833473,0.26411298468747085,0.17655748571664798,1856775.8980202747,0.034877834340262114,0.1993380288828157,0.03332392090687214,0.24341219984833473,0.3785237119108039,1.0,0.24341219984833473
3,1,0,0,0,3.9954639867228066,0.07548989553937198,4.490316877461906,0.010701294419297288,7.6926277504339575,12.205101524436271,0.12701269189279563,123.26061426252932,10655147639.393894,0.0,0.1441073940566123,0.24341219984833473,0.26411298468747085,0.17655748571664798,1856775.8980202747,0.034877834340262114,0.1993380288828157,0.03332392090687214,0.24341219984833473,0.3785237119108039,1.0,0.24341219984833473
3,1,0,2,0,2.032356520695959,0.05288824645294461,9.253464737549807,0.02721995184429842,2.558296922585686,5.094207021342416,0.654624007900134,129.77041201016692,9298167223.883747,0.0005680126606586404,0.19143634313033464,0.24345447448521934,0.2245763856024155,0.17128226131646798,3148231.317422177,0.025217276485122408,0.1423514432211146,0.02443264027136155,0.24345447448521934,0.38898438938310703,1.0,0.24345447448521934
3,1,0,2,0,2.032356520695959,0.05288824645294461,9.253464737549807,0.02721995184429842,2.558296922585686,5.094207021342416,0.654624007900134,129.77041201016692,9298167223.883747,0.0005680126606586404,0.19143634313033464,0.24345447448521934,0.2245763856024155,0.17128226131646798,3148231.317422177,0.025217276485122408,0.1423514432211146,0.02443264027136155,0.24345447448521934,0.38898438938310703,1.0,0.24345447448521934
5,2,0,2,1,3.0284774173363593,0.08835909563780436,1.184064938409066,0.005371499236160053,1.7038657187119668,6.169915455978028,0.48339177818548346,127.94953625803952,12512797520.944359,0.0,0.16148173172069957,0.2434569807097022,0.25166138919997183,0.17809770729266153,1390889.3177710352,0.031666727407029846,0.1839423355540868,0.030499387134139022,0.2434569807097022,0.2746644210766422,1.0,0.2434569807097022
3,1,0,2,0,1.0468278173918362,0.07941146231384164,2.895944465257815,0.02256910551881003,0.7903768176096427,3.1492886211172575,0.5813640548433603,111.79731457023837,10939758313.504986,0.0008790161636382411,0.2485634783064921,0.24354077066266405,0.18435278648181172,0.15803870643701362,5948036.498109941,0.01699297494180423,0.09393855054562938,0.016833453661098403,0.24354077066266405,0.3847051976470638,1.0,0.24354077066266405
5,2,1,1,1,3.1367376162360845,0.08267099463316882,9.908811815956804,0.024786785859106472,7.860090581936893,2.975042925723671,0.7658622545744577,114.30881503958713,12977095907.70734,0.000825527821447021,0.19387535141663453,0.2436745253169095,0.22274505477285497,0.1694248210311828,1688675.4734206246,0.024807679712881083,0.14053336747259448,0.024230443890260692,0.2436745253169095,0.5078844951205229,1.0,0.2436745253169095
3,2,0,0,2,0.24371480699915812,0.07462399743259121,4.937730611719733,0.0233184432819594,1.2784956454007073,6.374791384208497,0.26419309166977084,118.2591803328364,11373128831.435535,0.000592775194267392,0.18213937421887821,0.2437633665869177,0.23254364646355877,0.1688248317903765,1694774.0333462593,0.027038273755284302,0.1574908188441404,0.02627025245133282,0.010734965263274358,0.4962202760045295,0.04403846818158641,0.2437633665869177
4,2,0,2,0,2.3849472741460302,0.07637790329783109,9.405622919047326,0.015795527363343755,5.713720298686152,4.040956479148674,0.5400128544639407,112.26248640041797,18800258406.12051,0.0,0.22114672575325017,0.24401472651347011,0.20268244950846553,0.15876636528562896,3318591.949115167,0.02054008766937584,0.11182744656896904,0.020087717245828113,0.24401472651347011,0.38425803281553284,1.0,0.24401472651347011
2,1,0,2,0,1.0839738229008777,0.09356676865276219,8.263576009723991,0.008387969514661068,1.479784723234128,1.4435806137256015,0.14448535604305054,78.0942466823955,14376190106.20708,0.0,0.19393589883281237,0.24426406280114715,0.22303731772541732,0.15359175607456974,2036140.667335568,0.02487282254907438,0.14461353710697478,0.0240085874274873,0.6540570349746635,0.36481655589623346,2.677663785143558,0.24426406280114715
5,2,1,1,1,1.981186470698282,0.06919341272584666,8.497231459313078,0.050846569909727315,6.797176200904968,2.5556017786654253,0.7701272703813159,79.38425570754542,15470981988.412485,0.001174155746255004,0.17997028308983293,0.24435140445583117,0.23506429014322502,0.1670642939490034,2889869.310503843,0.02762761025026914,0.16019025758682148,0.026407530097909866,0.24435140445583117,0.46075692999825413,1.0,0.24435140445583117
5,2,1,1,1,1.981186470698282,0.06919341272584666,8.497231459313078,0.050846569909727315,6.797176200904968,2.5556017786654253,0.7701272703813159,79.38425570754542,15470981988.412485,0.001174155746255004,0.17997028308983293,0.24435140445583117,0.23506429014322502,0.1670642939490034,2889869.310503843,0.02762761025026914,0.16019025758682148,0.026407530097909866,0.24435140445583117,0.46075692999825413,1.0,0.24435140445583117
5,2,0,2,1,3.0211018353209567,0.08829574561561,1.182875491651489,0.0053112444053051095,1.6975727081815597,6.184100804513057,0.48132197320561315,127.9554263724286,12515275207.500763,0.0,0.16193609767651518,0.24435724747213483,0.2521151063350148,0.1784963799505051,1394883.3692325323,0.03178101342115792,0.18476999786628678,0.030606683579082576,0.24435724747213483,0.2741015749983281,1.0,0.24435724747213483
5,2,0,2,1,3.0211018353209567,0.08829574561561,1.182875491651489,0.0053112444053051095,1.6975727081815597,6.184100804513057,0.48132197320561315,127.9554263724286,12515275207.500763,0.0,0.16193609767651518,0.24435724747213483,0.2521151063350148,0.1784963799505051,1394883.3692325323,0.03178101342115792,0.18476999786628678,0.030606683579082576,0.24435724747213483,0.2741015749983281,1.0,0.24435724747213483
5,2,0,2,1,3.0211018353209567,0.08829574561561,1.182875491651489,0.0053112444053051095,1.6975727081815597,6.184100804513057,0.48132197320561315,127.9554263724286,12515275207.500763,0.0,0.16193609767651518,0.24435724747213483,0.2521151063350148,0.1784963799505051,1394883.3692325323,0.03178101342115792,0.18476999786628678,0.030606683579082576,0.24435724747213483,0.2741015749983281,1.0,0.24435724747213483
4,1,0,1,1,3.0387939254398724,0.0485398819609155,7.393687774756234,0.04550094666070661,2.4253933614240815,5.6562961595447785,0.3274417964977368,81.69044225050426,11510516490.779242,0.0010845089976001818,0.17865664244897017,0.24466715189847685,0.23724984487784123,0.19153200925127906,3154688.2268299786,0.02814374444727986,0.15007103127647636,0.027444501155416436,1.0,0.5676752215042258,13.191707077866281,0.24466715189847685
4,2,1,1,0,3.366481724112107,0.07584401950117808,4.5024349122165965,0.021154304765959656,4.592174063700212,6.803338331341833,0.4679304145867669,89.46931916699326,12132288519.270464,0.0009457232261186987,0.17647542268347188,0.24479103190278592,0.23891444830309988,0.1758936627893928,2390795.5061954996,0.028540056803987295,0.16043334115945862,0.027622763678223215,1.0,0.39691021537322135,4.198480232110673,0.24479103190278592
2,1,1,2,0,4.532258249760259,0.07290993050719047,3.9459322875631004,0.06550815718026821,4.103555630687891,3.37850616868166,0.3254381870389282,91.95283520861149,19732669821.138706,0.0008387057851448648,0.1803219842423518,0.2448061561012286,0.23525431973504402,0.17315283864337983,2441554.5243087574,0.027672297476999157,0.1591995354878133,0.026827956210422905,0.2448061561012286,0.504967406103499,1.0,0.2448061561012286
2,1,1,2,0,4.532258249760259,0.07290993050719047,3.9459322875631004,0.06550815718026821,4.103555630687891,3.37850616868166,0.3254381870389282,91.95283520861149,19732669821.138706,0.0008387057851448648,0.1803219842423518,0.2448061561012286,0.23525431973504402,0.17315283864337983,2441554.5243087574,0.027672297476999157,0.1591995354878133,0.026827956210422905,0.034925127054077465,0.504967406103499,0.14266441502245453,0.2448061561012286
3,1,0,2,0,1.1203245516017795,0.05314397893302324,7.245172748421794,0.006911267195866245,4.73920839200668,5.024444713413791,0.3099966931975702,123.39936415960582,11434927173.391592,0.0,0.2240945441937141,0.24482356726289367,0.2010138171883788,0.15436328196570595,4048471.4430110557,0.020203277350321486,0.11550660470253471,0.019707822384574716,0.009353347806002315,0.3484713161266263,0.038204442123656375,0.24482356726289367
3,1,0,2,0,4.422940212901311,0.07201386796668252,4.900106894650209,0.012127025241582101,4.224522581683376,10.521463554090415,0.4341294968987519,123.81336310409185,11249552319.062737,0.0,0.16461352282854802,0.24493170726358307,0.25046533126550174,0.17236894538552208,1471369.1421710327,0.031366441082968766,0.17421201712137624,0.03012447859084795,0.0885371824390679,0.3791067412447928,0.3614770150758337,0.24493170726358307
3,2,0,0,2,0.2477066660818583,0.07475506647855454,4.942560923832751,0.023180845381771804,1.2832987790217492,6.371938738399048,0.2637254021535307,118.27476519367268,11377075450.209675,0.0005925049261590344,0.18332502124642436,0.24499280406720886,0.232674532307557,0.1688264434885824,1687347.5039709588,0.02706871899227019,0.1576684736635412,0.026298638602235826,0.010451381788963985,0.4960434234989435,0.042659954151538504,0.24499280406720886
3,1,0,2,0,2.8291131641624223,0.06750790120807024,1.1675315991730373,0.037961293777641826,1.7847016895687937,8.415638363079562,0.3635197178576843,120.41894846370607,10797066537.135647,0.0007061813436709512,0.21003473254258104,0.24512003489178555,0.2113353572048711,0.14093346974678753,1741602.1964835946,0.022331316602455232,0.1280389204205259,0.021607045394781487,0.24512003489178555,0.5215294720862351,1.0,0.24512003489178555
3,1,0,2,0,4.373485306916341,0.0865037937361944,4.111120040284932,0.024388112956322375,3.7444479024131256,6.522866731295069,0.18663281509113555,129.0130315782202,19554991977.27814,0.0005587486049407807,0.16724212717783876,0.2451234806466264,0.2477149733279224,0.18065337265443326,2364522.8933441727,0.03068135400542665,0.1770903887864017,0.02960208553061019,0.21476662535013227,0.38052562153799674,0.8761568854341742,0.2451234806466264
3,1,0,2,0,4.373485306916341,0.0865037937361944,4.111120040284932,0.024388112956322375,3.7444479024131256,6.522866731295069,0.18663281509113555,129.0130315782202,19554991977.27814,0.0005587486049407807,0.16724212717783876,0.2451234806466264,0.2477149733279224,0.18065337265443326,2364522.8933441727,0.03068135400542665,0.1770903887864017,0.02960208553061019,0.2451234806466264,0.38052562153799674,1.0,0.2451234806466264
3,1,0,2,0,4.947554446366065,0.07820297624024884,5.6435851440977,0.016550145007867292,2.251933179676579,8.595361892424679,0.05200183240065314,129.1296447910182,13858765307.763983,0.0,0.219359825726253,0.24513567058967034,0.20459530247057908,0.14293503511952346,2554129.3254277078,0.020929618896513874,0.11951320207208083,0.02021836555717973,0.24513567058967034,0.39751620257953507,1.0,0.24513567058967034
3,1,0,2,0,4.947554446366065,0.07820297624024884,5.6435851440977,0.016550145007867292,2.251933179676579,8.595361892424679,0.05200183240065314,129.1296447910182,13858765307.763983,0.0,0.219359825726253,0.24513567058967034,0.20459530247057908,0.14293503511952346,2554129.3254277078,0.020929618896513874,0.11951320207208083,0.02021836555717973,0.04794979912079575,0.39751620257953507,0.1956051479797012,0.24513567058967034
5,2,1,1,1,1.5642857601353959,0.0631953555888013,7.125511725565407,0.046681736296887856,3.2966183241249754,2.493140962959522,0.7126438399632345,93.83549350171961,10183723380.608034,0.0010249321061230766,0.20754442963298753,0.24514011587737722,0.21322975747018694,0.1594123668936798,3572846.4434608635,0.02273346473539737,0.1302585299332225,0.0219086350980585,0.24514011587737722,0.45489692007303056,1.0,0.24514011587737722
2,2,0,2,1,3.562585150125873,0.030792189279057313,3.67986082625669,0.014238695612143106,0.9802117155193727,9.065240139232882,0.2815059984538637,121.5545704560441,10367457727.966572,0.0,0.20864693386923638,0.24515220084716588,0.21260161943350186,0.17067183713247724,3605037.487284531,0.02259972429287378,0.12592766169747605,0.02208072950261224,1.0,0.346130005741197,20.43737862786451,0.24515220084716588
2,2,1,1,2,4.097256540784778,0.037026088438617794,5.8092496162304466,0.006593331946132036,3.155221016479811,3.318161059163778,0.5423844984589776,102.55563427836938,19799550850.7943,0.0,0.2230851790790311,0.24524814888604637,0.20212932785066665,0.16187286619765645,4209874.591102224,0.02042813258868114,0.11569819194625319,0.020067305905244668,0.12261770789969997,0.35421229223739037,0.49997404040213095,0.24524814888604637
3,1,0,2,1,4.847330549933652,0.0775451008722437,5.147214433001776,0.009220624312121038,5.299879471451835,9.436924691717051,0.10233428478174816,121.94199230903482,16512063220.291409,0.0,0.17240015781544438,0.24535209231185326,0.24320775337622189,0.15638333258962228,383280.6189808888,0.029575005651154587,0.1670163435052251,0.0283372302902062,0.24535209231185326,0.4393404600375744,1.0,0.24535209231185326
3,1,1,2,1,4.9936087379554746,0.03545407609476947,4.848701751682987,0.02333628977204342,5.412236794421623,12.749866915505821,0.04730416614877238,90.47288479052028,17847335105.89061,0.0013984218254958548,0.18880174489205215,0.2453684519179536,0.22895934662377376,0.1726886024860904,2609446.072226838,0.02621119120319269,0.14072127106904375,0.02549239633499331,0.2453684519179536,0.4504448077058732,1.0,0.2453684519179536
3,1,1,2,1,4.9936087379554746,0.03545407609476947,4.848701751682987,0.02333628977204342,5.412236794421623,12.749866915505821,0.04730416614877238,90.47288479052028,17847335105.89061,0.0013984218254958548,0.18880174489205215,0.2453684519179536,0.22895934662377376,0.1726886024860904,2609446.072226838,0.02621119120319269,0.14072127106904375,0.02549239633499331,0.2453684519179536,0.4504448077058732,1.0,0.2453684519179536
3,1,0,2,0,3.6787542683211862,0.07409524807815428,6.9925548285387125,0.01301430051781031,4.473271401250258,6.445981845745304,0.5085568195537377,73.0248243398213,15662325524.661118,0.0,0.1870556385683747,0.24567333842878672,0.23056187617378907,0.16717454170087284,2432736.282119028,0.026579389372388823,0.14600681902236778,0.02562690425702154,0.24567333842878672,0.3943123073318712,1.0,0.24567333842878672
3,1,1,2,0,0.6397301368340751,0.027973633845244258,8.107566869066662,0.007798768454833015,3.218368942142791,2.1456674770766657,0.7319994033652064,105.69251495441166,11428725799.296864,0.0,0.16600157682993455,0.24584955431293057,0.24972285864403848,0.17707721085886316,2270555.8337007686,0.03118075306467521,0.1787339028956224,0.03002586414354732,0.002451640894156031,0.34777029530438786,0.00997211852186419,0.24584955431293057
3,1,1,2,0,0.6397301368340751,0.027973633845244258,8.107566869066662,0.007798768454833015,3.218368942142791,2.1456674770766657,0.7319994033652064,105.69251495441166,11428725799.296864,0.0,0.16600157682993455,0.24584955431293057,0.24972285864403848,0.17707721085886316,2270555.8337007686,0.03118075306467521,0.1787339028956224,0.03002586414354732,0.24584955431293057,0.34777029530438786,1.0,0.24584955431293057
4,2,0,2,0,2.390533068110111,0.07625376106427459,9.353259425681905,0.016080608139595044,5.7325871933893575,4.029302018165701,0.5386401413664882,112.41167497198641,18725412730.381054,0.0,0.2219115375877378,0.24596954082455424,0.2037907841779158,0.15886835054278106,3309824.2498526494,0.02076534185792493,0.11333218256514699,0.020284962296253532,0.24596954082455424,0.38485284981818224,1.0,0.24596954082455424
3,2,0,2,1,4.240720838365043,0.04605639070170291,1.9201187648908613,0.011636445486227533,1.7262698318071954,11.087069883873417,0.5932197568590984,117.69499365255773,13831717350.59204,0.0,0.19233077333729087,0.24613342768487304,0.22645022533257367,0.16079680060155005,1931875.4761221819,0.025639852276586696,0.14222018093867372,0.02472777698396607,0.24613342768487304,0.3513678524365945,1.0,0.24613342768487304
4,2,0,2,0,2.3842622385395265,0.07626313083505849,9.376866779910841,0.015966734545797476,5.715588415148939,4.027540987557139,0.5396660319144668,112.54664823389369,18770250219.316456,0.0,0.22115974188416937,0.24620226655640015,0.20453781253222314,0.15959442732032092,3286285.712602273,0.02091785837773343,0.11379840019396414,0.020436069593486032,0.24620226655640015,0.38413573677975077,1.0,0.24620226655640015
3,1,0,2,0,4.9950331506131915,0.0820638336851333,2.145269929848305,0.005037349806028678,7.760674537586943,3.3789774962541497,0.5040467351412096,107.7845964015973,10120793893.361057,0.0,0.20573638332038713,0.24629870580042382,0.21584508199329014,0.1725336658186192,3414457.9868672593,0.02329454971034507,0.1295613858401785,0.022799120823634045,0.751108630785469,0.3277016519130901,3.049584155728749,0.24629870580042382
4,2,0,2,0,2.3714652053426355,0.07619553869434646,9.30064368817339,0.016233439422510914,5.815141935716671,4.594052615475701,0.5482802519354629,113.30106366419014,18945586675.721165,0.0,0.21943117158002462,0.246424992856775,0.20599583612664105,0.16043000054287795,3168558.0971836317,0.021217142250756976,0.11466958471771849,0.020738594099604737,0.246424992856775,0.38621382949688216,1.0,0.246424992856775
2,2,1,1,0,0.4924076843217335,0.013689618945549658,8.301751798638398,0.013913440618652595,3.8272178115661135,6.652876126309342,0.1233146711233646,107.49756755599277,18632749273.179474,0.0,0.22218388306213901,0.24655098867180833,0.20405736148479164,0.1450281409104537,638162.8184876948,0.020819703388067462,0.1142677324161705,0.02040543117944142,0.9930616943544152,0.554298215282497,4.027814691411805,0.24655098867180833
3,1,0,2,0,0.6398234521294033,0.027952406934059898,8.104448155629253,0.007809844069659659,3.2183806974369826,2.148652969137287,0.7319102440404319,105.67958845221699,11429331803.172665,0.0,0.16634135891924556,0.24656845515295442,0.25011184900156047,0.17716328188968608,2269286.6791772107,0.03127796850548969,0.17928447192936947,0.030115778043550947,0.0024595981705633385,0.3477736892998945,0.009975315654379105,0.24656845515295442
3,1,0,2,0,0.6398234521294033,0.027952406934059898,8.104448155629253,0.007809844069659659,3.2183806974369826,2.148652969137287,0.7319102440404319,105.67958845221699,11429331803.172665,0.0,0.16634135891924556,0.24656845515295442,0.25011184900156047,0.17716328188968608,2269286.6791772107,0.03127796850548969,0.17928447192936947,0.030115778043550947,0.24656845515295442,0.3477736892998945,1.0,0.24656845515295442
3,1,0,2,0,0.6398234521294033,0.027952406934059898,8.104448155629253,0.007809844069659659,3.2183806974369826,2.148652969137287,0.7319102440404319,105.67958845221699,11429331803.172665,0.0,0.16634135891924556,0.24656845515295442,0.25011184900156047,0.17716328188968608,2269286.6791772107,0.03127796850548969,0.17928447192936947,0.030115778043550947,0.24656845515295442,0.3477736892998945,1.0,0.24656845515295442
3,1,0,2,1,4.001673068080126,0.0704787484328447,2.1385185213372426,0.031026712168202783,7.281369185996455,2.8071546673144443,0.44958188150253725,75.3606554281788,15762511411.338715,0.0010305811880910452,0.1478807539046994,0.24660490176730146,0.2673836176972171,0.1875484035541554,1539456.0364341703,0.03574699950642577,0.20294878108221392,0.034319372564390084,0.24660490176730146,0.35273045397644354,1.0,0.24660490176730146
3,1,0,2,0,4.362652562998233,0.0755543834936045,9.35922171351142,0.004722122047808246,8.54944007858431,5.59148485421285,0.5164437768674315,106.2430537396396,11585013381.308172,0.0,0.16915248766184054,0.24684518241455702,0.24779277420504445,0.152366804681086,419393.0502447397,0.030700629474116073,0.17327070465231031,0.029332835969900394,0.02911788892228678,0.44628670808699733,0.11796012641391389,0.24684518241455702
3,1,0,2,0,4.362652562998233,0.0755543834936045,9.35922171351142,0.004722122047808246,8.54944007858431,5.59148485421285,0.5164437768674315,106.2430537396396,11585013381.308172,0.0,0.16915248766184054,0.24684518241455702,0.24779277420504445,0.152366804681086,419393.0502447397,0.030700629474116073,0.17327070465231031,0.029332835969900394,0.24684518241455702,0.44628670808699733,1.0,0.24684518241455702
1,0,1,3,2,2.747629965119596,0.042668453940438764,5.542656295521854,0.010363678172952074,9.532342578525995,3.841386987736052,0.5104054715595233,85.13206412038505,18667254318.808884,0.0,0.16469599802287715,0.24686850212208628,0.25186615092722947,0.1821029233652595,2256049.3921212563,0.031718278991448974,0.18510699331489855,0.030615068444800535,0.24686850212208628,0.458208466812761,1.0,0.24686850212208628
1,0,1,3,2,2.747629965119596,0.042668453940438764,5.542656295521854,0.010363678172952074,9.532342578525995,3.841386987736052,0.5104054715595233,85.13206412038505,18667254318.808884,0.0,0.16469599802287715,0.24686850212208628,0.25186615092722947,0.1821029233652595,2256049.3921212563,0.031718278991448974,0.18510699331489855,0.030615068444800535,0.24686850212208628,0.458208466812761,1.0,0.24686850212208628
5,1,1,1,1,1.353597806590505,0.03713709408545028,6.819029197683158,0.011393985460505053,8.576078349090263,14.590296462977046,0.578418960742815,118.50361390755417,11857645035.995413,0.0,0.22607051653233698,0.24692381695424487,0.20151937813859586,0.16189862743426112,2757384.26265214,0.020305029882683193,0.11415111133265143,0.019968312706716146,0.24692381695424487,0.37948151790121354,1.0,0.24692381695424487
3,1,0,3,0,1.8672874157173924,0.01916199244449895,3.3954540439065806,0.005306086151244282,4.343759399431431,5.129623476496525,0.38903300504480154,83.16344799648607,10749845244.138855,0.0,0.17409898350414266,0.24695321018828886,0.24275100617155074,0.1765658629448436,2963368.5370571404,0.029464025498650133,0.17448794543998325,0.028325687912474175,0.24695321018828886,0.3764113629541463,1.0,0.24695321018828886
3,1,0,2,0,3.574316918503227,0.022591097965208678,3.3249614589805154,0.007340452390719315,4.137039312459966,1.9317352663007448,0.6448313725648628,105.69135364500147,9316677042.07838,0.0,0.1495006485253142,0.2470153105382641,0.2675051230603911,0.1890969348664747,1875646.2347526504,0.03577949543177749,0.2074389747815415,0.03433604289543799,0.1420956266930967,0.35616586359113594,0.5752502805735407,0.2470153105382641
4,1,1,3,0,1.6946185746608706,0.08988528517192965,3.7475008554609506,0.07466080095985199,7.313692669968652,4.286153799624835,0.6896283048184196,83.82657744857553,11833330691.483185,0.0013584138753386218,0.19182196095274157,0.24702035259057162,0.22811151396186782,0.15532778814056777,2631443.354079577,0.026017431400987712,0.1366460074799869,0.02505655303965094,0.24702035259057162,0.41983278898443255,1.0,0.24702035259057162
4,2,1,1,0,2.148910721498009,0.028569039249084518,4.928058873379446,0.014141990520351578,0.8247101797301966,12.772786475075556,0.09844951385285823,69.24072366692464,9325087728.402924,0.0,0.22752480596460303,0.24704873822524456,0.20198634418113703,0.1701024533801363,3526302.2065457073,0.020399241617830376,0.08975890027320599,0.02008215690502204,1.0,0.3664167950415211,8.803684580127795,0.24704873822524456
3,1,0,2,0,0.6397053977219771,0.027959130144441274,8.10518354215213,0.007828595303821961,3.219752428848787,2.145960036360826,0.7318530982163037,105.68481088829101,11429247122.396463,0.0,0.16659010168927213,0.24705121065432314,0.2503525840171486,0.17717055355429198,2268961.349383471,0.03133820816203172,0.17961833761112667,0.030171241199894186,0.0025448749023165448,0.3477666483746479,0.010301001543673317,0.24705121065432314
3,1,0,2,0,0.6397053977219771,0.027959130144441274,8.10518354215213,0.007828595303821961,3.219752428848787,2.145960036360826,0.7318530982163037,105.68481088829101,11429247122.396463,0.0,0.16659010168927213,0.24705121065432314,0.2503525840171486,0.17717055355429198,2268961.349383471,0.03133820816203172,0.17961833761112667,0.030171241199894186,0.24705121065432314,0.3477666483746479,1.0,0.24705121065432314
3,1,0,2,0,0.6397053977219771,0.027959130144441274,8.10518354215213,0.007828595303821961,3.219752428848787,2.145960036360826,0.7318530982163037,105.68481088829101,11429247122.396463,0.0,0.16659010168927213,0.24705121065432314,0.2503525840171486,0.17717055355429198,2268961.349383471,0.03133820816203172,0.17961833761112667,0.030171241199894186,0.0025448749023165448,0.3477666483746479,0.010301001543673317,0.24705121065432314
3,1,0,2,1,3.9996791582034255,0.07053201253491785,2.131256583508313,0.03085916555019256,7.297529310064329,2.830971200255024,0.4483813327877086,75.16253009163916,15760103070.574352,0.0010332984629302436,0.15041691887078518,0.24706757049273564,0.2674083149049388,0.18734523654559448,1527773.3362004838,0.03575360344014947,0.2010126832775404,0.0343180377615968,0.24706757049273564,0.352130422620366,1.0,0.24706757049273564
3,1,0,0,0,4.261327030200358,0.07844300394089969,4.383176693938324,0.010595760445084456,7.817304358201425,13.379802431657758,0.12995422663092368,128.58858438656966,11088543937.068209,0.0,0.13478310467845953,0.2471639154691521,0.26860038771300865,0.17906992303910296,1665436.5878972628,0.03607308413978928,0.20621552944364574,0.03442233541171933,0.2471639154691521,0.3853758888649627,1.0,0.2471639154691521
3,1,0,2,0,3.0281316836651815,0.07850561501907478,6.573381061343019,0.019731866140708064,4.624299215294025,9.177539333401356,0.325673565634385,93.99612413842893,14839142850.757267,0.0009412861744356548,0.1955290664710263,0.24721228783228447,0.22474487595565998,0.16902409726979914,3087508.8747436316,0.025255129634162498,0.14109053550067818,0.024585827551348315,0.04281146491625434,0.42520054023466886,0.17317692939801924,0.24721228783228447
5,2,1,1,1,0.6265833585853539,0.06279433591849835,7.189597231517796,0.017400296386603783,6.83997283772612,4.353870292741112,0.12452626051098804,118.3698635147379,10987553146.572235,0.0,0.2600502401880711,0.2472242222781345,0.1804255483493382,0.15222221917167877,4442257.731993508,0.01627668924857969,0.08962937986814157,0.016088073880571784,1.0,0.3744335539873828,54.747552066061374,0.2472242222781345
4,0,0,1,2,4.617566674403284,0.07232192447829698,3.1246250825830852,0.028871285159861478,7.327077293735024,2.934410285077189,0.344637956769532,85.65687884446282,15973423296.033714,0.0007276688014255353,0.18005572754716093,0.24736434350165928,0.23823002478847613,0.17977732735199806,2733289.5893526785,0.028376772355358976,0.15799852737887177,0.027419775235951935,0.24736434350165928,0.5212098256610538,1.0,0.24736434350165928
3,1,0,2,0,4.416684969099539,0.07206215919189092,9.455893234493885,0.014695977849830316,2.7043389016449697,9.272963868756202,0.520915739580247,128.86030509345852,10290556236.890335,0.0,0.18588564871024338,0.24757368910457886,0.2334899617468215,0.16494350969467841,1794573.4312794677,0.027258781118266084,0.14746880803620355,0.026274511296978897,0.24757368910457886,0.3800746402641649,1.0,0.24757368910457886
3,1,0,2,0,2.163476374067957,0.04634537514183579,3.622133465157627,0.024698971177204244,4.121470866401086,1.618924056169313,0.26751736842356233,119.58731751322644,12391420830.18049,0.0005941163806149241,0.20113639700338098,0.24762665311178583,0.2206341096187988,0.17144711440965144,3210452.525753344,0.024339705163640063,0.13528046059609788,0.023731616844447495,0.24762665311178583,0.37580612693986454,1.0,0.24762665311178583
3,1,0,2,0,2.163476374067957,0.04634537514183579,3.622133465157627,0.024698971177204244,4.121470866401086,1.618924056169313,0.26751736842356233,119.58731751322644,12391420830.18049,0.0005941163806149241,0.20113639700338098,0.24762665311178583,0.2206341096187988,0.17144711440965144,3210452.525753344,0.024339705163640063,0.13528046059609788,0.023731616844447495,0.24762665311178583,0.37580612693986454,1.0,0.24762665311178583
3,1,0,2,0,1.9624232344713415,0.0893461495201399,6.064501900643945,0.0051395379499763645,1.3099157217947381,4.749890672710399,0.32571736008924973,127.18045189259888,10730937949.853102,0.0,0.1875335036543071,0.2477893735191064,0.23215087875099102,0.16114713611859807,1254451.7851527873,0.026947015252428666,0.14783281859533104,0.026147928913431734,0.04668100774524739,0.3621831638678448,0.18838986951814515,0.2477893735191064
1,1,0,2,0,4.266011038893012,0.09133446931345543,1.5925801996340734,0.0012979672833841101,2.896890002325587,6.928781533750793,0.2336247333098999,125.02314060182974,10468576342.154716,0.0,0.20995663424007202,0.24792861124705004,0.21406551130092766,0.142941890111087,1233957.3125879958,0.022912021564263793,0.12742569596484676,0.02216810477024747,0.10836583628140944,0.30328695295759506,0.4370848355756231,0.24792861124705004
1,1,0,2,0,4.266011038893012,0.09133446931345543,1.5925801996340734,0.0012979672833841101,2.896890002325587,6.928781533750793,0.2336247333098999,125.02314060182974,10468576342.154716,0.0,0.20995663424007202,0.24792861124705004,0.21406551130092766,0.142941890111087,1233957.3125879958,0.022912021564263793,0.12742569596484676,0.02216810477024747,0.10836583628140944,0.30328695295759506,0.4370848355756231,0.24792861124705004
3,0,0,2,0,3.1014956813656016,0.019679450027309555,8.907525119400459,0.04091383973606994,2.5584356517731517,13.85811298305106,0.7621528340277183,63.478557331542014,11066359460.363586,0.0014124914600816404,0.16344713257451948,0.2481027478051796,0.25412660928883457,0.1599626935528741,298684.3295163468,0.03229016677431999,0.19288711667303482,0.03065952183809454,0.2481027478051796,1.0252526847176002,1.0,0.2481027478051796
4,2,1,1,0,2.329399622136246,0.054816489563359,1.0964267358067963,0.034488122754335535,3.726281710655377,1.380964688145589,0.574453039159898,75.45048044715602,11740755347.26783,0.0007601891834804119,0.1557452447290919,0.24813711528904256,0.262592824760653,0.18743266644212722,1937520.2573086252,0.0344774958078895,0.19695493933471264,0.03311668842404337,0.4289406603713255,0.23123466051234523,1.7286436971416947,0.24813711528904256
4,2,1,1,0,2.7408047872158576,0.05311340206430591,5.0915368378644015,0.05581612266853249,2.9155658319639453,1.272955769141679,0.6236250879848294,67.84931435173608,11997314966.013304,0.0010300151700874606,0.20405907309429544,0.24818369943438648,0.21850447097216258,0.16971445210642983,3903669.004772483,0.02387210191741232,0.13866850759183158,0.023303125759258404,0.24818369943438648,0.5279895209131872,1.0,0.24818369943438648
5,2,1,3,2,0.10165437535460858,0.04141776836770148,2.403785252791849,0.016181144094023693,0.32495051133118724,4.572109590010283,0.23152834131365999,122.77873450673634,15779087097.07573,0.0,0.19138441560052444,0.24840043841942708,0.229421649727999,0.15214713222322654,1709692.1627833904,0.026317146681958333,0.14454844080664953,0.025330853681248572,0.24840043841942708,0.49004199449261976,1.0,0.24840043841942708
1,1,0,2,0,4.3287927505230686,0.03672589106918943,2.2543183151850146,0.01643396883291192,3.8145474360540597,5.714033553898117,0.052146387690730975,125.84948955348536,11680456799.623589,0.0,0.15979271632731362,0.24846918639966378,0.2584025080398299,0.17730763693308527,1285912.0558422583,0.03338592808063717,0.1960447812793833,0.03217960365580067,0.9125604102371372,0.48244201296063,3.672730705405377,0.24846918639966378
3,1,0,2,1,2.620677398869293,0.09190037512315118,2.381993355389407,0.02589632300966525,4.237156867691315,4.308297304531728,0.2853608176682002,106.33194960560202,13741892668.68334,0.0006543121294525868,0.16577856578033623,0.2487034510864877,0.2530277338554572,0.1796513695065146,2176077.8071946185,0.03201151705001404,0.17951022964305408,0.030852066669560314,0.6228104977918443,0.3508694545097899,2.504229414875547,0.2487034510864877
4,2,1,1,0,2.595201967648981,0.028569039249084518,4.772104150720936,0.014141990520351578,0.8247101797301966,2.9253091438647303,0.09844951385285823,69.24072366692464,9325087728.402924,0.0,0.2208577919212941,0.24871619102218984,0.20994239763412315,0.164343810164237,4758414.457474809,0.022037905162182136,0.06388455661469339,0.021517273795205717,0.5945211432966512,0.3750866203558866,2.390359633818972,0.24871619102218984
2,2,0,2,1,3.562585150125873,0.030792189279057313,3.67986082625669,0.014238695612143106,0.9802117155193727,12.904946051877547,0.6597401580207611,121.5545704560441,10367457727.966572,0.0,0.210553412046642,0.24875159537966463,0.2142797135802591,0.17148866161144305,3648990.01589437,0.02295789782601894,0.1287063872913805,0.022404650599733802,0.24875159537966463,0.34095485058559066,1.0,0.24875159537966463
3,1,0,2,2,2.991351868011161,0.008754311755975285,4.649428438128251,0.0072435056318907445,9.590483998891747,3.2338362354831074,0.07962963550092426,84.33454997054064,11037109629.39178,0.0,0.2302959708161972,0.24877666955877795,0.20006312393497894,0.13317004747645758,288185.2951547257,0.02001262677931137,0.11458414946840312,0.019534527121359956,1.0,0.7346081986196442,31.062321151394865,0.24877666955877795
3,1,0,2,0,0.1654304739130334,0.006593697513860906,5.0048406518191815,0.004161923192200911,0.9638089067737302,1.254035055994168,0.6802517938137129,117.1232270983974,10092819250.387028,0.0,0.1933466493292257,0.248839310531954,0.227947604880564,0.13105730682714972,13662.31294038586,0.025980055285392864,0.14695062959646688,0.02491212251351085,0.248839310531954,0.7761805433659278,1.0,0.248839310531954
5,1,0,1,1,4.710743851356787,0.076126590584281,2.6068769280672996,0.011474957640712796,4.71453536604723,9.476716210715535,0.6572307441440175,120.67157519349915,11119845502.916796,0.0,0.15380351198855047,0.2489882926302989,0.26537527169226727,0.18017827228018446,972457.2303407404,0.03521201741287234,0.20474368697608225,0.03367459060789356,0.2489882926302989,0.3815485943462444,1.0,0.2489882926302989
5,1,0,1,1,4.710743851356787,0.076126590584281,2.6068769280672996,0.011474957640712796,4.71453536604723,9.476716210715535,0.6572307441440175,120.67157519349915,11119845502.916796,0.0,0.15380351198855047,0.2489882926302989,0.26537527169226727,0.18017827228018446,972457.2303407404,0.03521201741287234,0.20474368697608225,0.03367459060789356,1.0,0.3815485943462444,20.074634550672474,0.2489882926302989
3,1,0,2,0,0.9437619357364824,0.07317607647290766,7.109303398047809,0.022704845507043048,0.8967134681511002,5.607434782161573,0.6446194438077543,123.68371481411262,9360981209.586802,0.0005789976493261142,0.2598317429518263,0.24907537547444963,0.18276231274437144,0.15018859009342364,6888426.195137009,0.016701031479835718,0.0775057273832448,0.016522209641727983,0.24907537547444963,0.3553066076089624,1.0,0.24907537547444963
2,2,1,1,2,2.114002132106353,0.0742954981735456,5.368713313210989,0.030304366288888666,6.655608122817479,6.868899123720745,0.598711930818836,99.57437033049618,13161860864.359821,0.000708172853580926,0.19381600856469955,0.24909733574532897,0.2275401624112371,0.15955542563255615,1234731.91139646,0.025887262755066077,0.15111607247881842,0.02518413896091086,0.24909733574532897,0.49236398320647584,1.0,0.24909733574532897
4,2,0,2,0,2.3785850969490188,0.0762523546688619,9.33351608799533,0.016252749987633056,5.734923767337134,4.033077722257009,0.5370508804729899,112.74750145651846,18728104765.300167,0.0,0.22340108351018667,0.24910762768206995,0.20539682732668663,0.15971343388850617,3286673.148576184,0.02109392833793436,0.11513172943828653,0.020601996688925126,0.24910762768206995,0.3855484419145778,1.0,0.24910762768206995
3,1,0,2,0,3.7676192618359785,0.09643784005637306,9.803976112633014,0.01057510727399426,9.197325213805794,6.3197939324860135,0.2507035795572573,104.6040405981486,11470022503.806213,0.0,0.18385824300674924,0.24915512791538263,0.2365291029539611,0.17211397842435663,2172975.8463008082,0.02797300827210276,0.15589854770526612,0.027032014403338776,0.04214649342134537,0.37391648221800206,0.1691576399569791,0.24915512791538263
4,2,1,1,0,1.047679523316126,0.03447018632277573,6.613228506385587,0.011524620690331989,5.140164634508717,1.9427668743181914,0.5439465168700428,87.22672241696951,10207112128.506142,0.0,0.2536643047106869,0.24915604284123066,0.18566120349175014,0.14532001645671586,5501499.639712614,0.017235041241002527,0.09535369378583647,0.01699713524130892,1.0,0.38590316548785314,5.73224237986963,0.24915604284123066
3,1,0,3,0,2.2171043448820544,0.08503139730908892,8.745121931644736,0.007143699334328829,4.54148777418959,9.54859287062353,0.4951056619081704,126.26977499081326,18208086365.53959,0.0,0.1632171828662785,0.24918982771437523,0.2563301390250376,0.20250813828293787,3691973.252762825,0.03285257008629755,0.17985816774849495,0.03178200936656175,0.24918982771437523,0.3971184213489125,1.0,0.24918982771437523
4,0,1,3,1,3.6759659429717604,0.007265020601109827,6.630589412517098,0.06664093068798324,6.547748031872038,7.7186091243405475,0.6002957270026642,85.93512949416613,9632473208.507324,0.0012866506892261734,0.1600859241948384,0.2491975362429452,0.25892941797255115,0.17451591297546196,424964.1678352431,0.03352222174580205,0.19526884907264608,0.03216151945573004,1.0,0.7795548009605555,4.194117498704576,0.2491975362429452
3,1,1,2,1,4.986582458566839,0.03571525900031272,5.089368561517759,0.023244204119728266,5.395426741437461,12.841027126663962,0.06347244326681833,90.1458573675551,17867115188.41807,0.0013960696762036816,0.19013790105229006,0.24928227014184898,0.23146160446498937,0.17418698697421905,2595665.5172069385,0.02678723717075359,0.14415495761048336,0.026033754607356158,0.24928227014184898,0.45230405328133894,1.0,0.24928227014184898
3,1,0,2,0,2.106527555243434,0.053711492481307535,9.233481954154955,0.026739299728688926,2.7474651007380873,5.365864273485982,0.6462127217319366,129.39652721432253,9417960309.990181,0.0005761506174736446,0.20636122848633448,0.24943772702629885,0.2179955857361678,0.17045616460065496,3554859.352319063,0.023761037700227448,0.13492690475990277,0.023118456922059008,0.24943772702629885,0.40628729972371186,1.0,0.24943772702629885
5,2,1,1,1,1.5143365912660243,0.06550140112192386,6.926845100956893,0.04675510172210931,3.2212059445135783,2.67897644980674,0.7074174196844202,91.42952507418757,9932091533.488087,0.001014218995120256,0.19935048825923607,0.24948442221715064,0.22344092057549356,0.16559313545756832,3155969.981971158,0.02496292249381201,0.144286568201911,0.02405288427263222,0.24948442221715064,0.4620366410563815,1.0,0.24948442221715064
5,2,1,1,1,1.5143365912660243,0.06550140112192386,6.926845100956893,0.04675510172210931,3.2212059445135783,2.67897644980674,0.7074174196844202,91.42952507418757,9932091533.488087,0.001014218995120256,0.19935048825923607,0.24948442221715064,0.22344092057549356,0.16559313545756832,3155969.981971158,0.02496292249381201,0.144286568201911,0.02405288427263222,0.24948442221715064,0.4620366410563815,1.0,0.24948442221715064
3,1,0,2,0,1.8000702476720651,0.0402921979543952,3.506307922800757,0.0247164789783137,1.6927099697320749,13.54530337265208,0.817560810577697,126.58784179194828,10002252595.575485,0.0006709023338571942,0.24308337649686926,0.24957735695633318,0.19236565732487473,0.16619712163671893,4644104.187561301,0.018502273059015566,0.1054679192807082,0.018292642444154107,0.2830378574980403,0.3642553014089169,1.1340686549043046,0.24957735695633318
5,2,1,1,1,3.337446661586105,0.08834952346768005,1.7219603731118143,0.06467441251500383,6.937379130212462,15.435321977262445,0.28529584696040444,108.57457467039798,17667730437.65587,0.0005732596054676468,0.2413069178420088,0.24958934680640316,0.19393927841668995,0.16756339256174685,4469551.577392977,0.01880622185639319,0.09929603842272994,0.018599260177048955,0.24958934680640316,0.47416364977249753,1.0,0.24958934680640316
4,0,1,3,1,3.676981237701515,0.007199232938610046,6.660054441736648,0.06742115295826126,6.5132554999612475,7.780055248861781,0.5986085955240815,85.91728091547087,9656820624.722424,0.0012851497755322825,0.16135666547415434,0.24959761042046355,0.25804964174469935,0.1733119307086388,396602.57291452616,0.03329480880228384,0.19354278024522398,0.03194286807905578,0.24959761042046355,0.7906614986861078,1.0,0.24959761042046355
3,1,0,2,0,3.627046043165494,0.09654490884211953,1.832224542777048,0.024637176692584365,5.586023550449002,3.511059404364136,0.19972976291915448,121.30144435977553,13463986672.124798,0.0009459364451865506,0.15972440117330278,0.24966866221038322,0.26004679278989584,0.18655837922042676,1936655.548403029,0.03381216722015551,0.19208315972902645,0.032548315704746394,0.12695538050732408,0.31850864558360803,0.5084954570724025,0.24966866221038322
2,1,0,1,2,1.0373415963194563,0.03960209787313562,6.711386872977094,0.057188449839042255,8.741138149206694,5.231740960885824,0.39276003311672625,90.3475840844201,13092933493.985476,0.001116104396406782,0.16150963123787726,0.24967638270528045,0.2581535617856907,0.18165051006695068,2156373.9756322755,0.03332163073131921,0.1903093784699189,0.032021182220097935,0.24967638270528045,0.4288835293752634,1.0,0.24967638270528045
4,0,1,3,1,3.987168072975905,0.005929020841806186,9.67332252819846,0.0867525629279854,7.157271272809207,11.020753234929428,0.7267394971999519,70.31724415500338,11714616660.52992,0.001446343314166105,0.17986307589204398,0.2497705826224964,0.24035136420661996,0.15755815582319302,293140.752820135,0.028884389137991635,0.16765048381544123,0.02775581283059876,0.09818497024195558,0.954255829509385,0.3931006174187954,0.2497705826224964
4,2,1,1,0,1.6663860189065123,0.07034275675774958,2.4230861243663515,0.03152912975606818,6.226300957007597,4.000105585440418,0.3040190255476639,80.57498666930043,13242587967.02759,0.0007199078604404655,0.20751879626002806,0.24983671775739996,0.21739595163418132,0.149601647546253,1714721.790442163,0.02363049989346565,0.13525687825097965,0.02288930935445654,0.24983671775739996,0.5032705343809926,1.0,0.24983671775739996
3,1,0,0,0,4.70087444762361,0.08622287569468604,6.051071244713859,0.01114831354963931,8.749014777052983,9.323694294965906,0.07745850072076109,112.23910068023737,9147860309.739122,0.0,0.15652759133450111,0.24985806897403046,0.2633027342130788,0.17753014723894212,1684836.3895451436,0.034664164922041614,0.20266556315915374,0.033005681468736045,0.24985806897403046,0.39382707246410714,1.0,0.24985806897403046
3,1,0,0,0,4.70087444762361,0.08622287569468604,6.051071244713859,0.01114831354963931,8.749014777052983,9.323694294965906,0.07745850072076109,112.23910068023737,9147860309.739122,0.0,0.15652759133450111,0.24985806897403046,0.2633027342130788,0.17753014723894212,1684836.3895451436,0.034664164922041614,0.20266556315915374,0.033005681468736045,0.045851584944696426,0.39382707246410714,0.18351052312607968,0.24985806897403046
3,1,0,2,2,2.4376740161247117,0.026801836191042663,4.963201863601489,0.006017205827418417,8.504800537936472,2.98637736999982,0.1880762452112183,94.57255308933249,10271075863.932594,0.0,0.1776119895920339,0.24987120732394924,0.2427554753411744,0.180704264032028,2564246.7962864228,0.029465110404059764,0.16644753911309818,0.0285559800584307,0.005078323015130411,0.3709992390645352,0.020323762267441016,0.24987120732394924
4,2,1,1,0,3.589213837543748,0.06438769607273907,3.2242134532044315,0.014836415800406679,2.6374298408804777,2.2955357077540897,0.6869312514402319,75.51494780805247,11942493885.039318,0.0,0.2044534977055078,0.2500867683942928,0.2202248075953741,0.1583284542388515,2441274.5172786852,0.024249482940209774,0.13461760061946793,0.02332925119256309,0.2500867683942928,0.3871324119362144,1.0,0.2500867683942928
4,2,1,1,0,1.572835910516966,0.07148623604661074,3.250558809341818,0.024459560804316778,1.9607245209535007,6.244881012994532,0.5387529714933215,80.55482013927507,13217996186.402502,0.0006112614900695911,0.23379427934341349,0.25009410084188033,0.1988453969641819,0.16372437529489856,4173240.2060204484,0.01976974594692154,0.11229530813677036,0.01942789220256754,1.0,0.3684931265178452,8.737837212763976,0.25009410084188033
3,1,0,3,0,2.5208663978159285,0.06988135164549414,9.62152944107667,0.023822753276600276,8.323283460783895,9.60435021896095,0.05968551758018276,127.34286889151359,17966772660.3319,0.0009601890742685366,0.19777767868880608,0.25012864309079536,0.22534970177723188,0.17230884455875178,3436864.7141582808,0.02539124404554367,0.14580879055268314,0.02468167105587764,0.25012864309079536,0.49074323144732235,1.0,0.25012864309079536
3,1,0,0,0,2.630423280756342,0.033252081093419976,4.04695268698441,0.015113743116929791,5.086518305510386,2.822250413827373,0.6972416043223053,110.00607708073765,10078657492.137741,0.0,0.1818419422988241,0.2501796427370102,0.23933123535346892,0.17121860271794365,2791632.683472838,0.02863972010790877,0.15918421845427955,0.027639596324274145,0.19693810194384945,0.37852598733271664,0.7871867582402439,0.2501796427370102
2,2,1,1,0,2.110885094899315,0.09072750340741759,5.3559382164514435,0.020161404251612624,1.5645972502521246,1.5582855067669164,0.39376919172022795,104.55849138539541,9991276284.855453,0.0008508140635464186,0.2541687296611285,0.2502129724839031,0.18631050425409668,0.15568077579016873,6108762.369859401,0.017355801997707886,0.09359475513388293,0.017169007190422133,0.2502129724839031,0.39597241688387375,1.0,0.2502129724839031
4,1,0,2,0,3.095145137899449,0.05147462449743194,3.675441741620925,0.03958867179879046,8.487273535405592,1.2718312546770107,0.08509453976611446,105.9420922703584,11561354336.922377,0.0009436050453544216,0.17263924340910397,0.25036189005531695,0.24787761470340952,0.1801801757053847,2384024.9910438764,0.03072165593552597,0.17416963648762107,0.02953070748763369,0.25036189005531695,0.38969147963483963,1.0,0.25036189005531695
4,1,0,2,0,3.095145137899449,0.05147462449743194,3.675441741620925,0.03958867179879046,8.487273535405592,1.2718312546770107,0.08509453976611446,105.9420922703584,11561354336.922377,0.0009436050453544216,0.17263924340910397,0.25036189005531695,0.24787761470340952,0.1801801757053847,2384024.9910438764,0.03072165593552597,0.17416963648762107,0.02953070748763369,0.18588506722028392,0.38969147963483963,0.7424655053499276,0.25036189005531695
3,1,0,3,0,4.713189431729457,0.08754741319390147,4.533540090220318,0.007819464280481208,5.854224147060879,9.962422936592986,0.23208609935500207,124.67583807599966,13956129444.932035,0.0,0.16589939638904128,0.25056077720733316,0.25457585840699487,0.17870856676265745,1615839.6404975804,0.032404433841829144,0.18547758095911804,0.0311879936952503,0.15019380248480801,0.3965146345495237,0.5994306218188579,0.25056077720733316
3,1,0,2,0,1.074860039150743,0.07600831802654293,9.839962763018871,0.02147824862068916,0.8389063540619713,2.3836303042218105,0.8254229866077217,94.27503483493706,16664954018.239649,0.0008665395813387397,0.24593489368469132,0.25058442053883867,0.1925967611857494,0.15968589916584075,7109618.506145335,0.01854675620962029,0.08321707350214425,0.018329756236479228,0.1593170607168262,0.4123100806004969,0.6357819866623882,0.25058442053883867
4,0,1,3,1,3.664475172620765,0.005081075234236751,6.578945001816104,0.06942586383603967,6.19526330837485,7.465125707127545,0.5916972114747835,86.25372649936426,9547730023.501244,0.0012904466104763541,0.16210912412579184,0.2506028413443698,0.2583219779915897,0.1736748233885406,374388.57970965083,0.03336512215674368,0.19355799884454272,0.032015445636559364,1.0,0.789531137747624,12.938564166215288,0.2506028413443698
3,1,1,3,0,4.236875774108649,0.09395764721695149,8.59489369423381,0.012462982995195916,8.271135388157436,1.441474447914325,0.6071519944323258,96.73812391970725,10762088486.302954,0.0,0.16402946537894147,0.25067251763806714,0.256343923863007,0.19939206649207736,2612062.2562987385,0.032856103650741555,0.19232346164089686,0.03185906285366241,0.08896908461436694,0.42923387189833,0.35492157438185834,0.25067251763806714
5,2,1,3,2,1.3038247112669705,0.07362160907617116,5.037374534259777,0.022028448506365372,3.2519021606277936,6.410920787886983,0.4124044232289674,111.07377648803546,19182986132.329517,0.0009398440077165543,0.23022367431324736,0.2507101488598166,0.20181424315939522,0.1615870236973274,4134282.776536226,0.02036449437099975,0.11463533979852869,0.01993647195968588,0.2507101488598166,0.4742464586472228,1.0,0.2507101488598166
3,1,0,2,0,4.368539187917127,0.0472596996388866,6.043295544562594,0.018727478516936104,2.0446144434473212,7.191463558178079,0.0765903916057797,128.97223492295532,10060173103.14526,0.0,0.22498414920539145,0.25081772949507886,0.20538031224857986,0.14421340358466647,2712829.6842615446,0.02109053632966208,0.12138251228046681,0.02040201080398616,0.08022251055116364,0.38350789368741794,0.31984385917478625,0.25081772949507886
3,2,0,2,0,3.764282196460868,0.0854360722764537,6.869501486501378,0.01996270378002585,6.654085228865121,8.616689460483585,0.32081142595903644,121.883610750403,11566740890.521471,0.0008400529827724736,0.1717293233205064,0.2508661983486051,0.24898594989347844,0.18216480747476807,2480867.5059559713,0.030997001622178878,0.18061717253255238,0.02994746200939522,0.2508661983486051,0.41619573522949455,1.0,0.2508661983486051
3,2,0,2,0,3.764282196460868,0.0854360722764537,6.869501486501378,0.01996270378002585,6.654085228865121,8.616689460483585,0.32081142595903644,121.883610750403,11566740890.521471,0.0008400529827724736,0.1717293233205064,0.2508661983486051,0.24898594989347844,0.18216480747476807,2480867.5059559713,0.030997001622178878,0.18061717253255238,0.02994746200939522,0.033369858634334684,0.41619573522949455,0.13301855273448893,0.2508661983486051
3,1,0,2,0,1.3123235347715363,0.05431720410029733,4.780971788981592,0.022356767481464628,0.5071513343863415,7.748643560487438,0.3423151914939825,128.28003752809008,11151990471.519497,0.001150448264421499,0.23643108443015692,0.2510575831263252,0.1990809683742741,0.1637507901969394,6641234.537701946,0.019816615984419365,0.0905647009326026,0.01956399489448634,0.11002041547463076,0.42255780505677626,0.4382278125384149,0.2510575831263252
2,1,0,2,0,3.734342970372534,0.0802038199163141,2.4966895483843525,0.009835304144968776,5.44404943530009,9.346095958833931,0.09664686805870847,117.46941040644928,12626589926.842413,0.0,0.17854305042010055,0.2511676086504238,0.24294785280976128,0.15630695463865035,470115.5405132766,0.029511829592436718,0.17042747969509864,0.028272304005261217,0.6290110547071482,0.43656672176721356,2.5043478260869563,0.2511676086504238
3,1,0,2,0,4.967933338713348,0.061706600633846795,2.5358157291426715,0.026573813440959396,8.240713626235706,5.167083146722885,0.47519079521632207,119.56384884570137,18362111832.870148,0.0010851434835140513,0.1465556664770611,0.25116843684684304,0.27216411983155786,0.1911811814740441,1629155.8065078142,0.03703665406184329,0.21298637926147257,0.03550762180279724,0.25116843684684304,0.3442391125420542,1.0,0.25116843684684304
3,1,0,2,0,2.2603096818889394,0.05691265364458309,1.29531285570855,0.008393297813677422,1.9175941300373573,2.649954023231708,0.43045627294796707,128.26304259673444,11137336843.634724,0.0,0.19705109960698014,0.2511772199312354,0.22689372568943178,0.17621856452155946,3195564.57090329,0.02574038137861556,0.14786049684702784,0.0250880435311314,0.010928142081196636,0.28115390307069577,0.043507695818069916,0.2511772199312354
3,1,0,2,0,1.0503045399126572,0.045584481409011904,6.589761081358236,0.053535003489164665,3.513704277127425,2.440370896088379,0.5683320205518496,79.09312400829948,9583743736.937397,0.0008152175064304848,0.205710703769869,0.2512930745163043,0.22007951342112167,0.16104238057730647,3717556.6543407496,0.02421749611383884,0.13870168885002265,0.023441330837351327,0.16077806721825483,0.4203877970997453,0.6398030169662448,0.2512930745163043
3,1,0,0,0,2.131479312208985,0.05334671232787284,1.5754346613359336,0.02921554325949044,2.53763743801455,4.89721324299786,0.6444364161485229,129.2706332931898,9334321156.30253,0.0005758055612048549,0.18728382310449992,0.25135635911953047,0.235498162305837,0.17445541871444598,2711279.449158352,0.027729692224713175,0.15622209279855492,0.02688322338944034,0.8003751704744664,0.33602808799104644,3.1842248721221114,0.25135635911953047
4,0,1,3,1,4.615885391370782,0.036172370445447896,6.427591072674806,0.055702037021946614,6.407400687765814,10.432887362915382,0.8217025945971452,93.39613342403564,13543749743.36377,0.0012740675309843978,0.18315243795130798,0.25141166466622256,0.23995825220327627,0.21260613022894556,5056608.712852987,0.028789981400225567,0.1482781532309294,0.028298113155134003,0.017252522673915003,0.6324630872077062,0.0686226022838665,0.25141166466622256
4,2,1,2,0,4.571996286606343,0.06121431729268876,2.8753595504463445,0.0590472617256094,3.2702686473416707,4.483245542484709,0.7556270954934452,117.74519555061133,19726182926.653687,0.0008732366052004533,0.20234021390852008,0.25151488678527484,0.22286311920356164,0.16429197106581006,2401041.136059765,0.02483398495057046,0.14362073849837398,0.023907860923213033,0.25151488678527484,0.37042497270071684,1.0,0.25151488678527484
5,1,0,1,1,4.567743750720033,0.026029206382601998,8.70819382444902,0.011474957640712796,4.960592007170599,9.476716210715535,0.6572307441440175,120.38738524189628,11119845502.916796,0.0,0.17073300084009324,0.2515765951184898,0.2511177606754233,0.16898629094635798,1040886.4171068909,0.031530064863319586,0.17494721813058012,0.03016918152562694,1.0,0.36753221557903415,57.27975028975174,0.2515765951184898
3,1,0,2,1,2.033919136103588,0.02890089967819432,0.8252939017436627,0.013568586329526414,1.8493206069415244,5.147739398866779,0.6990580803078272,114.74418220389651,15374155159.194912,0.0,0.19064176320159992,0.2516122796967761,0.2329574060345258,0.17832448196521983,2890892.004354676,0.02713457651316746,0.150511501000532,0.026388439116498883,0.2516122796967761,0.22593791922771414,1.0,0.2516122796967761
3,2,0,1,2,0.8179666611792481,0.0789775481359128,1.3686408399229273,0.017013690099181186,0.8764648862078506,3.7768244617558775,0.206035999190836,121.57535513202025,10074701952.085863,0.0,0.25679682838982676,0.25166396756571835,0.18586416892931157,0.16195342554926426,6073886.68965155,0.017272744645891836,0.09295206409497347,0.017117661677478312,0.021081230337283152,0.3331517640950079,0.08376737655849799,0.25166396756571835
3,1,0,1,0,2.53459839229734,0.08198727563932218,3.558000286166441,0.013890815880562905,5.5365084775677555,5.294191003052865,0.39413498736136154,108.83557886090794,16042414668.874428,0.0,0.18535722580378938,0.251666293418633,0.23766090201292553,0.1733810494537093,2832089.057535121,0.028241352172798696,0.15583703112294467,0.02728334056414192,0.251666293418633,0.3756286350848243,1.0,0.251666293418633
3,1,0,1,0,4.215287568697479,0.05527945121270559,2.9817500278840243,0.02338728494668742,5.251406423055115,6.278449187166898,0.3827342175328337,121.11660772465015,14042303083.424246,0.0007287464154215074,0.1600627181508144,0.2517001371695522,0.26165459400605423,0.18501785580687288,1989767.6300884774,0.03423156328223653,0.19679753939887745,0.032936040059440896,0.060031984254351856,0.35874370837673075,0.23850596558838044,0.2517001371695522
3,1,0,1,0,4.215287568697479,0.05527945121270559,2.9817500278840243,0.02338728494668742,5.251406423055115,6.278449187166898,0.3827342175328337,121.11660772465015,14042303083.424246,0.0007287464154215074,0.1600627181508144,0.2517001371695522,0.26165459400605423,0.18501785580687288,1989767.6300884774,0.03423156328223653,0.19679753939887745,0.032936040059440896,0.2517001371695522,0.35874370837673075,1.0,0.2517001371695522
3,1,0,2,1,1.2597791021963045,0.0824166389899396,1.9559307003134863,0.01453260766240494,3.617138247114657,2.995707237280637,0.3126001019062536,105.20460662280846,11876908311.152847,0.0,0.22253674450253927,0.2517461907476554,0.20798135329243253,0.16512351476802883,4030840.3578628376,0.02162812165867582,0.12274919686081387,0.021163334756723537,0.006908945257962412,0.35684879339003933,0.02744409056376857,0.2517461907476554
3,1,0,2,1,1.2597791021963045,0.0824166389899396,1.9559307003134863,0.01453260766240494,3.617138247114657,2.995707237280637,0.3126001019062536,105.20460662280846,11876908311.152847,0.0,0.22253674450253927,0.2517461907476554,0.20798135329243253,0.16512351476802883,4030840.3578628376,0.02162812165867582,0.12274919686081387,0.021163334756723537,0.006908945257962412,0.35684879339003933,0.02744409056376857,0.2517461907476554
3,1,0,2,0,0.48635017098656774,0.03991745832561402,1.6841348565563174,0.003324748740269506,0.33792215648306356,6.866640462968466,0.5262526203179895,117.5737021655786,14815547397.714884,0.0,0.18568867564432479,0.2517895556384839,0.2374100964173012,0.15922900717029154,1063796.2025836755,0.028181776940436127,0.15687012872350414,0.02731628858493863,0.2517895556384839,0.32914218798935335,1.0,0.2517895556384839
3,1,0,2,0,0.48635017098656774,0.03991745832561402,1.6841348565563174,0.003324748740269506,0.33792215648306356,6.866640462968466,0.5262526203179895,117.5737021655786,14815547397.714884,0.0,0.18568867564432479,0.2517895556384839,0.2374100964173012,0.15922900717029154,1063796.2025836755,0.028181776940436127,0.15687012872350414,0.02731628858493863,0.2517895556384839,0.32914218798935335,1.0,0.2517895556384839
3,1,0,2,0,0.5461392490506907,0.08763052823642507,1.422349297291909,0.004490965662545421,0.8767493938640807,6.323672912207093,0.28032062976912564,128.33340892965586,10238330250.375238,0.0,0.20131856158354544,0.2517900298809745,0.22397994357572776,0.16956220806138786,3341997.9705622485,0.025083507562093096,0.14407561947590208,0.024367106977755956,0.008650573309484325,0.3059146249646742,0.0343562980375895,0.2517900298809745
3,1,0,2,0,0.5461392490506907,0.08763052823642507,1.422349297291909,0.004490965662545421,0.8767493938640807,6.323672912207093,0.28032062976912564,128.33340892965586,10238330250.375238,0.0,0.20131856158354544,0.2517900298809745,0.22397994357572776,0.16956220806138786,3341997.9705622485,0.025083507562093096,0.14407561947590208,0.024367106977755956,0.008650573309484325,0.3059146249646742,0.0343562980375895,0.2517900298809745
4,1,1,1,0,2.8758120889244423,0.05996255728273571,3.719266967533312,0.01212604783285011,5.218435473866686,10.84933090426585,0.4586278853884867,60.521479306617664,18332027085.84585,0.0,0.1821495653536819,0.25183858246997487,0.24013070651184398,0.16298211462393863,338787.95661760174,0.028831378104938674,0.1696531582407117,0.027886390025392317,0.5998423703443636,0.4526593880358601,2.381852551984877,0.25183858246997487
4,1,1,1,0,2.8758120889244423,0.05996255728273571,3.719266967533312,0.01212604783285011,5.218435473866686,10.84933090426585,0.4586278853884867,60.521479306617664,18332027085.84585,0.0,0.1821495653536819,0.25183858246997487,0.24013070651184398,0.16298211462393863,338787.95661760174,0.028831378104938674,0.1696531582407117,0.027886390025392317,0.5998423703443636,0.4526593880358601,2.381852551984877,0.25183858246997487
3,0,0,2,0,2.7827180240434743,0.09515338029073674,6.894963449043365,0.023256770802215585,2.317276675338465,1.230649215541607,0.24906259342202214,114.19819991346928,10518815892.19539,0.0008303245432244971,0.20828339336374233,0.25184850980315254,0.21862320361388082,0.1809723946657109,4553066.588741291,0.023898052579198196,0.1359155684606138,0.02342930794174785,1.0,0.515135096068043,4.492510871134926,0.25184850980315254
1,1,0,2,0,1.0621567620969508,0.04362665927158973,6.311664512437119,0.05141428116753743,3.5152113153360878,2.712328131708855,0.568752298483612,78.52170195282446,9536393209.432854,0.000857163077173392,0.18670212102342382,0.2518754344809983,0.23616519219998566,0.1909178281369834,3746681.735271316,0.027886999003428083,0.16323552337805003,0.027239823945318473,0.2518754344809983,0.5385113574507602,1.0,0.2518754344809983
1,1,0,2,0,1.0621567620969508,0.04362665927158973,6.311664512437119,0.05141428116753743,3.5152113153360878,2.712328131708855,0.568752298483612,78.52170195282446,9536393209.432854,0.000857163077173392,0.18670212102342382,0.2518754344809983,0.23616519219998566,0.1909178281369834,3746681.735271316,0.027886999003428083,0.16323552337805003,0.027239823945318473,0.2518754344809983,0.5385113574507602,1.0,0.2518754344809983
3,1,0,3,0,2.6008328516074104,0.042379529945271895,3.462438851050466,0.01059949621827037,5.954513503979539,3.9477864220584062,0.3298951625617318,115.96969168463231,9161235825.124313,0.0,0.17573970234300046,0.25191403816118013,0.2461370105198943,0.18360116797709905,2946794.490050261,0.030291713973835285,0.17760760131122544,0.029246673904468695,0.25191403816118013,0.3810659971179784,1.0,0.25191403816118013
4,1,0,2,0,3.095694554754058,0.051455548312729533,3.6589095647839476,0.0393058915688334,8.479433282564328,1.2614052402136033,0.08329644294311471,105.94727110151673,11583359458.132467,0.0009434174069937103,0.1738828468587279,0.2519591857129221,0.2482544340857345,0.18044986110861283,2405112.011957789,0.03081513202161415,0.1747387042145172,0.029609500180515985,0.19696480310042502,0.39074789673980864,0.7817329721205056,0.2519591857129221
4,1,0,2,0,3.095694554754058,0.051455548312729533,3.6589095647839476,0.0393058915688334,8.479433282564328,1.2614052402136033,0.08329644294311471,105.94727110151673,11583359458.132467,0.0009434174069937103,0.1738828468587279,0.2519591857129221,0.2482544340857345,0.18044986110861283,2405112.011957789,0.03081513202161415,0.1747387042145172,0.029609500180515985,0.2519591857129221,0.39074789673980864,1.0,0.2519591857129221
3,1,0,3,0,2.5950915047864713,0.04240612128279423,3.4673514509008636,0.010640646459543018,5.950671565823464,3.9876780447953393,0.3298906858670962,115.937756760825,9155741594.78116,0.0,0.17506579943024503,0.2519592131425384,0.24682100787932545,0.1835059664837599,2911927.221472941,0.030460304965283017,0.17849750925218322,0.029395482577869742,0.052008573829416725,0.38147360028475535,0.20641663855329803,0.2519592131425384
3,1,0,2,1,1.2592416779763727,0.08242323875270559,1.9533746077197058,0.01455098710916976,3.6175449365865964,2.9914655422373384,0.31249382110567314,105.20704953931273,11876393976.810041,0.0,0.22267040199225693,0.25196862330068814,0.20807389468433615,0.16520804683945964,4032375.7099272683,0.021647372824554104,0.12285328475302837,0.0211822629752537,0.00691218535471371,0.35663468557225503,0.027432722630964315,0.25196862330068814
3,1,0,2,1,1.2592416779763727,0.08242323875270559,1.9533746077197058,0.01455098710916976,3.6175449365865964,2.9914655422373384,0.31249382110567314,105.20704953931273,11876393976.810041,0.0,0.22267040199225693,0.25196862330068814,0.20807389468433615,0.16520804683945964,4032375.7099272683,0.021647372824554104,0.12285328475302837,0.0211822629752537,0.00691218535471371,0.35663468557225503,0.027432722630964315,0.25196862330068814
3,1,0,2,1,1.258896310543233,0.08242786698730213,1.9539304295892397,0.014543610015633226,3.6190934935495305,2.9892497698715568,0.31238591722754555,105.20672965745914,11875287580.379887,0.0,0.22270777774070863,0.2519874472003688,0.20806248631037003,0.16519838523009922,4033933.069530215,0.021644999104826455,0.1228516730385737,0.02117989455073886,0.006926118469923608,0.3566584277077084,0.027485966252978774,0.2519874472003688
3,1,0,2,0,4.332164810900804,0.07988716995159312,3.980253054405399,0.012237872833133396,9.007904561114069,5.894176826736896,0.268848339174278,107.53901309913529,10612404801.52327,0.0,0.1643978344151228,0.2520056879603814,0.2576569244004228,0.18460885219313466,1877909.816759418,0.0331935453457426,0.18789431023092873,0.03190275707472989,0.2520056879603814,0.3873832779635185,1.0,0.2520056879603814
3,1,0,2,0,4.332164810900804,0.07988716995159312,3.980253054405399,0.012237872833133396,9.007904561114069,5.894176826736896,0.268848339174278,107.53901309913529,10612404801.52327,0.0,0.1643978344151228,0.2520056879603814,0.2576569244004228,0.18460885219313466,1877909.816759418,0.0331935453457426,0.18789431023092873,0.03190275707472989,0.05791479703519686,0.3873832779635185,0.2298154359289772,0.2520056879603814
3,1,0,2,0,4.332164810900804,0.07988716995159312,3.980253054405399,0.012237872833133396,9.007904561114069,5.894176826736896,0.268848339174278,107.53901309913529,10612404801.52327,0.0,0.1643978344151228,0.2520056879603814,0.2576569244004228,0.18460885219313466,1877909.816759418,0.0331935453457426,0.18789431023092873,0.03190275707472989,0.05791479703519686,0.3873832779635185,0.2298154359289772,0.2520056879603814
3,1,0,2,1,1.6788207173841245,0.09393130107141293,3.273240883418841,0.025376267485444783,3.536918013856074,1.3742347029394937,0.24603086716878528,96.2795800360139,14572818599.43113,0.0014326405567797404,0.2063643639988283,0.2520750254119506,0.22051159089407732,0.17049188000246537,3455272.188935671,0.02431268085931846,0.1346002332243852,0.02359745166018749,0.2520750254119506,0.4337555608355816,1.0,0.2520750254119506
3,1,0,2,0,3.6010739010328665,0.06980592389112862,2.4699815038448305,0.07407619566648377,2.1743282656292036,8.948743283840505,0.4675421412319101,115.69856500992307,10456448384.958662,0.0008550513308275841,0.22631408898680955,0.25208859124680527,0.2055356828605478,0.167094856992588,3309710.6232485822,0.021122458464475843,0.1211247420406405,0.020703823661352122,0.25208859124680527,0.37128971221144647,1.0,0.25208859124680527
5,1,1,1,1,2.420608132371695,0.023273163007875117,2.0710741776660884,0.0665847114565367,8.937278485216336,15.2590051054931,0.11174543813618937,114.81778795182652,13648934821.466618,0.0006244385022405052,0.21112128891562146,0.2520954574054472,0.21746294131885524,0.14361347742952874,227774.58386040106,0.023645065423523938,0.11976524105603825,0.02307925526274668,0.2520954574054472,1.144290688986393,1.0,0.2520954574054472
3,1,1,2,0,3.462779909965519,0.0941635441382436,7.656352903144564,0.005446144570769383,5.783935383983067,2.7211931702823655,0.5950574340625157,121.08031915315009,15140752151.17172,0.0,0.2558975068764139,0.25211566235442073,0.18646321282260322,0.1480551930546061,5455558.918918803,0.01738426486806371,0.0988136646157114,0.01712683801165513,0.25211566235442073,0.3494890858818118,1.0,0.25211566235442073
3,1,1,2,0,3.462779909965519,0.0941635441382436,7.656352903144564,0.005446144570769383,5.783935383983067,2.7211931702823655,0.5950574340625157,121.08031915315009,15140752151.17172,0.0,0.2558975068764139,0.25211566235442073,0.18646321282260322,0.1480551930546061,5455558.918918803,0.01738426486806371,0.0988136646157114,0.01712683801165513,0.03411907961649906,0.3494890858818118,0.1353310591570266,0.25211566235442073
5,2,1,1,1,1.492250010920841,0.021455869256801676,8.247174102772611,0.01227642405915836,5.5295285639303255,16.506802602911094,0.7743480229357931,79.27168978038567,15848169418.333296,0.0,0.23980185018045538,0.25226488856876905,0.19660292779776659,0.16024829471575386,3385693.032154179,0.019326355609326912,0.11056309016798704,0.01906630403459394,0.25226488856876905,0.3720211100835873,1.0,0.25226488856876905
4,2,0,2,0,0.8363779095352555,0.0600897727175181,5.22088830795166,0.0354723249461814,3.178629333586436,6.942089597271949,0.768669202973218,118.89024660749891,9537635912.179842,0.0008202930085185695,0.20289721611059341,0.25228150184901454,0.2230444864001722,0.1588003000963069,1873016.55180495,0.024874421456758295,0.14494585618985412,0.02417617293938853,0.25228150184901454,0.5350559649005204,1.0,0.25228150184901454
4,1,0,2,0,3.0933673838590323,0.0513100881431617,3.671465999902636,0.0393303137036371,8.491443061278309,1.2371842360027097,0.08233817316196264,105.8128790566238,11588823502.786549,0.0009427633678509744,0.19423246400040622,0.25235618523758674,0.23036267758231366,0.16933239526687618,3077935.7282047067,0.026533481611446495,0.1514495966153383,0.025709241840641023,0.25235618523758674,0.5162963791533636,1.0,0.25235618523758674
3,1,0,3,0,4.725423039262573,0.08407854605040714,4.739936423725931,0.006619810653268887,5.998111099741385,10.5459032691964,0.23764826541430173,124.7957313254878,13911739101.608276,0.0,0.17331344018463563,0.25245031141008445,0.24918103103110537,0.1767139578959938,1689819.2752170009,0.031045593112862344,0.17789306174080477,0.02992552686221282,0.25245031141008445,0.39168463140039406,1.0,0.25245031141008445
5,2,0,3,0,4.160072669571885,0.08181471946319592,9.612099229506638,0.017744370714092184,7.785213670093338,4.581221617365231,0.12251484117554949,112.74573028610195,18827287067.603043,0.0,0.18301125746726743,0.2525257598574328,0.2403405832035548,0.16739155910527842,2475718.459777748,0.028881797967312425,0.16372542278419988,0.027572771748713486,0.2525257598574328,0.4230447648091676,1.0,0.2525257598574328
5,2,1,1,1,1.6066762557140748,0.07445628772110759,6.696542678009204,0.041991916809590656,3.243637702411716,2.4138181693954426,0.7051933983118344,92.17634642139608,9416492012.333788,0.0010820326252402124,0.2169416693227207,0.2525268291126082,0.21263673618036072,0.1634011534915841,3989207.9291927386,0.022607190786718162,0.12943269318139328,0.021894087264911086,0.2525268291126082,0.4751584696948047,1.0,0.2525268291126082
3,1,0,2,1,2.37922852969667,0.034052183556216364,5.320407951314703,0.024290903654516194,4.519128853459759,6.031338321660414,0.6916789381134719,103.56775786490678,10448568850.677135,0.0011441211444329577,0.1868540289625619,0.25256962734715765,0.23707529217286932,0.17500621907898428,2786527.5973565276,0.028102347079425674,0.1571704884763785,0.027239159223911378,0.25256962734715765,0.439751631749769,1.0,0.25256962734715765
4,2,0,2,0,2.319231395411812,0.07421133827313546,9.304010702508599,0.016303149646906354,5.757238932079216,4.026019547756875,0.5369052921195213,113.07181307013516,18942992570.62801,0.0,0.2250172387370734,0.2526124965044173,0.2072104658922383,0.16067667736055205,3255181.7276905547,0.021468088587639222,0.11707672289771709,0.020960306797139627,0.2526124965044173,0.3858193725777318,1.0,0.2526124965044173
3,1,1,2,1,0.160999430609709,0.06848585480817763,7.674997230772547,0.008561397872136493,0.5283525575126404,6.092123698767313,0.5072380347399303,99.94308492981179,14209482536.183128,0.0,0.21485293098236435,0.25271518612185506,0.2142928513266033,0.14924548392228737,370945.14682117075,0.022960713064842854,0.1324337621205639,0.02246190422538811,0.25271518612185506,0.4573613685569398,1.0,0.25271518612185506
3,1,0,2,1,3.376425685138844,0.07199608578101212,4.5160602560692915,0.02184514536365763,4.562464135739148,2.707510772422632,0.39082437317898494,94.27524155716709,9093953600.778328,0.0009933131037358905,0.19333775660398184,0.2527650530545097,0.23195617274864527,0.17726679399040385,1950247.2120204314,0.026901833038099683,0.14493572790184728,0.026202586487270266,0.17756054058406207,0.5206286434036305,0.7024726655775888,0.2527650530545097
3,1,0,2,1,4.506202318414681,0.060395078210956674,1.1593031988278781,0.028160173282903714,2.4971671902963943,2.1354998205361944,0.8340030081595968,94.67258686963956,11301115899.330503,0.000619125100985388,0.14929141333483198,0.25277360043576713,0.27358753269934705,0.18867239474781772,1449801.7889610399,0.03742506902425815,0.2177674704673528,0.03586135231174564,0.25277360043576713,0.222777950198669,1.0,0.25277360043576713
5,2,1,1,1,3.0114140368711917,0.0485375946222751,4.773963137530033,0.01708303075321789,2.825574666378886,3.461684460598846,0.15557105026138002,118.91782933928508,16177940794.753452,0.0,0.15919608484425646,0.2528333069800003,0.26336318810875853,0.17888636076311612,929974.8658682815,0.03468008442540466,0.2062090083832112,0.03332062356782484,1.0,0.4699434652393093,4.626030662813687,0.2528333069800003
3,1,0,2,0,0.5450705157023887,0.08759874893793043,1.422318492448485,0.004519532168595783,0.8728993076807785,6.331671656676165,0.2803742692485438,128.36622843871402,10238841589.088991,0.0,0.1922309260218163,0.25302571776720917,0.23267040304991024,0.17401891251025461,2988653.7272100267,0.027067758227703843,0.15451289525604484,0.026221958239098446,0.02631692621248241,0.30595673106642074,0.10400889856063852,0.25302571776720917
1,0,1,2,2,4.306802724920364,0.036545269646015635,2.9133888175273293,0.07160372941764909,0.21156634096462537,9.966727904043813,0.42412375230875143,99.85599170881513,11044479216.41551,0.0012047697730033044,0.15949093521355334,0.2531670690177906,0.2636287956257601,0.19232222470585963,2207628.022799727,0.034750070941544385,0.20221807885963505,0.03345159821968845,0.2531670690177906,0.5385820400047062,1.0,0.2531670690177906
4,2,1,1,0,2.053340930211615,0.01713789987934049,8.168381619275847,0.023372871076181863,5.263205602011045,6.582501976060122,0.49911752887241756,87.19002994135109,10368920854.376617,0.0006237028254962932,0.20307137663184444,0.25323012202288014,0.22410139764557352,0.1531229460738081,143367.64459960902,0.02511071821334973,0.1398248968783775,0.024443835802444067,0.25323012202288014,0.9552973349911164,1.0,0.25323012202288014
4,2,1,1,0,2.053340930211615,0.01713789987934049,8.168381619275847,0.023372871076181863,5.263205602011045,6.582501976060122,0.49911752887241756,87.19002994135109,10368920854.376617,0.0006237028254962932,0.20307137663184444,0.25323012202288014,0.22410139764557352,0.1531229460738081,143367.64459960902,0.02511071821334973,0.1398248968783775,0.024443835802444067,0.25323012202288014,0.9552973349911164,1.0,0.25323012202288014
1,2,1,1,2,2.3142708457109062,0.07305273793739325,2.6048425586587243,0.021833909190935537,7.427156544287024,6.131032164007964,0.48710169412869575,88.95599374094247,12232544074.302011,0.0006534265277736281,0.18910909509298018,0.25330149453933365,0.23534980494214283,0.1662342067407306,1427728.5366375302,0.027694765343152336,0.16297456656252984,0.02692207978795223,0.25330149453933365,0.4923601705556641,1.0,0.25330149453933365
3,2,0,2,0,2.753018304239025,0.05592983863138955,3.0957973154027743,0.01535270188696314,4.25751628313118,3.628165937360524,0.45152779816121336,118.17092014010935,17861609135.95645,0.0,0.19333885328241096,0.2533020406337409,0.2322120151317588,0.17511130589171098,2937728.2891071313,0.02696120998577609,0.14966285137069713,0.026062545191595732,0.2533020406337409,0.37586269262814265,1.0,0.2533020406337409
3,1,0,2,0,0.5459511495377881,0.08760757558001654,1.4210932852568947,0.004511567167306028,0.874256503038687,6.327307503673993,0.28028099232546827,128.35297101404905,10237406407.32982,0.0,0.20141236451365485,0.25337853813016853,0.22533030211763755,0.17037422999114704,3316582.926347553,0.025386872526212904,0.14577315277743286,0.02464902932191634,0.009677972299061541,0.30584372654101666,0.0381957065917306,0.25337853813016853
3,1,0,2,0,0.5459511495377881,0.08760757558001654,1.4210932852568947,0.004511567167306028,0.874256503038687,6.327307503673993,0.28028099232546827,128.35297101404905,10237406407.32982,0.0,0.20141236451365485,0.25337853813016853,0.22533030211763755,0.17037422999114704,3316582.926347553,0.025386872526212904,0.14577315277743286,0.02464902932191634,0.009677972299061541,0.30584372654101666,0.0381957065917306,0.25337853813016853
3,1,0,2,0,0.5459511495377881,0.08760757558001654,1.4210932852568947,0.004511567167306028,0.874256503038687,6.327307503673993,0.28028099232546827,128.35297101404905,10237406407.32982,0.0,0.20141236451365485,0.25337853813016853,0.22533030211763755,0.17037422999114704,3316582.926347553,0.025386872526212904,0.14577315277743286,0.02464902932191634,0.009677972299061541,0.30584372654101666,0.0381957065917306,0.25337853813016853
3,1,0,2,0,0.5459511495377881,0.08760757558001654,1.4210932852568947,0.004511567167306028,0.874256503038687,6.327307503673993,0.28028099232546827,128.35297101404905,10237406407.32982,0.0,0.20141236451365485,0.25337853813016853,0.22533030211763755,0.17037422999114704,3316582.926347553,0.025386872526212904,0.14577315277743286,0.02464902932191634,0.009677972299061541,0.30584372654101666,0.0381957065917306,0.25337853813016853
2,2,0,2,0,2.308737311167494,0.0935699355172101,9.256516426071398,0.008238196443123343,8.059736160726251,4.189279256198507,0.23281799284439958,87.69969198734931,17605796820.829586,0.0,0.2505680585299751,0.25339900744617627,0.19072709793449907,0.16144470636949917,5478815.180551359,0.018188412943258,0.10300287943330111,0.01798156458761481,0.9990370868754354,0.3677792171152956,3.9425453830462924,0.25339900744617627
3,1,0,2,0,3.4608428742407233,0.09415742441261027,7.656816281176409,0.005475276784454627,5.785613607100454,2.7199588249015796,0.5952157579546595,121.11543056127348,15137460997.121683,0.0,0.2561599603172706,0.25347401235539146,0.18735486527204326,0.1503256127223505,5515407.421516875,0.01755092277055274,0.09968577326101169,0.017297056292966434,0.25347401235539146,0.34958792989133936,1.0,0.25347401235539146
3,1,0,2,0,1.2040570245065048,0.03767189737614174,4.113050910982347,0.0202260835187297,1.5734080953739609,5.9034398435133815,0.7328867713997307,93.87345640400896,11806773969.693287,0.000798917901362609,0.2561964655186197,0.25356156732091945,0.1874012353217244,0.15910345262032563,5472667.243014706,0.01755961150005416,0.0997166251002084,0.017366489543735035,0.25356156732091945,0.362632778997878,1.0,0.25356156732091945
2,1,0,2,1,1.8782919391264428,0.09081963861458425,6.8478921464001,0.010607444252053396,3.8723381242923014,3.869678977885465,0.3946021634906423,122.95644659911473,9220309862.30126,0.0,0.23948907274844453,0.2536208530233385,0.1978903458404907,0.16544736265137522,4760333.16657854,0.019580294488434506,0.11212636474091076,0.019264441596356572,0.2536208530233385,0.357444006650517,1.0,0.2536208530233385
2,1,0,2,0,2.250735846506782,0.09408932324734029,3.0097168472765414,0.04143321276039023,5.306348370540827,3.954359539982218,0.028916583315270465,81.6191574641082,18022094215.54048,0.0013060975406226415,0.20323383178946908,0.2536648176744457,0.22466964686320304,0.1690674259587345,2999396.352094533,0.025238225110818177,0.13480417562029434,0.02449626437608186,0.2536648176744457,0.3740745419964321,1.0,0.2536648176744457
4,2,1,1,0,3.654376680193119,0.06475513941547699,3.157895900556535,0.014461136467091438,2.7909959133651645,2.0838561936567146,0.6901117269232152,75.29121054155293,11821815531.007618,0.0,0.20054890677005266,0.2536665117794271,0.22658422616474597,0.16384801496776996,2458032.992912151,0.025670205773338377,0.14190285196000163,0.024689208495531408,0.2536665117794271,0.38370861512808235,1.0,0.2536665117794271
5,2,1,0,1,0.4451612730196416,0.08764742197984518,7.6582219096512105,0.07550945696414517,4.567743969776249,5.609630799375708,0.4442733899888594,74.2480552934531,11876526401.734303,0.0012198774575360978,0.2120175006107265,0.2536696654329508,0.2185273695518972,0.1911021900630671,5356046.829713684,0.023877105621635725,0.11413109644922337,0.023564956955909818,0.7159226756161277,0.5401328233369236,2.822263649042255,0.2536696654329508
3,1,1,3,0,2.998859113186455,0.04479684607988958,9.961871969442157,0.005355365915938652,6.522547866706629,10.007704715239072,0.23158503929885937,94.12014145655071,13552856231.72464,0.0,0.17450176936643325,0.2536763634736324,0.24950706248209656,0.19362853506724206,2567966.075162118,0.03112688711422242,0.1734202857372802,0.030227745381029757,0.05147703980813786,0.4017412288976569,0.20292406869624838,0.2536763634736324
3,1,0,2,0,4.595239961622229,0.08609903150724099,4.946041221145729,0.025929641360005258,5.503592299375906,10.433662126016095,0.2723782991129978,105.07626792446955,14054880626.328724,0.0009574224922711241,0.17029413830540535,0.2536774047239717,0.253352498106186,0.1804493741759809,2152671.805953942,0.03209374414832249,0.18323722395837938,0.03091327980016552,0.2536774047239717,0.3927249379548601,1.0,0.2536774047239717
3,2,0,1,2,1.2953385729772773,0.07811573567647889,1.1539770614527847,0.023304234765850685,1.0849356847236202,10.779319863985757,0.2158566013405555,126.4629515011427,9014115498.770023,0.0005364422245935393,0.2135981501558672,0.2537185738275076,0.2162697047324101,0.17037842262694497,3272417.0615178044,0.023386292592521927,0.13171231238170378,0.022847628286959316,0.2537185738275076,0.265141530604437,1.0,0.2537185738275076
2,2,0,1,1,3.5388474313874583,0.05880729002072243,6.994053959050934,0.007496030476646731,7.524443721749475,9.150911784021313,0.09432664972381406,112.78673957002722,16540331856.835487,0.0,0.2087540212569857,0.2538174527581623,0.2202148854848214,0.16885860483932252,3496505.128610265,0.024247297894546504,0.13369618635926095,0.023649689659610902,0.201706142002036,0.36086062932359914,0.7946898048583836,0.2538174527581623
3,1,0,2,0,0.6653331304825176,0.07687001982014256,6.585843791326552,0.013586870416961534,1.3974655947410553,9.680407402590303,0.6128730480521317,115.00919734253296,17704072442.24519,0.0,0.2712606534937661,0.25383610358402076,0.17889059148699016,0.1533274199203545,5677604.965656633,0.0160009218612826,0.09016833086465004,0.01585494079696393,0.7685057270695126,0.38878176665582787,3.027566670850406,0.25383610358402076
3,1,1,2,1,1.0644428839266864,0.07274931504236538,9.930773663626136,0.014680889948633872,3.5587448642151998,11.965744391843648,0.16606734708190668,92.06680261080344,19426332461.582832,0.0,0.26804328709771075,0.2538551521317224,0.18108608485413952,0.15534061466727547,6322733.543815718,0.01639608506390031,0.085810434968012,0.016249453498942842,0.2538551521317224,0.3534221109728427,1.0,0.2538551521317224
3,1,0,3,1,3.989092960798869,0.06652732280584998,0.9167131943460074,0.013785779848283669,3.075122614099416,7.202244281088758,0.5588178850825527,116.84921625912268,13641961251.57389,0.0,0.17173763355296567,0.2539417835268401,0.2522810285774516,0.17220724017649472,1717609.0409288984,0.03182285869004848,0.18021657771815391,0.030595776402962738,0.02885723321872574,0.20541090602361284,0.11363719990442496,0.2539417835268401
5,1,1,3,1,1.6426459629457524,0.07746779807533992,7.908733385586109,0.024890095742476245,7.313985477730634,3.80428970576331,0.3233414180020012,124.56752440163764,19467465906.617733,0.0005838624406705775,0.22463241083294092,0.25397875101852346,0.20836365533928472,0.16799033788314632,4282923.848229496,0.02170770643317412,0.12326754703919718,0.02123758098399132,0.25397875101852346,0.45140535405496174,1.0,0.25397875101852346
5,2,1,1,1,2.4355039403147924,0.045365817201613,3.2071560826685697,0.0109005622724531,6.8876586196569916,3.937577855237251,0.3131243473628599,105.10373721588041,14273641362.82008,0.0,0.17679998478582631,0.25402895855754387,0.24716243063870927,0.16942690428066673,843842.198433,0.030544633559617385,0.17956769735934963,0.029543768146261046,0.25402895855754387,0.4794586850965511,1.0,0.25402895855754387
1,0,0,3,0,0.4327404362651982,0.08553601104611853,6.187186063349458,0.052183577784307246,6.016636061766259,1.0723324424219396,0.2739974681802111,106.10902971858252,16193678068.247904,0.0012924058829079915,0.19754108252234437,0.2542105578114806,0.22952714751621195,0.15663560145087438,2003364.6810423848,0.026341355723464462,0.14601249236454172,0.02541246413235606,0.2542105578114806,0.5268212924835708,1.0,0.2542105578114806
1,0,1,3,0,0.5493658512727503,0.03734522202426852,7.423181103348616,0.025108434237482182,2.1931618797897414,2.317996796342111,0.40748569104611776,104.33916290640282,10423817579.941341,0.0006455955371420508,0.20502842579806452,0.25428771501610253,0.22354283515652904,0.14542686639644017,1726523.2024434202,0.024985699574909558,0.13802026349045204,0.024067409631393557,0.43014701449694526,0.45910412621700614,1.6915760734635041,0.25428771501610253
2,1,0,2,1,4.826523370909548,0.06729032974389781,3.2178673878145876,0.07152944706856143,4.043673931339714,1.2515234227636398,0.4054177878075334,81.82906599935356,16953024981.130234,0.0005701822176819044,0.15097086044852925,0.2544353009210883,0.27416919973186527,0.1902673387677928,1698757.2459997348,0.037584375040805716,0.21958914037219635,0.035958884100755435,0.2544353009210883,0.3498921524330484,1.0,0.2544353009210883
3,2,1,1,0,4.544560926551564,0.06109475294689418,1.3915538947132733,0.03145929536108784,1.8150418015011547,2.1019708860735626,0.5691687564298421,63.53238737012253,10936347090.899208,0.0008482184455267591,0.1979947999866835,0.2545386649720613,0.22943464457610452,0.1479957402185904,1981719.3667737197,0.026320128065881705,0.14615360870449956,0.025359974746126068,0.05618377220534606,0.5306804078495332,0.22072784978075102,0.2545386649720613
3,1,0,2,0,4.915739280116931,0.08034662303772769,5.561477964625897,0.01689023423851533,2.180809334164924,8.281314556240714,0.05123989172188489,129.34047907306132,13968094330.919392,0.0,0.23115720869236445,0.2546051168177019,0.20430451228324134,0.13656856901134673,2500243.9196084524,0.020870166869646555,0.11896886633498682,0.020080639432181527,0.2546051168177019,0.4081271732188135,1.0,0.2546051168177019
3,1,0,2,0,3.0065107257218235,0.07931365360833588,4.379316476230135,0.03894089955242577,9.167423621277315,9.138771885900287,0.12091156905663072,122.15154618747775,9447361966.351646,0.0014398075399930052,0.18310909392377495,0.2546051236122841,0.24274106275665228,0.17535922342648344,2212890.9444081997,0.029461611774114497,0.15742157152798042,0.028498672156556146,0.1317466106629577,0.387613728993676,0.5174546717433036,0.2546051236122841
3,1,0,2,0,1.3066396077552194,0.08266000429410321,1.4410282579403362,0.04246856495144684,1.3614308880459591,1.2082589079603459,0.6394663556349275,96.38552130105194,12987454641.20071,0.0009531926293322005,0.23400559588431216,0.25463145196646925,0.20244487820337628,0.1654147474781487,4383382.99056701,0.02049196435538993,0.11572373044909023,0.02013147723486308,0.07921553368354714,0.3659428281593423,0.31109877853572665,0.25463145196646925
3,1,0,2,0,3.7651009857332163,0.023781177245885847,1.2882426769129574,0.025371689251889196,5.809639075337701,3.40634902346587,0.4082516634689453,127.8233690816342,14635323402.848812,0.0008919280646794948,0.1588246988898011,0.2546342426815067,0.2658822857105647,0.18965709165125996,1899074.9357215667,0.03534669492733718,0.20487811994520777,0.03397624165396956,0.2546342426815067,0.25389797876024706,1.0,0.2546342426815067
3,1,0,2,0,3.6930680398683604,0.09827701886491617,1.636068255783501,0.023148996759398674,5.593070734190904,3.6740759483776784,0.20814311686410972,121.87523835327198,13655421036.065351,0.0009480248511349636,0.1619976558178607,0.25467418646921797,0.26290725448137087,0.18802924027897364,1894759.220684052,0.034560112229466144,0.1942567898492561,0.033222745440874925,0.09190253210875396,0.3040639916817334,0.3608631616061413,0.25467418646921797
3,1,0,2,0,3.6930680398683604,0.09827701886491617,1.636068255783501,0.023148996759398674,5.593070734190904,3.6740759483776784,0.20814311686410972,121.87523835327198,13655421036.065351,0.0009480248511349636,0.1619976558178607,0.25467418646921797,0.26290725448137087,0.18802924027897364,1894759.220684052,0.034560112229466144,0.1942567898492561,0.033222745440874925,0.09190253210875396,0.3040639916817334,0.3608631616061413,0.25467418646921797
3,1,0,2,0,3.6930680398683604,0.09827701886491617,1.636068255783501,0.023148996759398674,5.593070734190904,3.6740759483776784,0.20814311686410972,121.87523835327198,13655421036.065351,0.0009480248511349636,0.1619976558178607,0.25467418646921797,0.26290725448137087,0.18802924027897364,1894759.220684052,0.034560112229466144,0.1942567898492561,0.033222745440874925,0.25467418646921797,0.3040639916817334,1.0,0.25467418646921797
3,1,0,2,0,3.6930680398683604,0.09827701886491617,1.636068255783501,0.023148996759398674,5.593070734190904,3.6740759483776784,0.20814311686410972,121.87523835327198,13655421036.065351,0.0009480248511349636,0.1619976558178607,0.25467418646921797,0.26290725448137087,0.18802924027897364,1894759.220684052,0.034560112229466144,0.1942567898492561,0.033222745440874925,0.09190253210875396,0.3040639916817334,0.3608631616061413,0.25467418646921797
5,2,1,0,1,1.014176482703637,0.07573769233672752,7.7128045975070165,0.061542826710174095,3.9567531966018556,1.5958391438219501,0.7653250810245946,76.14471089849121,9685565818.940569,0.0013782550828168353,0.23163251686399744,0.25477850592390844,0.20411928674492574,0.17135567684148278,4752470.480924823,0.020832341610628607,0.11878477989262093,0.020435286954696198,0.25477850592390844,0.47200225366218695,1.0,0.25477850592390844
3,1,0,2,1,3.04039263919692,0.05988859185889098,1.8011348794876505,0.04002438195246526,1.9934522470064449,1.909208189220024,0.5520816826589444,87.67561596563398,14443608663.345482,0.0005084249255628182,0.1771892458310791,0.25482994511517165,0.2477628342774309,0.18062159157313937,2307084.6676841793,0.030693211024592847,0.17682742330037537,0.029585342035138466,0.25482994511517165,0.3382424097456431,1.0,0.25482994511517165
4,0,0,2,1,0.1552704567317228,0.014378747224270145,5.739527609687819,0.006787000137800495,1.0318643086067567,2.0921767391577544,0.4931674108784269,72.95644903411667,14339233554.592926,0.0,0.1734197169416577,0.25487928362157325,0.25225471430783447,0.17862956677944838,2005766.4347289847,0.03181622044526359,0.16738680296362096,0.030647206435377966,0.25487928362157325,0.4077859533653185,1.0,0.25487928362157325
5,2,1,1,1,1.0383606128937437,0.07406372807735068,7.563009198712717,0.061619533686936366,3.8674878545213915,1.2674021696689266,0.7602802884703054,78.42696602782718,9377131270.104918,0.0013576208705220042,0.22789394904791216,0.2549857447770329,0.20702074528353773,0.16957671123527032,5175034.617252525,0.0214287944888757,0.11955957111626958,0.020955567328187118,0.2549857447770329,0.4585685921595145,1.0,0.2549857447770329
5,2,1,1,1,1.0383606128937437,0.07406372807735068,7.563009198712717,0.061619533686936366,3.8674878545213915,1.2674021696689266,0.7602802884703054,78.42696602782718,9377131270.104918,0.0013576208705220042,0.22789394904791216,0.2549857447770329,0.20702074528353773,0.16957671123527032,5175034.617252525,0.0214287944888757,0.11955957111626958,0.020955567328187118,0.2549857447770329,0.4585685921595145,1.0,0.2549857447770329
3,1,0,2,0,0.6767502202016271,0.07676055603635294,6.588459427269282,0.013179400136814734,1.3879190892187516,9.686564186601125,0.6148184008432295,114.9622865937213,17682383561.411312,0.0,0.2715682468525195,0.25501058392494413,0.1795739689299605,0.15339320482451524,5627784.611051894,0.016123405158629207,0.09109523021256927,0.015969433433302004,0.25501058392494413,0.3862404773163984,1.0,0.25501058392494413
5,2,1,1,1,1.1155380216782436,0.06305180042183449,4.902164867043116,0.008931623574344072,6.6099923709079595,13.162958987966123,0.675328549862737,126.29846882016173,12218078314.26558,0.0,0.23638618538701758,0.25511130599555965,0.20160017218589835,0.16040502102099138,3150178.9791448666,0.020321314712691933,0.10803045910623665,0.019973391981566696,1.0,0.37288754622148695,124.93101660528696,0.25511130599555965
3,1,1,2,1,1.130769014375867,0.03066927734241336,3.9758048838348716,0.020777007020311045,0.633911336807165,6.75971495109431,0.4896315102090724,114.34642745239177,11509875955.982471,0.0009969996745613754,0.2574719962180096,0.25513385206636896,0.1889015091349946,0.14739674099963457,7327550.818022668,0.017841890076739225,0.08194561704710235,0.017624182387890437,0.25513385206636896,0.4204461102363338,1.0,0.25513385206636896
3,1,0,2,0,1.954162381704514,0.09092688217073419,5.833258323304657,0.006047205383837642,0.9530282629525909,4.99874474782158,0.35382699928427785,127.04980176917725,10830455066.85962,0.0,0.22811022594616753,0.2552233329423701,0.20698224403051677,0.13776971736134141,1235443.346032261,0.021420824671954195,0.12106337329642036,0.02079988987158139,0.008950015022173533,0.35435260398395757,0.03506738556773907,0.2552233329423701
2,1,0,2,1,4.156756024058947,0.07463055355958037,5.758666325450359,0.01095584708652186,7.189084795354278,5.631231866844796,0.03050126550435238,115.9020186896656,9132193308.288027,0.0,0.20504642717007668,0.2552635015614004,0.2243048928393006,0.17528743264822957,3359919.148601566,0.02515634247582506,0.14062472759997824,0.024509432223345846,0.22056254044272655,0.3784471143489474,0.864058273484402,0.2552635015614004
3,0,0,2,0,0.22744092008917421,0.005336757925951969,6.594078687743409,0.02162213536854215,9.785632822440077,8.101036549794255,0.7511423822927868,120.7505241848346,9731861533.781525,0.0,0.2031134740142856,0.2554685332985866,0.22589215648995983,0.16181150730853294,281912.82976848906,0.02551363318184225,0.14528041920217172,0.02479229145327791,1.0,0.9841274068971211,100.91622304848731,0.2554685332985866
5,2,0,1,0,4.428485339508237,0.04237139126131553,4.694610007290499,0.008458055399097952,5.664148833889573,16.037612525168576,0.5805181213944153,79.73421138339121,16348142360.503803,0.0,0.17552699047193687,0.25551184313379377,0.2503226714204524,0.17404000202533415,975977.7536882252,0.031330719913535886,0.17444114651302145,0.030049072682204025,1.0,0.40152696269074334,129.1242512154068,0.25551184313379377
3,1,0,2,0,1.0718176642876043,0.06442070296787221,5.496541425899679,0.020653135089091973,2.192603655291267,1.9067176900159026,0.27377302890372573,127.20883673902334,10128009964.708374,0.0008053217945077264,0.25395069824887495,0.25558627841144754,0.19033010426358576,0.15009455846081932,5575459.396188481,0.018112774294493712,0.10280327184154492,0.0178344308234513,0.25558627841144754,0.37908263720121277,1.0,0.25558627841144754
5,1,1,1,1,1.5117470916241236,0.08321950538241726,2.879211494414517,0.056171496803968615,7.1589292553621755,1.9162931480456313,0.031052433041060513,95.98061440679736,12879256697.821156,0.0007755414772108333,0.19476524873527618,0.25559521450693395,0.2328482760249142,0.16615685979908568,3253089.1540459064,0.02710915982388732,0.15527728422203413,0.0259969021212001,0.9986126044775379,0.402470690081634,3.907008221589559,0.25559521450693395
3,1,0,2,0,4.5554815981102,0.05815591646755652,4.2082976834189925,0.016848306577831703,2.0034950206142494,10.839448837757246,0.6179931265332762,127.76422692608823,17948292599.33144,0.0,0.20238503460136792,0.2558952077894265,0.22682655823247305,0.1719885487402908,3004064.7055908167,0.025725143759794747,0.14711928986601497,0.0249470423209197,0.2558952077894265,0.3808896039540912,1.0,0.2558952077894265
3,1,0,2,0,4.368604919468988,0.0870867461498811,2.5108427302366234,0.01271016830447317,6.277865439034311,3.593378800571969,0.15255016399898724,126.09197569852145,10135496309.649654,0.0,0.16941130171864094,0.2559098646036952,0.2564974099837346,0.1833966550595148,1916461.0682771436,0.032895460664182016,0.18666431440553322,0.03158087844104842,0.019355751495156913,0.38880474093005524,0.0756350347226022,0.2559098646036952
3,1,0,2,0,4.368604919468988,0.0870867461498811,2.5108427302366234,0.01271016830447317,6.277865439034311,3.593378800571969,0.15255016399898724,126.09197569852145,10135496309.649654,0.0,0.16941130171864094,0.2559098646036952,0.2564974099837346,0.1833966550595148,1916461.0682771436,0.032895460664182016,0.18666431440553322,0.03158087844104842,0.019355751495156913,0.38880474093005524,0.0756350347226022,0.2559098646036952
3,1,0,2,0,2.8242789675485174,0.01862008908885329,6.0608383652355595,0.014374188864602767,1.5048265429223968,3.191270161338907,0.5330847370756798,111.28294955135819,12741641178.807201,0.0,0.24209480217792625,0.2559235587849878,0.19803765592761843,0.16241675608722708,5176423.033307109,0.019609456582652892,0.1121912132806846,0.019272374546968923,0.2286618577960677,0.3537457038343517,0.8934771729560709,0.2559235587849878
3,1,0,2,0,1.0402978403170169,0.028247206589607395,5.136635549385839,0.03651580635747473,1.4998583372372019,1.532706366631791,0.7361873320412283,64.8411185248676,13959774949.345718,0.0009178662994756465,0.24628553170908626,0.2559393202381575,0.1953752835133663,0.15520193016453196,5586513.058497219,0.019085750703964132,0.10874433156977958,0.018795601907468346,0.2559393202381575,0.41046893412297786,1.0,0.2559393202381575
3,1,0,2,0,1.0402978403170169,0.028247206589607395,5.136635549385839,0.03651580635747473,1.4998583372372019,1.532706366631791,0.7361873320412283,64.8411185248676,13959774949.345718,0.0009178662994756465,0.24628553170908626,0.2559393202381575,0.1953752835133663,0.15520193016453196,5586513.058497219,0.019085750703964132,0.10874433156977958,0.018795601907468346,0.2559393202381575,0.41046893412297786,1.0,0.2559393202381575
3,1,0,2,0,1.0402978403170169,0.028247206589607395,5.136635549385839,0.03651580635747473,1.4998583372372019,1.532706366631791,0.7361873320412283,64.8411185248676,13959774949.345718,0.0009178662994756465,0.24628553170908626,0.2559393202381575,0.1953752835133663,0.15520193016453196,5586513.058497219,0.019085750703964132,0.10874433156977958,0.018795601907468346,0.2559393202381575,0.41046893412297786,1.0,0.2559393202381575
4,2,1,1,0,2.266884690865334,0.051720008052519265,1.08899222281543,0.034171547240817585,3.90652059148698,1.4369976581759987,0.5891997114583428,74.32691687481977,11680112167.92085,0.000753824102164527,0.17174238389660224,0.2560865680749713,0.25439703328432994,0.1839031687872467,2292024.9389935904,0.032358925271934236,0.1830855627898349,0.03115316638796225,0.5099192079941731,0.23313123852539414,1.9911985694028682,0.2560865680749713
4,2,1,2,0,2.4723406455982624,0.07414999885088046,4.525031653047815,0.020729615475198204,4.795521674192506,6.675441082069584,0.4755037038937805,89.3532590207419,12219391609.739626,0.0006574103960991144,0.22176425840350428,0.25613140830545644,0.21221844112247043,0.1389786729952347,1370862.966843355,0.022518333376225726,0.12811359528399346,0.021781357740300766,0.25613140830545644,0.48697142609079497,1.0,0.25613140830545644
4,1,1,1,1,3.910271000975734,0.06042721131452193,7.30889942604079,0.05185485552388123,5.061810489884739,1.0231124233360076,0.1764722087261335,81.58117487470248,12676536386.125036,0.0012789215132096375,0.21030300632668647,0.25629471447240343,0.22081259876342593,0.16453455097443717,3886669.981167218,0.024379101886328865,0.14125284908647606,0.023449633209367687,1.0,0.49113135665137203,21.17563492976824,0.25629471447240343
3,1,0,2,1,4.080025771179104,0.0970426839453805,1.3707752215862525,0.007298295691667659,3.8209618845051905,5.392336311454483,0.31442720389259143,124.52564451279065,10228561616.097534,0.0,0.16397625817448103,0.25630754321523147,0.26222045634184366,0.18491553718748124,1604464.233214401,0.03437978386206236,0.19864232368075518,0.03305516445840321,0.25630754321523147,0.30305876536143883,1.0,0.25630754321523147
1,1,0,1,1,4.425710546028845,0.0819926794518118,8.340083216710486,0.05723218612368879,5.251326374549256,8.658939363508852,0.556409929492047,71.50262375132736,15586094413.97563,0.0013600859066638107,0.18462655990146526,0.2563858765705468,0.2428516361519096,0.1703124290962587,2527411.096789362,0.02948845859082974,0.1613065335076317,0.028436676877106576,0.2563858765705468,0.450851333346477,1.0,0.2563858765705468
1,0,1,2,2,4.095076530185041,0.04423071184197615,1.1172759496377414,0.07528926687483617,0.5012938168631071,7.328857034793353,0.37149427946044894,107.8526046306772,10936502800.972197,0.0008489226979467295,0.17083656753716836,0.25651430493636346,0.25851153413269196,0.1969367059642117,5329392.29143493,0.033414106639818975,0.13664540117896562,0.031962361356959616,0.40147449613104363,0.6298778398034862,1.5651154278925776,0.25651430493636346
3,1,1,2,1,2.884059680992399,0.029548534108610098,7.384682880383631,0.031723425905662954,8.754309707396674,8.37667852083461,0.04922846033259238,89.49184690196773,14171149550.764513,0.0014910544008491541,0.20237216321549906,0.2566432059622625,0.2275235513471917,0.17410646188334225,3227687.1221154155,0.025883483208819093,0.14767388937031223,0.02513378227596627,1.0,0.46767120671740015,93.95306967705076,0.2566432059622625
3,1,0,2,0,1.775307201447854,0.06084586319179487,2.5483057669578617,0.017046595963711178,5.777310880594896,3.1792844635312596,0.4461513546604982,123.23483846081767,10291340896.930777,0.0,0.21005015324225504,0.25679259079865835,0.22178547276920843,0.17492071553358693,3415094.1870922046,0.024594397965730645,0.13614841847160486,0.024036811187628626,0.25679259079865835,0.3617391426631743,1.0,0.25679259079865835
3,1,0,2,0,1.775307201447854,0.06084586319179487,2.5483057669578617,0.017046595963711178,5.777310880594896,3.1792844635312596,0.4461513546604982,123.23483846081767,10291340896.930777,0.0,0.21005015324225504,0.25679259079865835,0.22178547276920843,0.17492071553358693,3415094.1870922046,0.024594397965730645,0.13614841847160486,0.024036811187628626,0.25679259079865835,0.3617391426631743,1.0,0.25679259079865835
1,1,0,2,0,2.366765390141319,0.06631473158480951,8.895487313020723,0.013581566892123486,9.600747274966334,6.127011721605608,0.02101471138733816,110.25887990077078,13380926951.64273,0.0,0.16594229362026214,0.25680682997446286,0.26053677306096895,0.17372259078457206,960384.4665800406,0.03393970505851141,0.1992363567473332,0.032530949734508964,0.25680682997446286,0.4521960207570068,1.0,0.25680682997446286
3,1,0,2,1,4.643213187628228,0.07453849183394062,5.222618731083338,0.0657318255940534,4.737192674708505,4.9468049469808415,0.559156125103356,86.45925214064373,9305542306.603128,0.0012348261150809219,0.22295289637090301,0.256841843963947,0.21216516698589802,0.16531760487289734,3835704.2640594533,0.022507029041076997,0.12419206712418462,0.021968374251541054,1.0,0.44399306993603627,6.43416916519543,0.256841843963947
3,1,0,2,0,0.5484022030900754,0.08760694530025699,1.411600114786697,0.004883918842762568,0.8730440642693005,6.309480938303336,0.28083442698767197,128.34243296534837,10235331626.66043,0.0,0.17142886066270274,0.2568947577835401,0.25553597367578307,0.18029689706175478,2233028.3221927285,0.03264931692121525,0.1840770811342647,0.031392732191109655,0.04595333367452345,0.3262786483536856,0.17887999767299181,0.2568947577835401
4,2,1,3,0,1.1505051635917052,0.02855807012538286,7.945084339740933,0.03397128051287624,0.722319782632394,1.0016596088848364,0.7522498088432492,99.8390783268677,19526459655.929745,0.0006007524277674357,0.18666844328035143,0.25726833546974776,0.2412277846717469,0.17737118940623298,2807844.821613185,0.029095422048819347,0.17057439516618023,0.028192169886106212,1.0,0.51681441712755,5.263472595290032,0.25726833546974776
5,1,0,3,1,0.8453814267917226,0.06651130616294192,7.523282231906875,0.04667376062676465,5.800011359415388,2.61406148286697,0.17768327566161923,64.74679676852307,19467798949.07366,0.0012831678604109003,0.24077389027062746,0.2573216006803978,0.20001737211559287,0.17400439126321565,5348579.998237045,0.020003474574013774,0.11447479136452299,0.019730933322104287,0.2573216006803978,0.5105381520308696,1.0,0.2573216006803978
4,0,1,3,1,0.14298340333129383,0.010923702629078953,8.689006352308779,0.09204402156119548,3.9049716746153553,1.0347707146639369,0.7307737993613895,80.07365671589872,14961251930.146315,0.0011227746974658754,0.1807267557537397,0.2574277425708074,0.2467053162901034,0.1750198441423433,806527.9257912782,0.03043175654289998,0.17987439933603921,0.02938570555168891,0.2574277425708074,0.5074544290541034,1.0,0.2574277425708074
3,1,0,2,1,1.2021709813714465,0.0935053975961886,2.371812851160319,0.008296331077380644,0.4196293606199792,2.005856048108685,0.3476166040098113,114.84059116379431,9199699843.88085,0.0,0.21503276105765962,0.2575000460907858,0.2182458104189386,0.14502501653225605,1656308.8737564732,0.02381561688270964,0.1378501148806608,0.023020886912783815,0.2575000460907858,0.3625644854135073,1.0,0.2575000460907858
5,2,1,1,1,3.8969003084965816,0.08378825784481161,7.212009147513109,0.07355210115329502,8.746291219592605,3.955999617494999,0.7143901001740249,63.594206683552414,9766614921.558167,0.0014690923126670149,0.2068366844117716,0.25759015347649844,0.2247064550334906,0.17742517420398737,2386671.37066464,0.025246495466859066,0.14541941868374575,0.02471091220193132,0.13691038904897643,0.5605760174962813,0.5315047458188948,0.25759015347649844
5,2,1,1,1,3.8969003084965816,0.08378825784481161,7.212009147513109,0.07355210115329502,8.746291219592605,3.955999617494999,0.7143901001740249,63.594206683552414,9766614921.558167,0.0014690923126670149,0.2068366844117716,0.25759015347649844,0.2247064550334906,0.17742517420398737,2386671.37066464,0.025246495466859066,0.14541941868374575,0.02471091220193132,0.13691038904897643,0.5605760174962813,0.5315047458188948,0.25759015347649844
3,1,0,2,0,1.0277987050468629,0.05349083270805633,4.004002809771681,0.021891159059389483,1.3148606686710278,3.7742855128709443,0.690194211068296,126.8164658005169,11824290124.432991,0.0005837931591004954,0.2163349706243396,0.25763521133506434,0.21749930655391192,0.1406532766507142,1568122.8850181452,0.023652974175716275,0.13471369409588874,0.0228224768212113,0.16481249185816851,0.5060569158684242,0.6397126037396481,0.25763521133506434
3,2,0,2,0,2.3224892555028998,0.06521284092487523,5.010616280312509,0.02357076856734789,3.338475888796755,13.035682431349107,0.0328018005408041,125.39615753917839,13168161717.342823,0.0011456713211431553,0.23889405106473272,0.257643026194551,0.2015414546019308,0.16575603941898073,4387273.602820512,0.020309478961531065,0.1158243893057147,0.0199861318635781,0.257643026194551,0.42529494058013356,1.0,0.257643026194551
5,2,1,1,1,2.4355039403147924,0.045365817201613,6.3704367918145826,0.0109005622724531,6.414213211729574,3.937577855237251,0.3131243473628599,105.10373721588041,14273641362.82008,0.0,0.17902828346019095,0.257687687942899,0.24859131327785325,0.1692195171066141,825171.362651032,0.030898820518603886,0.18161138846404845,0.02986556102218829,0.11510188052445,0.4904427562756851,0.44667202163712,0.257687687942899
5,2,1,1,1,2.4355039403147924,0.045365817201613,6.3704367918145826,0.0109005622724531,6.414213211729574,3.937577855237251,0.3131243473628599,105.10373721588041,14273641362.82008,0.0,0.17902828346019095,0.257687687942899,0.24859131327785325,0.1692195171066141,825171.362651032,0.030898820518603886,0.18161138846404845,0.02986556102218829,0.11510188052445,0.4904427562756851,0.44667202163712,0.257687687942899
3,1,0,2,1,2.648724004556302,0.07576475030079302,0.30149120908280097,0.012299612902539675,0.620818553145805,1.321319404130235,0.5098427359021279,106.84471245388751,10580593782.044083,0.0,0.19495809350948767,0.25775698405407654,0.234502492093524,0.17845925615390013,3212033.8567493483,0.027495709399036644,0.16038696975041666,0.026648353796299068,0.25775698405407654,0.19787303076096852,1.0,0.25775698405407654
3,1,0,3,0,1.8641343261570202,0.07211412208176246,8.590881460370307,0.009339971543256609,3.372539535096727,7.777246053781173,0.2581274674745203,122.862128514693,12050724741.810917,0.0,0.17927817167269372,0.2578619704108985,0.24953199284916716,0.19871676819283274,4461563.166410196,0.031133107727638408,0.16412423443200375,0.03018447426353883,0.2578619704108985,0.3975945996272162,1.0,0.2578619704108985
3,2,0,2,0,2.331491834784794,0.06527096602567488,4.999210411549587,0.02362170522111742,3.3628825193514937,13.077211005880278,0.03540386411706382,125.23631740437489,13159271803.903622,0.0011458142033841598,0.23876230435404616,0.2579261588624488,0.20185831590556508,0.16630718304764888,4375751.793000752,0.020373389850115452,0.11616283353000756,0.02005014089411917,1.0,0.42658299741144845,9.94220141759975,0.2579261588624488
3,1,1,0,0,4.2572037558516165,0.07492875093054074,1.9734401198655098,0.012342883078724852,5.711158501860312,9.833503445936953,0.5594755534474898,110.98746502224219,10441279848.962667,0.0,0.1306720174319398,0.2581244084956643,0.2801681244801814,0.18355371166930298,1415698.2634201976,0.03924708898737122,0.22971094733089126,0.03726386819024438,0.2581244084956643,0.34733293383503494,1.0,0.2581244084956643
3,1,0,2,1,4.399855465820583,0.09664320358932034,3.1919036556907856,0.030188114727871255,4.8343440520159575,9.166078584714167,0.21630828430787494,102.15509659571467,11874532020.098068,0.0006996661812791029,0.16562458124285684,0.2582277756342535,0.26252624866641716,0.18299315348428508,2033192.7245964955,0.03446001561943075,0.1977349683795918,0.03301757173383299,0.2582277756342535,0.36351844169991443,1.0,0.2582277756342535
2,2,0,1,0,4.950930514240157,0.06566725903471518,8.958522881587337,0.014039509978115709,1.9629578743232423,6.176493746450145,0.25976824718374647,96.03490208121158,18112459433.997066,0.0,0.1860351714089018,0.2582483141865157,0.24294608221824165,0.1768734826039488,2822016.623424101,0.029511399432596314,0.16864554719146774,0.02830212890459672,0.2582483141865157,0.34093485332321066,1.0,0.2582483141865157
5,1,1,1,1,0.8486481492187238,0.006107406917134351,7.898374311117865,0.08120016327595306,1.6964708031291236,11.522238279994452,0.8483482197449048,79.86792975119431,14925437624.688581,0.0014343969132995275,0.25852993201726393,0.2583012246618241,0.18960820861885133,0.13789824136045306,623475.8959950219,0.017975636387824925,0.10238166720802055,0.017646114856174965,0.7426256449018999,0.9702888660843321,2.8750372588212394,0.2583012246618241
3,1,0,2,0,3.0370698309492368,0.07869053265263708,6.576476292921658,0.020157747139940858,4.676780508165777,9.271921148603258,0.33037085737318367,93.88113776112283,14841935941.510983,0.0009394389808743188,0.19871187913811925,0.25839384872964943,0.23221929645376316,0.17338321570160634,3053885.2744022463,0.026962900822740367,0.15173231514470553,0.02618308328211934,0.041145965280287335,0.4251651311509196,0.1592374024481413,0.25839384872964943
3,1,0,2,0,3.0370698309492368,0.07869053265263708,6.576476292921658,0.020157747139940858,4.676780508165777,9.271921148603258,0.33037085737318367,93.88113776112283,14841935941.510983,0.0009394389808743188,0.19871187913811925,0.25839384872964943,0.23221929645376316,0.17338321570160634,3053885.2744022463,0.026962900822740367,0.15173231514470553,0.02618308328211934,0.041145965280287335,0.4251651311509196,0.1592374024481413,0.25839384872964943
3,1,0,2,0,4.829169921427728,0.08088536882746603,6.7792395106485595,0.009514469203257991,9.431705025136521,6.676867134039577,0.0769716799384559,124.93298074419648,11223904328.253847,0.0,0.17726667124319884,0.25845934781720475,0.2512540478783235,0.1639402508418697,408481.6318825899,0.03156429828762144,0.1806943536698784,0.030216049536531297,0.25845934781720475,0.4425169960888139,1.0,0.25845934781720475
3,1,0,2,0,1.2510194035182913,0.060374053153242804,4.692867231335707,0.039980148321510686,2.991404267343909,8.04533838440729,0.3200578769094324,98.58741365028213,14170088028.809181,0.0012391947041932117,0.23637306515818401,0.2585293946369057,0.20394740319226612,0.16622569750993735,4010541.2100966205,0.020797271634434383,0.11862060145297759,0.020425839391276422,0.2585293946369057,0.40459777194335983,1.0,0.2585293946369057
1,1,0,2,0,0.4667835012446717,0.09133446931345543,1.4143862065029413,0.0012979672833841101,2.789474881159908,6.928781533750793,0.2336247333098999,125.02314060182974,10468576342.154716,0.0,0.19259232679909014,0.25855855857745164,0.23741865221152617,0.166450168385729,1052264.8428394294,0.028183808208968812,0.1615165389580634,0.02731522940884238,0.4939626193718479,0.31797257746314894,1.9104477611940298,0.25855855857745164
1,1,0,2,0,1.789917234727305,0.07847533729531739,6.451205899642787,0.051909112796702475,6.944781993961664,6.935990026915395,0.08940254841328084,73.6160507835826,13824924831.636097,0.0014972844670038414,0.18470076096026164,0.2585814980608526,0.24493622426867323,0.16763009121620817,2484995.501267684,0.029996876979496892,0.16267223465725078,0.02894475318597638,0.2585814980608526,0.43343638736575685,1.0,0.2585814980608526
3,1,0,2,0,2.6881137118834872,0.06055480286996528,6.645998320582386,0.01658833171083239,9.957798499172615,9.572178210609547,0.10705849876601368,111.10355399123965,16596358736.215761,0.0,0.1936146608505953,0.25868383567859465,0.23701447639099193,0.1798421182192811,2824088.7992560244,0.02808793100944804,0.15421001187521055,0.027241509519951898,0.22074571591375322,0.3867963086676273,0.8533417456667908,0.25868383567859465
3,1,0,2,0,4.868043019024914,0.05623440619287744,9.855077230491933,0.016641134893997298,5.061519785120835,13.028804501080156,0.7816874324930986,105.50550738359453,11140391071.619774,0.0,0.17035270468046196,0.25882464440999947,0.2580605012513117,0.16882683797841888,535843.6368993821,0.03329761115303912,0.19611707669709955,0.031935715046899384,0.25882464440999947,0.4574016393566612,1.0,0.25882464440999947
3,1,0,3,0,3.7417565395891987,0.08754466272695555,7.1914664816054845,0.010054553960671708,2.737275100134253,12.434660287648532,0.362594523573647,109.81505383456023,18740965879.3724,0.0,0.18182568526018306,0.2588815618511654,0.24711284816118081,0.18838770240732963,2181768.7493447894,0.030532379863165406,0.17966119696159766,0.02964382569647736,0.2588815618511654,0.3971144449310008,1.0,0.2588815618511654
5,2,1,1,1,3.75343699711462,0.04328452105938078,9.778568695230952,0.010715450738996206,9.266195547981258,19.92804359231528,0.735651352245607,125.83515428515409,16340208516.798782,0.0,0.18711487695794235,0.2590462947578287,0.24255646597563665,0.1630862543231758,601807.9159042613,0.02941681959329509,0.1712043446512893,0.02842841171421413,0.31195100958024596,0.4657447695979208,1.2042288034726596,0.2590462947578287
3,1,0,2,0,1.0951003164185225,0.05003832803046254,7.1671413682149225,0.010310724756428555,3.6629815668243344,1.2255790017239505,0.3771546578302962,123.93895303289467,10082743703.866493,0.0,0.2244404818346352,0.2590675019674407,0.21265580934095527,0.17019746556002144,4030452.4125125855,0.02261124662322836,0.13032690178308648,0.022140963032218342,0.2590675019674407,0.34833994242547783,1.0,0.2590675019674407
3,1,0,2,0,1.0951003164185225,0.05003832803046254,7.1671413682149225,0.010310724756428555,3.6629815668243344,1.2255790017239505,0.3771546578302962,123.93895303289467,10082743703.866493,0.0,0.2244404818346352,0.2590675019674407,0.21265580934095527,0.17019746556002144,4030452.4125125855,0.02261124662322836,0.13032690178308648,0.022140963032218342,0.2590675019674407,0.34833994242547783,1.0,0.2590675019674407
3,1,0,2,0,1.0951003164185225,0.05003832803046254,7.1671413682149225,0.010310724756428555,3.6629815668243344,1.2255790017239505,0.3771546578302962,123.93895303289467,10082743703.866493,0.0,0.2244404818346352,0.2590675019674407,0.21265580934095527,0.17019746556002144,4030452.4125125855,0.02261124662322836,0.13032690178308648,0.022140963032218342,0.08434792087060304,0.34833994242547783,0.3255827930174113,0.2590675019674407
3,1,0,2,1,4.906699118323023,0.05937471378368075,1.6016261870039892,0.025098359133234684,6.34880386103451,1.577457137925137,0.8112623064529116,91.22340011800284,10683208950.873362,0.0005502848963087164,0.13665934425770915,0.25923424334211836,0.28107008079281726,0.1949922604697189,1468680.1068915548,0.03950019515844041,0.230333953948325,0.037808858309238184,0.25923424334211836,0.29632412263692387,1.0,0.25923424334211836
3,1,0,2,1,4.474474823558228,0.09608207884787186,3.1789166607514967,0.029494851366327776,5.05017747816711,9.058647556346319,0.23789424096190703,102.67293059202831,11899536756.815828,0.0006811479104200004,0.16492072477932007,0.25927918225268987,0.26428660798015874,0.18447592470799615,2024025.7550426126,0.034923705578829047,0.20080718286368027,0.033437161574838364,0.25927918225268987,0.36214466609867757,1.0,0.25927918225268987
2,1,0,1,0,4.595101518720826,0.05885814605988154,6.929675043577822,0.026347466414283583,9.560088614010558,3.3794012833104135,0.6222966857626028,63.85996039630546,14050381380.169647,0.0013916011215823678,0.16573443193120246,0.2593561885693606,0.2639069289525029,0.18381167947860408,1943700.9719232316,0.03482343357457071,0.1930127330516359,0.03342290890312404,0.2661227876797322,0.4317072668637181,1.0260899851578515,0.2593561885693606
3,0,0,2,0,0.6946230482606445,0.014545156710116048,7.77335135493427,0.02284428475536425,3.8930931953479657,2.9002388684654865,0.811437390070814,120.82273602907668,9865191917.94781,0.0007086608823827985,0.20573578658662772,0.2594705972972562,0.2271428848164409,0.1224911482296215,577389.938756221,0.02579694506136747,0.15041778295333608,0.024147983648339668,1.0,0.677760076616715,11.79351316522831,0.2594705972972562
3,1,0,2,0,0.163591596506923,0.006828291224570987,4.900472312884614,0.0038776755832054138,0.5635242174335149,1.7689558348488688,0.6675113689982781,118.4985552614861,10066970074.828716,0.0,0.18501241068634222,0.25947155793865023,0.24493223414944038,0.16213117389821696,10239.803317004844,0.02999589966271814,0.17307808477173237,0.029063227053833702,0.0014056863262553137,0.7131900049458562,0.005417496766977736,0.25947155793865023
2,1,0,1,2,0.41964660005009025,0.09300135394152423,7.4435953468764575,0.07861807565387426,6.724601194789184,3.032514183091545,0.1686593484328021,66.14148774140399,17553874984.550064,0.000937918823754794,0.20294215128939536,0.2595152055513816,0.23084536162126948,0.18700793480218686,5454729.530823023,0.02664479049102734,0.12928880196747272,0.02597831077863817,0.2595152055513816,0.5472751830955433,1.0,0.2595152055513816
3,2,0,2,0,2.3206725412841767,0.06547974489458913,5.010767500866963,0.0235834113188963,3.347996558833122,13.057766580180552,0.03600033755942178,125.35054640963104,13161562096.43234,0.0011409868291987807,0.23998439209902306,0.2599111160184803,0.20264689177115824,0.16698794347619947,4365616.440480405,0.020532881372255764,0.11688333023724817,0.020205892880592834,0.6419648647214838,0.4248033832202867,2.4699400108606304,0.2599111160184803
5,2,0,1,0,4.428485339508237,0.04237139126131553,4.694610007290499,0.010254105062332791,5.664148833889573,7.462750530546582,0.661448605761899,79.73421138339121,16348142360.503803,0.0,0.18321766132302297,0.25991411384141383,0.2473826330776342,0.1659517276309085,1092393.0339300116,0.030599083574211695,0.16927146094837076,0.029250443462382487,1.0,0.40273342243258775,16.340789421388777,0.25991411384141383
3,1,0,2,0,4.470495047123346,0.07635771176329248,2.6108747780737613,0.014540281555467334,0.6746013041282403,2.878687253291754,0.16775030534824328,119.33353302678718,12400274882.776764,0.0,0.1716438049323394,0.25992219238033193,0.25769942514292044,0.17524982376015982,809343.755741354,0.03320449685949583,0.19850811400811263,0.03193263771357346,0.25992219238033193,0.4332263328754142,1.0,0.25992219238033193
3,1,1,0,0,4.69902494861747,0.09273417416145652,3.280997952922836,0.005450243922465046,5.845861176771053,8.32644781001311,0.3025146118323955,120.57908835256909,11130171727.825203,0.0,0.17727141919188805,0.25995108048864285,0.2522652779544443,0.18426352575491822,1300743.888039163,0.03181888523071653,0.1900645202407999,0.030826910488839496,0.25995108048864285,0.37029396400177467,1.0,0.25995108048864285
4,2,1,3,0,1.6163797697207893,0.028237899728792308,4.309171507505573,0.054610687674883605,0.10040104560634715,5.338748728350005,0.1467737080615976,128.7053935164537,14269119519.66657,0.0014692545454508472,0.20814412032576582,0.26000994959849666,0.22704575192042326,0.1937289722952448,5869541.816053167,0.02577488673255519,0.12526979845488162,0.025289064834290397,0.26000994959849666,0.5762011421419698,1.0,0.26000994959849666
3,1,0,2,0,2.6829410419394732,0.005715975610202621,0.8715241935037191,0.02996957943064979,0.7658695148610137,4.103310997884211,0.6739706137416674,125.48203526006598,11651628203.490025,0.0005606066486944555,0.21097772318364733,0.2600556502909745,0.22364369419648672,0.158466720133878,366864.9486345878,0.025008250976925835,0.14332973441176022,0.02440988839078561,0.9999222551633249,0.7708422578960635,3.8450318385488593,0.2600556502909745
5,2,1,1,1,3.6107464282928974,0.016311425285896318,7.033554085380536,0.007976759370245914,8.58610927097879,14.387099129648144,0.7917763553743328,95.81021368493617,14296026746.689758,0.0,0.19366363534366293,0.26007701420816626,0.23825275030476564,0.17194033620912288,1558322.442352679,0.0283821865138925,0.15580212504223745,0.027454932861355533,1.0,0.3840040240704747,5.877049674840719,0.26007701420816626
2,1,0,2,0,0.16428015723538802,0.077068770761341,1.172968239669676,0.04627992050935544,0.33068763021456105,1.6893640352374573,0.015372737405675747,104.1420223125008,11795108430.64848,0.0007873803074266765,0.24373602757936588,0.26012097640351045,0.20030364510241963,0.15889595721748842,5125673.012331285,0.02006077512065804,0.11477286665349906,0.01970940626104949,0.4162368727652597,0.5010569284975362,1.6001665014496018,0.26012097640351045
3,1,0,2,0,3.3024408043845614,0.06870527790100596,6.010584520399057,0.01615743894856775,4.25679991331341,7.748617166482591,0.6464426048265485,122.88889671837622,9097597486.507818,0.0,0.18949711713838058,0.2601579611450699,0.24184986780299478,0.18051837981311364,2570099.092063953,0.029245679278163027,0.16308323059359664,0.028313826232612162,0.2601579611450699,0.3793514725906697,1.0,0.2601579611450699
3,2,0,1,0,1.0386858343303793,0.0662327415090176,2.9728784861195168,0.010400542924386743,8.340354087240147,11.479280926100564,0.3751823372035016,104.48089974355359,13843449469.76778,0.0,0.17679095181378326,0.26036391641943923,0.25326728582573327,0.166521100307393,492012.9726691615,0.03207215903476683,0.18885219941306497,0.030813923542797713,0.26036391641943923,0.4362678069435999,1.0,0.26036391641943923
5,2,1,1,1,0.7306431946700334,0.04099464271477638,6.526856060837167,0.013301467146136876,8.69498432757214,3.338431787464255,0.11894548068469672,122.5521004592752,11816337809.301823,0.0,0.26500889961796664,0.2604192186256764,0.1873645712902962,0.15526571777383294,5375201.475322177,0.017552741287398244,0.09954022394035544,0.01734344415365366,0.2604192186256764,0.3799113644156849,1.0,0.2604192186256764
5,2,1,1,1,4.545845404511461,0.09211778500154358,3.3599391984712956,0.0032950438701826587,6.668374213723709,17.33485425770575,0.1118480001643643,97.90693580319561,15430496962.226622,0.0,0.1626597647805984,0.26047966583002036,0.26747519296589245,0.16391154514157832,85485.20963067505,0.0357714894260707,0.21299002939281297,0.03416144408666847,0.26047966583002036,0.42563743145199723,1.0,0.26047966583002036
2,2,1,1,2,2.9580608954809033,0.027164559273473696,8.841163168792487,0.021432555674757135,3.7627434163086337,7.102031029783394,0.14204678660027203,122.25003989381682,16530513206.159376,0.0005501569013486306,0.2052344264143134,0.2606408872656218,0.22873934525102887,0.17889382287730574,3351548.2440687674,0.026160844032934696,0.14955569013299108,0.025471403186078385,0.2606408872656218,0.3948115338507313,1.0,0.2606408872656218
5,1,0,3,1,0.8662233462544927,0.06717196136493313,7.497471192315531,0.04762870783104458,5.541792914409459,2.619856183004417,0.16102433752846138,63.93408732917103,19112910693.227165,0.0012933403589191737,0.24308126347334857,0.26064104624113643,0.20114448950802555,0.17454442954311453,5391383.296909269,0.0202295528297221,0.11576507571756234,0.019946347022241025,1.0,0.5126175149467539,93.34739990999569,0.26064104624113643
3,1,0,3,0,2.054640178736778,0.0654308864333726,7.402029379810892,0.007931381516937536,4.640802716962401,5.7873086723126805,0.3536492011480968,118.28012860298897,12388033004.306843,0.0,0.18152701050406747,0.26077795292250655,0.24965775040926091,0.20076977857231162,4135318.939744183,0.031164496169706412,0.17461755594574357,0.030295749162429747,0.06231483393614345,0.39715756537301417,0.23895744727569468,0.26077795292250655
3,1,0,2,0,2.6086836383228933,0.026638432152249328,5.783101070815264,0.035602308530253854,5.403824514258367,1.7792529087679103,0.44179555777726565,122.25880618998491,10436384334.506405,0.0005900054641093754,0.17883128863695785,0.260821646405988,0.2518688827531465,0.18422306030522848,2599271.4703762545,0.03171896704965913,0.18473000533911665,0.03048994434810274,0.260821646405988,0.38277376543370123,1.0,0.260821646405988
2,2,0,1,0,4.973020726180327,0.05526595900763541,1.506458567145621,0.013725428258319412,1.9854876376242432,6.224185420014916,0.26376697143180977,95.96023402574383,18132465222.749996,0.0,0.17183571393701264,0.2609486712419307,0.2589428835745858,0.18492477129315638,2359880.796245856,0.033525708476960736,0.19235914568915036,0.032123390039820066,0.2609486712419307,0.3366131022717016,1.0,0.2609486712419307
3,2,1,1,0,4.625476860609531,0.05996760792840991,1.1657893797850245,0.03203832297116118,2.009947841239088,2.2274841569163892,0.5817401630502617,65.20833642219422,10995640788.264053,0.0008501557349314706,0.20707878217956438,0.26116074257027583,0.22779131790060758,0.15134736212081024,1952164.513003455,0.02594444225544783,0.1468654271333103,0.025024806372924657,0.07059436206120338,0.520668789194432,0.2703100066511992,0.26116074257027583
3,1,0,2,0,2.723931442072091,0.027471379741419652,3.008088824963283,0.0355273488938289,3.511011140731972,2.4754981595900305,0.5939307939596459,120.45962427293436,9080447916.396622,0.0005775749402219222,0.22828587252844282,0.2611997714921422,0.21173307492735605,0.1563470151923141,4079085.598451551,0.022415447509096686,0.1280729577796227,0.021802056130350658,0.2611997714921422,0.4862235976609532,1.0,0.2611997714921422
2,1,1,2,1,4.544825908077761,0.07308659766726469,3.920319081198922,0.06561687772063036,4.0826186867425704,3.4410657754103555,0.3254599508804825,92.15973225280273,19775415042.755104,0.0008425459403940169,0.17750349254271003,0.26121719932771076,0.25363500073072764,0.1832444416747905,2390566.157300549,0.03216535679783811,0.18509310684005054,0.031014074036238837,0.37487527570351803,0.3916052335494058,1.4351094670195021,0.26121719932771076
4,1,0,2,1,1.4542083078269687,0.051111153476970705,8.048723654354463,0.023021001972403594,4.913217689748882,3.1786702316743662,0.6612976788229338,102.29645185440266,9043859087.959711,0.0010871802418092346,0.21937984514129294,0.2613575008629426,0.21842472565912438,0.17522662881170262,3693293.4773840066,0.02385468038963187,0.13518562276790158,0.023295556071713283,0.2613575008629426,0.43746521176563513,1.0,0.2613575008629426
3,1,0,1,0,1.0609466064873758,0.05067674749282157,7.561428161745242,0.008539148429957129,3.811085856723631,1.5343001729749135,0.3809677698650748,123.60175312899379,10048023097.895052,0.0,0.21597577041782426,0.26152517884984783,0.22093866009314997,0.16900565816499205,4004601.309603114,0.024406945761878227,0.14203400312508274,0.023780355146845907,0.26152517884984783,0.34609716415251884,1.0,0.26152517884984783
1,1,0,2,0,0.38445176105219525,0.06636120889689391,5.952291692304402,0.061551648249227986,0.856686616559957,1.258948175744294,0.8482606897114392,113.38219874547431,12234609412.18068,0.0007841604518651015,0.19729171833912212,0.26166922564339873,0.23659638008650263,0.15453123094111199,1891909.3513120227,0.027988923535018407,0.15346409490356427,0.02692308337879695,0.26166922564339873,0.3836136296027728,1.0,0.26166922564339873
3,0,0,2,1,1.6153910486411798,0.07641652444645311,6.093743281387639,0.023918460898456558,4.846832134503559,7.161691285898002,0.19514496670443818,113.60599995359478,13368403751.033783,0.0007913350811993887,0.2055246191318949,0.26172990046238515,0.23047203090843613,0.1698405160871084,1991891.44677537,0.02655867851552957,0.13317876124488082,0.025672932802753425,0.26172990046238515,0.5379540840598347,1.0,0.26172990046238515
3,1,0,2,0,0.254021020779425,0.07441051130943124,4.90302374993867,0.022908448468152796,1.3101347515848831,6.336385884037436,0.2634250265731119,118.41781651289119,11320007651.694908,0.0006000754434127023,0.224667552920725,0.26176274137572997,0.21482859358235856,0.1428861354965045,1394709.5366389006,0.023075662310287095,0.13141340692875447,0.022325310615029525,0.26176274137572997,0.4946068495401778,1.0,0.26176274137572997
3,1,0,3,0,3.916639631594826,0.077987338032155,4.52406064896952,0.005652003381737952,8.112132223974116,11.125770005857138,0.10736573937992823,124.5438742655012,11607027698.798534,0.0,0.18652608222162742,0.26188633148514795,0.24565972451332502,0.17566496256208744,1924004.2493402914,0.030174350123981373,0.17711029279059742,0.029167501615116897,0.26188633148514795,0.386696213741801,1.0,0.26188633148514795
3,1,0,3,0,3.916639631594826,0.077987338032155,4.52406064896952,0.005652003381737952,8.112132223974116,11.125770005857138,0.10736573937992823,124.5438742655012,11607027698.798534,0.0,0.18652608222162742,0.26188633148514795,0.24565972451332502,0.17566496256208744,1924004.2493402914,0.030174350123981373,0.17711029279059742,0.029167501615116897,0.20154039796202586,0.386696213741801,0.769572038445449,0.26188633148514795
4,2,1,1,0,2.615444321759538,0.07898774550669817,2.416643286550306,0.02597850936086333,3.9234583309861835,5.696571448022959,0.3803446933080262,86.39126612238486,9340206481.08953,0.0006992633830457393,0.1864494829916022,0.26194969315799926,0.24607747268123126,0.18141812177710712,2463872.666498803,0.030277061280591055,0.17231051243334683,0.02920977283008035,0.26194969315799926,0.36997055221126723,1.0,0.26194969315799926
3,1,0,2,1,4.001673068080126,0.0704787484328447,2.1385185213372426,0.03044452953588464,7.281369185996455,2.8071546673144443,0.44958188150253725,75.3606554281788,16936681482.14591,0.0006533165449638755,0.14414805680778786,0.262105810100448,0.2836878407279211,0.19678332825442177,1388716.5205565994,0.04023939548843516,0.2350354573380785,0.038466708751546064,1.0,0.3446118279412624,11.561085918189573,0.262105810100448
3,1,0,3,0,1.7403789452806078,0.09215818420507159,7.631412695006263,0.020246891823684655,0.8742151477890376,2.772590035112147,0.3253253254481387,127.04611013922279,16450588991.874105,0.000838879656408826,0.22247193604017365,0.2621210036095674,0.21823398417221906,0.17459761606995416,6555306.630458184,0.02381303592384018,0.1079824966798657,0.023342919065047048,0.2621210036095674,0.4789712070167591,1.0,0.2621210036095674
4,1,1,1,0,0.8330010170251507,0.06895428308461404,2.1250110269927105,0.019186076222991087,2.573854064345637,1.0221942077903745,0.4382865129845237,71.71311196045792,12382299386.90794,0.0008350074016298189,0.18480358186098336,0.2621261489373721,0.24751960599171977,0.18288883021555388,2805314.3389264946,0.030632977675148096,0.17860605646650163,0.029619322793608526,0.05078715702796948,0.505306906077083,0.1937508227769511,0.2621261489373721
2,2,1,1,2,3.0133740704084535,0.026297317083692113,8.856080419010482,0.02005070269075933,3.8267723334962227,5.914044127232364,0.13287710208402997,122.86691880121698,16504086508.154037,0.0005521157379334012,0.22394751851836556,0.26218095733135005,0.215869243211393,0.18771860717120767,5219083.590600798,0.02329976508232977,0.12963348692685506,0.02292418476319205,0.26218095733135005,0.5037104799163594,1.0,0.26218095733135005
2,2,1,1,2,3.0133740704084535,0.026297317083692113,8.856080419010482,0.02005070269075933,3.8267723334962227,5.914044127232364,0.13287710208402997,122.86691880121698,16504086508.154037,0.0005521157379334012,0.22394751851836556,0.26218095733135005,0.215869243211393,0.18771860717120767,5219083.590600798,0.02329976508232977,0.12963348692685506,0.02292418476319205,0.17204208678496988,0.5037104799163594,0.6561959668472005,0.26218095733135005
3,1,0,2,0,3.5993559186669235,0.058697697314775754,2.2917410050232148,0.02050371739982737,1.6769714128639643,2.115055902514925,0.49202005157095036,126.74114638246371,10670448863.213955,0.0005912207255505389,0.21198183336801807,0.26218974175939463,0.2247589375264563,0.14123126348309686,1700888.6754126782,0.025258289999010742,0.14386128818773558,0.024307882277434346,0.29045165126069655,0.48894624990654456,1.1077918201972876,0.26218974175939463
3,2,0,1,0,2.299829623137357,0.04043020175208179,3.158921312426833,0.006747415210701478,5.802200386317519,15.593020360390364,0.1725905417669578,85.21842483439781,11088589364.270172,0.0,0.21579942355269577,0.26223001577030386,0.22186193469532922,0.1758552032556514,3466247.495660688,0.024611359033377266,0.13978076132053452,0.024046539527022567,0.26223001577030386,0.37121413086332755,1.0,0.26223001577030386
3,2,0,1,0,2.639778688207498,0.03326837998695938,3.1108705666433316,0.015451155914093403,9.113846081718956,10.048489401885988,0.1574833092157851,110.37641431781998,12881550994.554573,0.0,0.19525139256827068,0.26223196370008556,0.2387993322769129,0.18210139275276638,2823043.202162114,0.028512560547949733,0.15747257801770498,0.027696255040026773,0.26223196370008556,0.3782273060439722,1.0,0.26223196370008556
5,1,1,1,1,1.6815289568058822,0.09555429562272981,0.6038681552045005,0.0265993949956184,0.590009141381257,11.567041662632422,0.747220750768925,96.57526961754031,12492130774.848913,0.000992630165709966,0.25846341725366123,0.2622932065606868,0.19278237013101346,0.1644869300484562,4088243.4697579267,0.018582521116665533,0.10423082267924932,0.01839034581904366,0.2622932065606868,0.2702951815838947,1.0,0.2622932065606868
4,2,0,1,0,2.508428433602798,0.07520640899357746,4.612626046063726,0.020599716880545252,4.783528392499498,6.998841371626876,0.46336180947204575,87.98851869893639,12205776781.321402,0.0006388043854140459,0.20166651873042543,0.2623354779144961,0.23320132407272895,0.17760175168279768,2921413.3717165096,0.027191428774636976,0.15482351943966888,0.02639881926128931,0.7611572588653766,0.3883199003425074,2.901465196077914,0.2623354779144961
4,2,1,1,0,2.4455879131737484,0.07564251352785703,4.630597637226999,0.020679963548734415,4.8356101564474425,6.784697571513805,0.4710156723486355,89.52544865496668,12147305625.553846,0.0006426725683480371,0.2023493248811221,0.262399185262526,0.2326264008938981,0.17927289936712554,2978119.835964822,0.027057521196424298,0.15528237703165015,0.02629999284914139,0.28143039232842687,0.386720993166837,1.0725276911468322,0.262399185262526
5,1,1,2,1,4.116617533644395,0.041658251041498666,5.189652610067868,0.03745095692715778,2.5168187143465657,14.606103820600202,0.7423023536111913,88.90708151253345,14310540740.967752,0.0010046119970422607,0.21245237029243175,0.26240643909354106,0.22451745271676002,0.16961992459983394,3577646.5643640724,0.025204043287211285,0.14468992838791506,0.02439402726486603,1.0,0.4446544203611107,37.52403574622356,0.26240643909354106
3,1,0,2,0,3.661805536011034,0.006645981567651285,4.145257028002077,0.008748014265170145,5.675479458004517,3.9503536718851837,0.08982535970216608,122.70387553026127,12184285214.574472,0.0,0.20594171406550413,0.26251699589210137,0.2296899267142867,0.15827849577089906,194196.45691734733,0.026378731217007196,0.15326140261129495,0.025641217000452993,0.5975236154138558,0.8099520514651437,2.2761330685783387,0.26251699589210137
5,2,1,1,1,3.1327316767343274,0.03268733757071188,7.041000988395018,0.012450890539842042,8.090356296492887,10.324667028440876,0.40130207130912027,83.64554922997016,15412944505.320162,0.0,0.19221987478234026,0.2626421817251701,0.24164368470791397,0.17256645744192467,1464112.5620699676,0.02919583517960887,0.1645553839820616,0.028089685846599904,1.0,0.40675798837408844,67.7538673666005,0.2626421817251701
3,1,0,2,0,1.8995557291287062,0.0858851004903239,2.7699162087977607,0.03595214998552212,3.4085677126354272,7.67062462679145,0.3000391883623185,112.90520168298511,13012654948.734348,0.001030798321155942,0.2191767174676313,0.2626423437861512,0.21980911828040098,0.16866249478114018,3317732.5901040863,0.024158024239603657,0.13428215206166327,0.02354483068747795,0.2626423437861512,0.3574389152852234,1.0,0.2626423437861512
3,1,0,2,0,1.8995557291287062,0.0858851004903239,2.7699162087977607,0.03595214998552212,3.4085677126354272,7.67062462679145,0.3000391883623185,112.90520168298511,13012654948.734348,0.001030798321155942,0.2191767174676313,0.2626423437861512,0.21980911828040098,0.16866249478114018,3317732.5901040863,0.024158024239603657,0.13428215206166327,0.02354483068747795,1.0,0.3574389152852234,5.667300748603598,0.2626423437861512
4,2,1,1,0,2.445085286619762,0.07589981329313593,4.620637440713607,0.020996596081174473,4.775589396868954,6.798264151040984,0.46846667316845464,89.48264143826125,12111764683.187925,0.0006421823318425393,0.2020737030436586,0.26278256396128113,0.23318963996766243,0.17950683796228784,2967418.1886541033,0.02718870409412401,0.15615688515308102,0.026417369543258677,0.28292005145824833,0.3868566343285424,1.076631749052933,0.26278256396128113
3,2,1,1,2,1.243010571740416,0.037331733105701155,6.453796940215916,0.014579210509765881,8.829765283997785,2.9325165822373243,0.09813842696815246,117.88319899445891,12098924755.022043,0.0,0.2573639943951174,0.2629409924604914,0.19415304144922282,0.16468506823504958,6170121.402287247,0.018847701751991817,0.10208257900767947,0.018650349045875085,0.06318293481036634,0.39794161601548284,0.24029320882653923,0.2629409924604914
5,2,1,1,1,0.7315725467029875,0.04097716463376463,6.508320329357951,0.013289218769578042,8.717267802443304,3.371471506630069,0.12230447357642854,122.6554212902696,11791694306.633726,0.0,0.26612522034329156,0.2631254693208908,0.1887193182228722,0.15660634121977396,5340796.506046609,0.01780749053525285,0.10121970508092548,0.017590575340862252,0.2631254693208908,0.37962296178139454,1.0,0.2631254693208908
5,2,1,1,1,0.7315725467029875,0.04097716463376463,6.508320329357951,0.013289218769578042,8.717267802443304,3.371471506630069,0.12230447357642854,122.6554212902696,11791694306.633726,0.0,0.26612522034329156,0.2631254693208908,0.1887193182228722,0.15660634121977396,5340796.506046609,0.01780749053525285,0.10121970508092548,0.017590575340862252,0.2631254693208908,0.37962296178139454,1.0,0.2631254693208908
1,0,0,3,0,0.37555555059644097,0.08701865565161454,6.314804153456796,0.05277376430473726,6.094025258769705,1.2327373330649032,0.2695247158382232,108.57964210942676,16153432654.642662,0.0012772166826797175,0.20612195666553296,0.26318337264832464,0.23049050879108998,0.15626569229018006,1922642.8523745679,0.026562937321387762,0.14764512305091326,0.025607957380574243,0.26318337264832464,0.5289421932410227,1.0,0.26318337264832464
1,0,0,3,0,0.37555555059644097,0.08701865565161454,6.314804153456796,0.05277376430473726,6.094025258769705,1.2327373330649032,0.2695247158382232,108.57964210942676,16153432654.642662,0.0012772166826797175,0.20612195666553296,0.26318337264832464,0.23049050879108998,0.15626569229018006,1922642.8523745679,0.026562937321387762,0.14764512305091326,0.025607957380574243,0.26318337264832464,0.5289421932410227,1.0,0.26318337264832464
5,1,1,1,1,2.543428960783725,0.0977325120537799,9.639645554896237,0.04444897278240592,5.611182229943239,3.1983241053288367,0.6293054410310376,86.13381883514707,13561216794.317303,0.0011207689430170625,0.170533962028609,0.263187785725575,0.26208062277780086,0.1880567677097123,2490678.3171193283,0.034343126417799984,0.20398052976684033,0.03283518855946657,0.5860704357412153,0.4493265609232537,2.2268147213803795,0.263187785725575
5,1,1,1,1,3.7706703809070774,0.057952229722879285,2.040927880587811,0.019038679000990454,5.385264821816164,11.906146460215522,0.4472862266077596,88.56931146902078,10719516831.506308,0.0010504121499555021,0.16951960389781556,0.2632040947658931,0.2636800582205772,0.1858769240476736,1255727.8379223845,0.03476358655160349,0.19599348651244664,0.033395520773807995,1.0,0.35666573808907553,37.048653267936814,0.2632040947658931
3,1,1,2,1,0.5212628455372218,0.05422210883306824,5.798737060079365,0.016381632617633472,0.9575439817187141,6.448024044616739,0.17171830956900822,83.80181285974025,12066076365.60819,0.0,0.2868848354154612,0.2632604531964799,0.17715635247773473,0.148730578017667,6343745.187110183,0.015692186611607695,0.08807530015691378,0.015547792266143577,0.2632604531964799,0.33395894662954984,1.0,0.2632604531964799
4,0,0,0,1,0.10137450833694889,0.014637119208427009,5.443969288028369,0.005057221519096448,1.1426792930380865,2.1410665217731046,0.4952328987756657,71.6580360840769,14633521850.50309,0.0,0.16871984020687947,0.2634154359581326,0.26495616466918953,0.18130729809436077,1056491.7124951878,0.03510088459810334,0.1932268090469048,0.033750061975714514,0.2634154359581326,0.4217171157330163,1.0,0.2634154359581326
1,0,1,2,0,3.3581438351580113,0.04676517034079304,9.93782613979912,0.06688988632540777,1.7541164814643175,2.8632503558277294,0.43171232117930664,91.814926053987,12540204378.484455,0.0010261564705524608,0.20799225191815465,0.2635267116824976,0.22895327443856772,0.1932094702071673,4436759.477648016,0.026209800938071053,0.15173093682102368,0.025696172236632772,0.4947425857687916,0.7104387055218677,1.8773906546705887,0.2635267116824976
3,1,0,2,0,0.6653331304825176,0.03719248482707845,3.2209537173029665,0.013586870416961534,1.3974655947410553,9.680407402590303,0.6128730480521317,115.00919734253296,17704072442.24519,0.0,0.26737982207819677,0.26353248326034834,0.18835134972876866,0.15814134725060813,5619091.707834605,0.017738115472324463,0.0995579668746982,0.01752938719716632,0.26353248326034834,0.3293560053296638,1.0,0.26353248326034834
2,2,0,1,0,4.619971493963322,0.09570324809989329,9.136686717435564,0.007714313568265683,8.449617298408603,2.3502850135913778,0.44890855833245463,73.80164642068331,18356423212.13018,0.0,0.22088219074538165,0.26365300920012313,0.2192305225439791,0.17523241881015728,3879088.4178432906,0.024031011007453064,0.1364203640943099,0.023527284468000054,0.26365300920012313,0.36434413743417066,1.0,0.26365300920012313
4,1,0,2,0,2.168531023352296,0.05981651064766427,3.151023881817987,0.039240483115843335,8.29743506710767,3.5795715393091454,0.1157637570572171,98.35298100968649,11791095237.53738,0.000928451722500572,0.18332273707044114,0.26371005473402503,0.25080784517868354,0.1789227779784141,2361770.3155076355,0.03145228760158725,0.17537250405120952,0.030254841687707593,1.0,0.3649154077497749,15.31882785585706,0.26371005473402503
3,1,0,2,0,1.0568470597669397,0.04371049606805541,6.3023842274207205,0.051589665543269686,3.518661675511056,2.740681924384919,0.5695264345005505,78.46875970920587,9518029330.51766,0.0008549099135585622,0.2172554480484422,0.2638065440054499,0.22201141980740283,0.16297500069729928,3813734.9242138853,0.024644535262449425,0.1415420313394361,0.023882696562569417,0.2638065440054499,0.4082715116115124,1.0,0.2638065440054499
2,2,0,2,0,0.7952805266746104,0.0857780390638101,3.4863688101592203,0.0052686934056830805,7.471369639337192,6.915816033897285,0.18760175436013818,84.88074536521793,10020491253.011524,0.0,0.2002740576044233,0.26383878639842295,0.23588873715772254,0.15474360719549263,983981.1888646418,0.02782174815893256,0.15509537854348676,0.026546366659681936,0.6200056614377266,0.4282406214246505,2.349941302797899,0.26383878639842295
2,1,0,2,1,3.340652496091055,0.06574594688477381,1.928771149372872,0.08269440647863335,1.7895503543548903,2.2832368479871272,0.3661642928810604,79.70357601395365,14797191583.830149,0.0009248134957429606,0.2333955895572973,0.2639345831838783,0.21069929819961197,0.17982776199606695,5827304.295174347,0.022197097130904505,0.12079870907788459,0.021905073445260177,0.2639345831838783,0.5114987164687275,1.0,0.2639345831838783
4,2,1,1,0,2.4445099001967363,0.07591313260552544,4.622970584265691,0.02101775305632717,4.770247756537471,6.797508903838158,0.4686388184069747,89.45370444220922,12110427892.291325,0.0006421106737524898,0.20245018831697192,0.263936858142729,0.23389553770826504,0.17985469360695422,2968887.5979506457,0.027353561279919215,0.15728329808171104,0.02657319853687354,0.2842364992736728,0.38692716634880814,1.076910975124082,0.263936858142729
1,0,0,1,0,4.200869649969616,0.07891484840297298,5.582361934312666,0.00510972093480122,7.195974547399351,2.0726912655208247,0.390643149699183,114.96613222143274,18366655150.90052,0.0,0.1895084272416429,0.26394173201866433,0.24551225667680787,0.181731903429569,2546164.285964659,0.030138134089269398,0.16509151717937587,0.029177359379152907,0.26394173201866433,0.3215630035496237,1.0,0.26394173201866433
3,1,0,2,0,2.539657268928361,0.05578898608832974,1.3868934467674026,0.009758587918874927,1.5436420715046453,5.230588148674133,0.6958968664057784,106.56911984720074,12794774389.56238,0.0,0.18158187512893398,0.2640766980055016,0.2521477732092044,0.16747705386368184,657827.1893793152,0.03178924976718019,0.1892803687358261,0.03049809446247922,0.2640766980055016,0.45726720522863007,1.0,0.2640766980055016
5,2,1,1,1,2.2721718059868077,0.0466433562743084,5.5331732461635355,0.02509591562997409,9.848593641675569,3.267815646672061,0.7544336779839409,99.53461228565465,19077508778.87762,0.0010669595188543852,0.18068534511220802,0.2640938098042323,0.2535510732371933,0.1773846258555861,2490268.9693403626,0.03214407336986628,0.18124833630542003,0.03085020827537398,1.0,0.43257664721906985,4.607587543217363,0.2640938098042323
4,2,0,0,0,0.24451453809612292,0.07469768964071556,4.928447645173107,0.023195023595674612,1.287988231866943,6.367090492903627,0.2624296357774871,118.42229469104758,11319217383.063494,0.000599897379327118,0.20973110355116997,0.26410930952948614,0.22798690878824976,0.16156358843329607,1892610.7984035283,0.02598901528941086,0.15202822076430056,0.025171842820879097,0.26410930952948614,0.5115213219324516,1.0,0.26410930952948614
3,1,0,2,0,3.717607566112254,0.06674365527160547,1.0456856571588902,0.009054436228926044,3.014938516287238,12.803358432548384,0.3901466785889984,126.4867897336522,18725379566.343945,0.0,0.19197121647274862,0.2643285982671124,0.24320111655261903,0.15522069097072336,246147.13412475056,0.029573391546220296,0.1706572443183113,0.02824457032078936,0.5461891953988802,0.42097730778102255,2.066326530612245,0.2643285982671124
4,1,0,2,1,1.423867213974933,0.05140239127905901,8.025565691470682,0.023428091077388472,4.919527026194554,3.1444286091174556,0.6604298399133435,102.51201614537084,9016583211.828289,0.00108611707118776,0.22114014182349667,0.2645281236550569,0.21976390675470422,0.17609927326705552,3708190.5064786943,0.024148087356045168,0.13730302979068998,0.02357283838832646,0.2645281236550569,0.4370838100716821,1.0,0.2645281236550569
3,1,0,2,0,0.4793987723370777,0.05898325278020566,8.19048374150686,0.0032832844682686812,1.8435969516427693,2.87200327318572,0.16477996715313656,107.82019891629118,9911607785.012915,0.0,0.21201335018265302,0.26454462385688277,0.22656657222956136,0.1481951823143162,970152.8430979672,0.025666205825926526,0.15000449700046303,0.024793526045252846,0.10225249477893245,0.3440548826796246,0.3865226716315751,0.26454462385688277
3,1,0,2,0,0.7904645269817403,0.04383180076514536,5.8037083215589735,0.026892565244421685,1.329579327504069,2.7648597728550186,0.815100062593145,81.5464982018726,12106405350.674253,0.0006111425174696447,0.2700266963235523,0.2646396758833479,0.1876640472246242,0.1605839986565706,6220033.750005901,0.017608897310362994,0.09802942678116633,0.017437180450181503,0.006009154704897214,0.3698243652683043,0.022706930413359576,0.2646396758833479
3,1,1,2,1,0.27454048906426937,0.04097543842309429,3.7256010202160947,0.00851616244232413,1.1709470426960418,2.1606734551626943,0.11417603363868091,95.06084696506062,14422514662.767643,0.0,0.18177090027655113,0.26474799183673925,0.2529209075686567,0.17900248241315378,2453046.345145747,0.0319844927426765,0.18451915576861988,0.030688231814516444,0.02201535942676432,0.34771381032542126,0.08315590714788279,0.26474799183673925
3,1,0,2,0,0.7904894467161827,0.04384475578930048,5.804962879252205,0.026880876580436322,1.3299048706559442,2.763821871717703,0.8150651170702873,81.54917231180971,12109060265.64545,0.0006111224623655345,0.2700880183631218,0.2647527402777319,0.18771160750692667,0.16062340777462125,6221017.080847531,0.017617823796417242,0.098085666677319,0.017445922876292746,0.006011937255393117,0.3698605573326228,0.02270774326674184,0.2647527402777319
3,1,0,2,0,0.9909323152105238,0.04799567819657864,6.680482544160054,0.051605995496201186,3.3306928358933354,2.0898511924555527,0.5739160605918362,78.20979772079987,9903952545.480059,0.0008273852404926255,0.21731926775057464,0.264777782186437,0.22273125170068445,0.16487473741126488,4068894.9172947584,0.024804605242076824,0.14354861071000713,0.02401756728410851,0.264777782186437,0.41833276042169537,1.0,0.264777782186437
5,1,1,3,1,2.5570767642558327,0.09760794529525732,8.764353927216375,0.03973085638566474,9.352429931714939,6.33978433172545,0.1475143315766598,127.90934833131149,19063336648.601547,0.0008067857998730715,0.20001982044516975,0.26493964096480443,0.23679833285988877,0.17526562455211267,2768990.1933451258,0.02803672522261134,0.16174076319910347,0.02712619944357211,0.26493964096480443,0.4715873106243714,1.0,0.26493964096480443
3,1,0,2,2,0.9615737060359062,0.06592844885587751,0.6822511396281357,0.012579777316835706,0.5545425257443748,1.6929481078411817,0.056254096093381306,114.16040062599053,10036682339.403336,0.0,0.21840101461950315,0.265037452840387,0.22238289143051623,0.1734664226550114,3385106.806854071,0.024727075200498386,0.13836979527209115,0.02413613115563134,0.08205519695566572,0.16862982369070303,0.30959849665127015,0.265037452840387
4,2,1,1,0,2.4452124557490644,0.07584401950117808,4.618844600149025,0.021154304765959656,4.762242679149573,6.803338331341833,0.4679304145867669,89.46931916699326,12132288519.270464,0.0006427417519246415,0.204851000788822,0.2650725608532458,0.2329241954098251,0.18001267202690702,3094937.341947783,0.027126840403657194,0.15588654050151396,0.02636549827197069,0.2856301085775249,0.3868795661660705,1.0775544162628758,0.2650725608532458
4,2,1,1,0,2.4452124557490644,0.07584401950117808,4.618844600149025,0.021154304765959656,4.762242679149573,6.803338331341833,0.4679304145867669,89.46931916699326,12132288519.270464,0.0006427417519246415,0.204851000788822,0.2650725608532458,0.2329241954098251,0.18001267202690702,3094937.341947783,0.027126840403657194,0.15588654050151396,0.02636549827197069,0.2856301085775249,0.3868795661660705,1.0775544162628758,0.2650725608532458
4,1,1,1,0,3.387406104167907,0.06283127663367533,7.951047621093386,0.014204201985997238,5.593442395205627,15.780952315801613,0.5552079624467612,66.4453592224135,19972583047.37391,0.0,0.18229894306839922,0.2651720581343815,0.25306198418707726,0.17853437521919194,1785476.577207803,0.032020183920350276,0.1802805414529831,0.03065536750360599,0.2651720581343815,0.38415419096873654,1.0,0.2651720581343815
3,1,0,0,0,1.5919954748408593,0.029459263648654654,7.54511730747852,0.013297938066445608,9.629937769650896,3.1477910576248305,0.23726748659877325,126.38812393833811,9038200553.267757,0.0,0.2254115672020524,0.2651968802236817,0.21701359303368875,0.17427471309783274,4547625.778440157,0.02354744978069574,0.13660174894849775,0.023070653904355802,0.1005657660863938,0.3730409013733206,0.3792117237637602,0.2651968802236817
4,1,0,2,0,3.430473613360954,0.051384273478858315,3.2290836970272574,0.048811675432920025,9.489344461274499,4.540930174146531,0.06655250656837554,100.03624833349836,11576440849.711168,0.0010293973402582337,0.1707823497218035,0.26519915927863535,0.2641822383304665,0.1861331929630033,1722631.039800491,0.0348961275246477,0.20012977893403627,0.033432431736561206,1.0,0.36966554809371105,3.965235711686353,0.26519915927863535
2,1,0,3,0,2.4305328273796305,0.0869534219940183,9.693655912239919,0.01972270393836018,3.194501549034708,4.69426845902217,0.26777478652465575,91.3166652253434,19083139295.27471,0.0007542411254090469,0.2305421152648918,0.2652090151042834,0.2133383726566644,0.17389918486707434,4682816.64880069,0.022756630623896906,0.13167696896884418,0.022252552368528765,1.0,0.5074702174591242,12.862846177475332,0.2652090151042834
3,1,0,2,0,2.976630474966572,0.0711692588747033,5.070017690619421,0.021470989050076168,5.79197064873224,6.965059592183116,0.616923044105096,124.5837826589769,10055904739.71088,0.0007745117667534621,0.18602275511790592,0.2652143757960911,0.24960306438424112,0.1824257946632705,2540251.339561568,0.031150844875001808,0.17582039167822006,0.030094739798929387,0.2652143757960911,0.3825777121909395,1.0,0.2652143757960911
3,1,0,2,0,4.353617469343617,0.0743678500575184,8.843568749859674,0.0385863802696007,4.168963116405354,4.302718277323875,0.09578170036320907,106.93839708590829,11471677334.39142,0.0009845663341573735,0.20180608730225869,0.26533216420989414,0.23553789090972221,0.16052103645305327,2305764.8953445363,0.027739049027100098,0.16204982641235122,0.026350024824890118,0.26533216420989414,0.45313253151465355,1.0,0.26533216420989414
3,1,0,3,0,3.5935999567764303,0.08419048038078358,1.261287363713406,0.00845868816631798,2.273160212211915,9.111478900311528,0.20597066107241702,114.38875594297167,12576236099.830936,0.0,0.19519374828467906,0.26536807697306786,0.2414897546089148,0.16743761832632334,1736724.7951003497,0.029158650790536946,0.16513371413833888,0.028026895208597555,0.04801371445454956,0.2894409922122868,0.18093251834289947,0.26536807697306786
3,1,1,3,0,2.7755068819248137,0.08749199248193121,8.041983257529969,0.022171135254471574,3.6686263018767478,18.952061710736128,0.49045393541633614,124.81755661607446,10647034474.180908,0.0011047161347563378,0.21283752680310505,0.2654456722182166,0.22688873808491536,0.17175376048118052,3499095.593331448,0.02573924973488266,0.14686311531237006,0.024971852877914265,0.49411020943031836,0.493883978651313,1.861436298061481,0.2654456722182166
4,2,1,1,0,1.5276929371844732,0.04104114504669345,3.279673631747926,0.02901761043644407,4.226007196054255,3.5188597767415186,0.7135957812451945,96.89368433830151,17983562494.29433,0.0011133077047942401,0.21717156689253136,0.2655699367590852,0.22383911472666357,0.1684081586931038,3179611.827552211,0.02505197464080823,0.13904593427569445,0.024342979611320974,0.2655699367590852,0.3819749760085531,1.0,0.2655699367590852
3,1,0,2,0,1.2152637184263022,0.061789147447415115,4.591040426391945,0.021111694802615856,0.21946715100656036,6.354446707890915,0.5361766863920042,111.76154969660514,15303088604.32323,0.0005448812425970501,0.2600589300845484,0.26567485528523505,0.19582960856551415,0.16226978063233685,7269607.7601833055,0.019174617795461247,0.08098772932354548,0.01895280307874439,0.26567485528523505,0.35013318647638453,1.0,0.26567485528523505
4,1,0,2,0,3.345505236865308,0.03555277535769136,2.663435218260049,0.04139247700710382,9.201373272732626,5.392371206656611,0.15035329819193569,87.71455847718377,10462379140.491436,0.0010121120608034516,0.1665553905914111,0.2657352060923849,0.2690725282141537,0.18820583255312773,1596732.4321616585,0.03620001271977826,0.20762673780778151,0.034674182400708756,0.2657352060923849,0.3454440384710965,1.0,0.2657352060923849
5,2,1,1,2,4.390401813281881,0.04291035470555891,7.190336810087442,0.008753972529874282,9.303833850967088,19.299866648934074,0.542561101993716,105.51058162447633,14254919447.286497,0.0,0.18188200678887134,0.2657400760693159,0.2538610837711539,0.18080347879131575,1231813.046486281,0.03222272492673241,0.1839325962484889,0.030957245309430875,1.0,0.4041840992261493,177.82806702892708,0.2657400760693159
2,1,0,1,0,0.8520062226259796,0.09698359132759672,8.93667136909456,0.0179389545826093,7.6317589707217515,8.737951364096222,0.33324598347364726,78.85377406902934,13106657549.945198,0.0,0.17278668427795174,0.2658826218289929,0.2625372491107791,0.17339060648199264,731958.6654873963,0.03446290358532763,0.20307026629934755,0.03303741699025458,0.15636633938100794,0.4182699423558714,0.588102894071722,0.2658826218289929
2,1,0,1,0,0.8520062226259796,0.09698359132759672,8.93667136909456,0.0179389545826093,7.6317589707217515,8.737951364096222,0.33324598347364726,78.85377406902934,13106657549.945198,0.0,0.17278668427795174,0.2658826218289929,0.2625372491107791,0.17339060648199264,731958.6654873963,0.03446290358532763,0.20307026629934755,0.03303741699025458,0.2658826218289929,0.4182699423558714,1.0,0.2658826218289929
4,0,1,3,1,3.9657185839606672,0.008373366789860419,9.433413993555149,0.08820908711380857,6.892616051754809,11.967014508779686,0.731623683595455,70.95384078738935,11576352608.80252,0.0014076508559589314,0.19364507999966885,0.26594054333893363,0.2431081388237872,0.15959441463098822,273542.9010837633,0.029550783581182898,0.17223070323107048,0.028403966648333803,0.10268269706111816,1.1223494902176405,0.386111481054816,0.26594054333893363
2,2,0,1,0,2.2406455722414638,0.09176142273730153,9.333408795823322,0.004707386153660175,8.113367501031025,4.2189417426157565,0.2506103182176261,91.0229640084396,17441355117.9011,0.0,0.25785590400907465,0.2660684465179141,0.19598876657186004,0.154989848801598,5758587.2315167235,0.019205798311179523,0.1086653403548058,0.018895285074556945,0.2660684465179141,0.3495580004139284,1.0,0.2660684465179141
2,2,0,1,0,2.2406455722414638,0.09176142273730153,9.333408795823322,0.004707386153660175,8.113367501031025,4.2189417426157565,0.2506103182176261,91.0229640084396,17441355117.9011,0.0,0.25785590400907465,0.2660684465179141,0.19598876657186004,0.154989848801598,5758587.2315167235,0.019205798311179523,0.1086653403548058,0.018895285074556945,0.1603262401667157,0.3495580004139284,0.6025751729110844,0.2660684465179141
2,2,0,1,0,3.680642815238137,0.09914895204970556,9.931785790729597,0.017657345416877194,6.942474429102715,3.5857439695119715,0.2731936817522829,115.86456663720105,11034494791.757866,0.0,0.19699258503714157,0.26622643716729455,0.24079836600952748,0.18569834742888638,2918123.0257196906,0.028991926536429177,0.16248171739280548,0.028154177486313173,0.26622643716729455,0.3527031984085696,1.0,0.26622643716729455
2,2,0,1,0,4.973020726180327,0.0658095657039196,8.961682139864298,0.013725428258319412,1.9854876376242432,6.224185420014916,0.2616255799169846,95.96023402574383,18132465222.749996,0.0,0.19968557440084245,0.2662848735499895,0.23840359893124582,0.1760374605975097,3181209.5166818276,0.02841813799168516,0.1617726997090252,0.027330720828499837,0.2662848735499895,0.3403836647085149,1.0,0.2662848735499895
2,2,0,2,0,2.2302891452854348,0.0920631719072359,9.329044456629553,0.005071998070782582,8.106686975248053,4.235691862551567,0.24967522058121383,90.96138660274792,17440568793.958675,0.0,0.26626799193134326,0.2663183533277041,0.19103203658666995,0.14857413738133532,5832333.697672231,0.018246619501225404,0.10350760828553984,0.017969712881092382,0.062426255988541623,0.3452718583046584,0.23440463343405502,0.2663183533277041
3,1,0,2,0,1.975021380010192,0.06371468063850902,5.759974926744584,0.038073459621874674,9.061983864497568,9.919454846246248,0.847704888146884,111.16240279671743,14976485830.222513,0.0007703197420815973,0.21939809398069615,0.26639638364951373,0.2224811474605585,0.1569978375367362,1758092.6848122908,0.024748930487683386,0.14396109204677598,0.02402488287030597,0.26639638364951373,0.533519224154459,1.0,0.26639638364951373
4,1,0,2,1,1.403945788641436,0.0515371951809927,8.32253121297369,0.023785956677998456,4.840778804183408,3.737684055926758,0.6542284170925136,102.35068243774589,9013437299.103624,0.0010847369194935874,0.22466639630271695,0.2664176634980644,0.21873935872285213,0.17629417925693658,3744131.5937673696,0.023923453527242292,0.1357858982225072,0.02336133122196309,0.2664176634980644,0.43694476724908266,1.0,0.2664176634980644
5,2,1,1,1,1.3949821780188099,0.04849051774970328,3.8317161110302997,0.01724385198334555,7.233025046367666,3.3114619275606456,0.45263118922090173,104.3915161579649,14320351711.859318,0.0,0.1626280776919528,0.2666630884805734,0.27376871284256543,0.18777279065854782,1026335.7482038012,0.03747465406573752,0.22264901670676807,0.035917766203177735,0.2666630884805734,0.4674351701725692,1.0,0.2666630884805734
2,2,0,1,0,4.376811759510362,0.09853009366094634,6.519677430927518,0.015101632662523932,7.858144798612468,7.685729013935885,0.061268287545756625,95.65374444216226,18883137709.069366,0.0,0.18036960974151262,0.2666644730467286,0.25620291919405846,0.1839758961956106,2567157.5204189294,0.03281996790177863,0.186948844501705,0.031416267313811426,0.11981010856621803,0.3716023631289485,0.44929160302963667,0.2666644730467286
1,1,0,2,0,4.571201659576658,0.08555899082433883,6.269693622619375,0.05567576226039425,8.295247831218783,7.80293876544042,0.1666296658159121,65.61284195296147,13421203822.969704,0.0013597322913705323,0.18178750193139132,0.26694956065550135,0.2558487247676434,0.176233989392837,1925788.224682479,0.03272928498261468,0.17277243319402624,0.03148820718689498,0.26694956065550135,0.4077733418691307,1.0,0.26694956065550135
1,1,0,2,0,4.571201659576658,0.08555899082433883,6.269693622619375,0.05567576226039425,8.295247831218783,7.80293876544042,0.1666296658159121,65.61284195296147,13421203822.969704,0.0013597322913705323,0.18178750193139132,0.26694956065550135,0.2558487247676434,0.176233989392837,1925788.224682479,0.03272928498261468,0.17277243319402624,0.03148820718689498,0.014379162567601297,0.4077733418691307,0.05386471711095123,0.26694956065550135
3,1,0,2,1,3.1365735897871785,0.08398070311999302,1.8855774139955743,0.02198545809999374,4.617014200229544,7.108245087090601,0.18168358627393671,124.6190761645267,9643399970.978539,0.0007520556818918463,0.1693304446769031,0.26703561331355874,0.2676263069534504,0.19159260813852227,1957134.4815580905,0.03581192008677123,0.20260789271785085,0.034402048305874226,0.26703561331355874,0.34133914753617167,1.0,0.26703561331355874
3,1,0,2,0,1.4019649503669211,0.03818533436003651,3.5230493691546045,0.013091793468731332,3.4652445780268253,2.7109994278357803,0.8323297758199355,128.90627485771446,11952840232.848104,0.0,0.1674917058633466,0.26704898826672807,0.2692062288822238,0.1856729003151563,1280115.7176486007,0.03623599683449413,0.21149105445391925,0.034828392301139634,0.06882140688725058,0.4932988828781105,0.25771079431505606,0.26704898826672807
5,2,1,1,1,3.813763411666437,0.0797507407803125,5.297235171614274,0.030999847156454353,7.618951256135361,1.4679544442504813,0.724510076686134,90.44472358635696,13725566761.366714,0.0008088273052974949,0.176413605241031,0.26726875007511414,0.26032932162971545,0.18122190153349266,2258565.7218940333,0.033885677850093915,0.19868247621637058,0.03232216572097607,1.0,0.4297637284088289,12.444755852778314,0.26726875007511414
4,0,1,1,1,0.31215636023563104,0.011205364393949228,4.179093239111358,0.0392299340031022,3.63942212703653,1.1141895885677613,0.492281330902018,99.39981071127606,10376767216.893732,0.0007694452293615137,0.17737460872372512,0.2674293728036086,0.2594750749041057,0.16097525591910763,885592.7856982842,0.03366365724824564,0.19861101362291833,0.03154303531114416,0.2674293728036086,1.1752091336923907,1.0,0.2674293728036086
3,1,0,2,0,1.0388527289475973,0.027757655380815927,5.149710633419232,0.03669596594325616,1.4838030215603482,1.5017072844702581,0.7372551637515536,64.96684195274375,13959612488.409702,0.0009170451401056842,0.2526889317735266,0.2675802229103706,0.20035319352413447,0.1601087201146329,5701703.330424898,0.02007070107765964,0.11466704152794382,0.019761503118348615,0.2675802229103706,0.41181929584566396,1.0,0.2675802229103706
5,2,1,1,1,3.8212130702908587,0.07975664429636786,5.329867419442094,0.030915100330498813,7.567892546748119,1.4455114551839647,0.7229085477153113,90.04556023828987,13710928806.416565,0.0008082754668183972,0.17626736203764237,0.2676074593062039,0.2607687417206681,0.18132935532637448,2281229.1409565555,0.03400016832929026,0.199933389804832,0.0324265666687655,0.2676074593062039,0.4300584651422293,1.0,0.2676074593062039
1,1,0,2,0,4.768979692958779,0.07489784885897081,4.100905963956077,0.0507594702912924,7.3961363829999165,8.356747631548876,0.07206843411550055,73.28871157857203,14583021272.261751,0.0014412874864218807,0.18369520682283913,0.2676144072117737,0.25423124136646574,0.1748577108933932,2128029.923484591,0.03231676204336709,0.17864009137784576,0.03110766220403894,0.2676144072117737,0.3888260996093885,1.0,0.2676144072117737
3,1,0,2,0,0.5787250033334818,0.09010874955051301,6.77585767413692,0.01028269585911239,3.626224734366928,3.293050506760565,0.7986152878676336,103.58631151003917,14369752200.169785,0.0,0.16822408976999836,0.267668982444677,0.2688158698768289,0.18006960447436346,867181.6575748877,0.0361309859488181,0.21542730882169703,0.034612873428701965,0.267668982444677,0.4279909189709073,1.0,0.267668982444677
2,1,1,2,0,4.442457276311175,0.07168290813396387,4.077338764174082,0.06821373351314579,4.025508778696055,3.2884504607210086,0.30087831999514625,91.63418351695283,19642627632.981266,0.0008654097982349771,0.17699840262581606,0.2678357176615972,0.2605278619602825,0.18738962324160072,2247987.579218973,0.033937383428798,0.19469818150646434,0.032661311209858906,0.2678357176615972,0.3723162640874788,1.0,0.2678357176615972
3,1,0,2,0,4.005230748252234,0.05295444391377282,4.8465519710695855,0.02680385370828708,6.541084260765258,3.185593210251609,0.8343663205082521,124.17394960635042,11810342980.22433,0.0005720512234953744,0.16980099416281536,0.26785274143481763,0.26757571726572016,0.18958275338953376,1813561.5281514097,0.035798382235132306,0.2095080640900875,0.03428720422190803,0.45033789101046434,0.37706395201261145,1.6812890866754662,0.26785274143481763
2,2,0,1,1,4.8698475509288235,0.06748080609134424,5.743084735258116,0.03355760853853934,9.95215177065043,4.290793578082317,0.1685191110492581,64.35180686686512,16968319672.86128,0.0007019290619934279,0.15581519347606854,0.26800455886188773,0.28274627416710174,0.19464938417839409,1773963.9387496766,0.03997272777768893,0.2357709501623677,0.03809496381410492,0.19175201929906707,0.4033454058214278,0.7154804385170317,0.26800455886188773
2,2,0,1,0,4.492563465456845,0.026432725160002554,6.925325364321523,0.02128852062866865,9.215140505221951,4.890837865690458,0.04341577738954928,86.85578837516256,19600428537.059013,0.0006618917141376066,0.18735236636050695,0.2680074125736084,0.25080340635984244,0.18706892793140595,2669830.8844710365,0.03145117432085013,0.18093172189425388,0.030385735232048777,0.2680074125736084,0.39732953932719645,1.0,0.2680074125736084
2,2,0,1,0,4.492563465456845,0.026432725160002554,6.925325364321523,0.02128852062866865,9.215140505221951,4.890837865690458,0.04341577738954928,86.85578837516256,19600428537.059013,0.0006618917141376066,0.18735236636050695,0.2680074125736084,0.25080340635984244,0.18706892793140595,2669830.8844710365,0.03145117432085013,0.18093172189425388,0.030385735232048777,0.37600472583416855,0.39732953932719645,1.402963903958808,0.2680074125736084
2,2,1,1,2,0.4917458084747832,0.013788854981719837,8.300187684408073,0.014057359990492724,3.828621160017211,6.656910328214845,0.12501159626464373,107.60454702537044,18626951181.259995,0.0,0.24614928173866318,0.26824423578927437,0.2055042578758138,0.14253835720906097,664416.1608754726,0.021116000002544492,0.1138523877757911,0.020654010527333767,0.14448934632840466,0.5576877527245611,0.5386484667723175,0.26824423578927437
2,2,1,1,2,0.4917458084747832,0.013788854981719837,8.300187684408073,0.014057359990492724,3.828621160017211,6.656910328214845,0.12501159626464373,107.60454702537044,18626951181.259995,0.0,0.24614928173866318,0.26824423578927437,0.2055042578758138,0.14253835720906097,664416.1608754726,0.021116000002544492,0.1138523877757911,0.020654010527333767,0.14448934632840466,0.5576877527245611,0.5386484667723175,0.26824423578927437
2,2,0,1,1,4.860293495335362,0.06752032145501978,5.733853297605615,0.033574670040559564,9.937855910797973,4.278770742728738,0.16870980433208366,64.22993535882367,16951237987.60637,0.0007034102428501866,0.1559222675306996,0.2682650652666652,0.2828906214187602,0.19472784066383358,1774083.6801402005,0.04001355184334615,0.23606710618959703,0.038132180100743734,0.19225460759333227,0.4034310766424751,0.7166591274276589,0.2682650652666652
2,1,0,3,0,2.8101098715136543,0.08535803938894931,8.979114772364117,0.02750673524384074,2.507751579764718,13.124129581636026,0.564157060962709,119.00875789005696,12300601065.219128,0.0010151266496442794,0.21285041967092128,0.2684444805377691,0.22970564053176293,0.16574652601487494,3356985.943901257,0.026382340646053742,0.1460721407161265,0.025413052417960953,0.2684444805377691,0.5165696005972784,1.0,0.2684444805377691
3,1,0,1,2,3.8506160637134794,0.08364108870051416,2.630545439145999,0.0360733441018006,5.669038279352691,4.9430914522694165,0.20734519424507666,116.74298790184454,12983155206.068888,0.0006040275988547822,0.16198770738245427,0.26868389249266533,0.2767204830068124,0.19313276115633718,1785534.9803419271,0.03828711285776177,0.22327275679589298,0.03660687272204557,0.48390428818829845,0.35203405780130154,1.8010171123358587,0.26868389249266533
3,1,0,2,0,3.1618228594388866,0.014861435129012415,3.949878911335551,0.012150273426990037,2.2670991525552515,5.5844781730472794,0.3976506545676079,111.58215773185572,10310047111.510075,0.0,0.22307580495383966,0.2686919157653315,0.22180008099881113,0.1395137273371506,81109.75295792235,0.024597637965539588,0.1400668393241461,0.023904287917498886,0.2686919157653315,0.786253768798161,1.0,0.2686919157653315
2,1,0,1,0,1.5516357543685004,0.06878528216599873,6.409116157264679,0.04640705071322599,4.344815969814012,4.883854473256888,0.037964397683849335,86.83000953003096,10049521634.19348,0.0011081220619532013,0.2285712621300698,0.2687801354171897,0.21791300332748006,0.16917342100306546,3949224.478934563,0.02374303850960117,0.13329921017339585,0.023180211225850282,0.27470186021839293,0.4316989870141268,1.0220318543705313,0.2687801354171897
2,1,0,2,0,2.201335514433511,0.0930483969750766,3.006193348069353,0.03828198730652383,5.646912792113101,3.992141310114115,0.02268190967970715,83.16689650861719,17955654301.409348,0.0013409676765130212,0.22079181049266608,0.26886908638577245,0.2240494641998914,0.16923835755543587,3366989.696092983,0.025099081204129212,0.13597816633998672,0.02437208824856384,0.26886908638577245,0.37655459512266803,1.0,0.26886908638577245
4,1,0,2,0,2.226126015502032,0.0386949235764013,2.9424825795126575,0.041027461737803146,9.392825830646624,2.501225356897754,0.21270768576627264,77.01145664681312,10528371272.361715,0.0012988499625980598,0.18716569644026682,0.26894204351234435,0.25218194581689557,0.18175159039166777,2434959.0141987824,0.03179786689799783,0.17664130613978213,0.030617081844639953,0.26894204351234435,0.3638259100734244,1.0,0.26894204351234435
4,1,0,2,0,2.226126015502032,0.0386949235764013,2.9424825795126575,0.041027461737803146,9.392825830646624,2.501225356897754,0.21270768576627264,77.01145664681312,10528371272.361715,0.0012988499625980598,0.18716569644026682,0.26894204351234435,0.25218194581689557,0.18175159039166777,2434959.0141987824,0.03179786689799783,0.17664130613978213,0.030617081844639953,0.26894204351234435,0.3638259100734244,1.0,0.26894204351234435
3,1,0,2,0,0.9618277479868421,0.05230359850899121,5.402813662859872,0.00918024238985225,2.275726350933139,2.225035347730611,0.8094899401591032,102.98401697341015,10569227412.208569,0.0,0.24582998914200832,0.2690056895276099,0.2058975326092074,0.1661435088160658,4631933.362041131,0.021196896967279815,0.1219915533831325,0.020758789388993993,0.2690056895276099,0.3548212222261009,1.0,0.2690056895276099
5,2,1,1,1,3.8114179013566205,0.0795490717930748,5.359370806436384,0.031123740216519973,7.548807097140341,1.5064889541928554,0.7264359112238363,90.04814002556034,13700974270.744263,0.000807736742086037,0.17741234777063297,0.2690255178002032,0.2610706197104871,0.1814333168648168,2202498.9940059045,0.034078934238008896,0.1991463828376877,0.032483760699840034,1.0,0.4298075755466513,12.44919627103469,0.2690255178002032
3,1,0,2,0,2.5813152445948964,0.08632337345842249,3.4812893355641266,0.010470867721053798,2.334700307711091,7.935335273829603,0.44758283752117584,127.39471752633982,13877930881.23369,0.0,0.17908320876371664,0.26902860539290696,0.2594494516273601,0.16863513059107757,429858.29205257643,0.03365700897486894,0.19648280375344462,0.0321792263644679,0.21600722427173927,0.4234668555776324,0.8029154518950437,0.26902860539290696
3,1,0,3,0,4.764122806011838,0.08889426991982574,5.1667246793934645,0.007305397899289304,6.2810201648347235,10.739672616113037,0.18048567655518086,124.89950189067856,13995015881.935965,0.0,0.17824560443180937,0.26903461026810427,0.26013530832861176,0.18782771259438918,1704096.188057967,0.03383518931961096,0.2000998330569499,0.03260703274126425,0.164787378525349,0.39584230966218525,0.6125136775566961,0.26903461026810427
3,1,0,3,0,4.764122806011838,0.08889426991982574,5.1667246793934645,0.007305397899289304,6.2810201648347235,10.739672616113037,0.18048567655518086,124.89950189067856,13995015881.935965,0.0,0.17824560443180937,0.26903461026810427,0.26013530832861176,0.18782771259438918,1704096.188057967,0.03383518931961096,0.2000998330569499,0.03260703274126425,0.26903461026810427,0.39584230966218525,1.0,0.26903461026810427
5,2,1,1,1,1.3007889329938345,0.036713878173560824,6.575955691423742,0.012203009772765505,8.790353180939961,13.240397462566998,0.34606849631651804,118.51942534100237,11901398312.808014,0.0,0.2497210052002308,0.2691139698788626,0.20342574909250338,0.16501828900105758,2889491.8140857406,0.02069101769692307,0.11890251816187258,0.020380464327764747,0.2691139698788626,0.3878135831764426,1.0,0.2691139698788626
5,1,1,2,1,4.779927272386182,0.03496487990508999,2.0431914662736377,0.0336447271203771,2.935880560033635,10.622922784836899,0.8143168677493923,99.63819043193219,11754747238.258055,0.0007918595343261922,0.16795808110512778,0.26920632169242886,0.27063849171623006,0.19512752945577178,1449018.1182780648,0.03662259659921797,0.21785667692350408,0.03515444728390776,1.0,0.3557269589293918,50.58239102057697,0.26920632169242886
5,2,1,1,1,3.8262482646234686,0.07974109431654472,5.322644866992869,0.031076659335189657,7.512409184282596,1.479118352692178,0.7254604729595565,90.11478295791902,13685481604.441315,0.0008053266616004318,0.1777655122858285,0.269330168065732,0.2609669782605539,0.1812671529788237,2239572.6632798137,0.034051881871222205,0.19990107471144325,0.03246385732235404,1.0,0.43032778677744354,12.463813866604825,0.269330168065732
3,1,0,2,0,2.0984744552727514,0.0883349299829291,8.134269089942451,0.019857994661517712,5.721104240816589,8.409675374957265,0.035234940787619476,110.60863884838558,12705280723.469616,0.0014095289210399019,0.23557505797010392,0.26946477268279834,0.21325467825511804,0.17647940071533397,4596270.328263838,0.02273877889884696,0.1313268500800473,0.022330033195564012,0.26946477268279834,0.46004392434438646,1.0,0.26946477268279834
3,1,0,2,0,4.0288566520624025,0.0522013475967742,4.863008374365283,0.026983565375107092,6.539031901676317,3.299326379126346,0.844089691412079,124.44566598827005,11782340192.447008,0.0005709027719984211,0.17192808952963012,0.26952970463320475,0.26699163900205314,0.18940257410660663,1821965.0177747146,0.03564226764850133,0.20947216321969586,0.034164273464339395,0.3478296451336875,0.37533993821043643,1.2905057926993202,0.26952970463320475
2,2,0,2,0,2.84862340285591,0.09646880208372473,8.273539042177214,0.009932628876944079,7.427019702695261,6.82262624560844,0.1486472433737812,96.71055572194355,14500853352.01293,0.0,0.23554752126223374,0.2695501396714927,0.21344145103146395,0.17505628250068142,4316561.205587796,0.02277862650920841,0.1297409456401114,0.022345165909051567,0.2695501396714927,0.3566359737643758,1.0,0.2695501396714927
1,1,1,2,1,2.3956456305716785,0.08364636270592185,3.4651451002072893,0.03457701602098048,0.5302903470885464,1.1319141622680189,0.02364116677437653,120.33752255879615,11722853701.08248,0.0009657491657112758,0.22598198585443163,0.2696498096703183,0.22037391162902548,0.14013368858454853,1634438.9574940864,0.024282330463338768,0.139341008595942,0.02337017929066779,0.2696498096703183,0.39858803151981514,1.0,0.2696498096703183
5,2,1,1,2,4.746386569220862,0.07177340855590374,6.8367895911106045,0.008841113355184473,9.298191317918084,15.54252564639924,0.37870517736476955,94.59936048450479,16310247911.682314,0.0,0.18133643004388378,0.26979811283753696,0.2582684189251133,0.17677677010604081,826044.1400426916,0.03335128810703891,0.1896865380410533,0.031885888330720646,0.26979811283753696,0.41221893726815445,1.0,0.26979811283753696
5,2,1,1,2,4.746386569220862,0.07177340855590374,6.8367895911106045,0.008841113355184473,9.298191317918084,15.54252564639924,0.37870517736476955,94.59936048450479,16310247911.682314,0.0,0.18133643004388378,0.26979811283753696,0.2582684189251133,0.17677677010604081,826044.1400426916,0.03335128810703891,0.1896865380410533,0.031885888330720646,0.26979811283753696,0.41221893726815445,1.0,0.26979811283753696
5,2,1,0,0,2.35711261460225,0.08029751061261518,4.6062525138457255,0.02069462303901468,4.780213529610595,6.978292082222606,0.47091635195506537,89.46959782331467,17722724125.343323,0.0007019518224895084,0.20964933781255735,0.269861385283356,0.23333840781478835,0.1777902679027148,2922588.2967957053,0.02722340628077024,0.1539064138668692,0.026441060837022162,0.269861385283356,0.3952387352123717,1.0,0.269861385283356
3,1,0,2,0,1.7871016552581738,0.03620740439542597,1.1703636942758568,0.012633681935672676,0.40077189589980233,4.46289506857417,0.3878561082781379,117.36780883582023,10390878061.204887,0.0,0.16060545815583172,0.269872206995958,0.2790122970800161,0.1895435707243052,1114889.84441912,0.038923930960933585,0.23505424578945955,0.03721226313286332,0.5515374306186581,0.47737565209254473,2.043698522193205,0.269872206995958
2,1,0,3,0,1.5514485963666929,0.04107847570091008,6.212111143575514,0.058930292029202684,0.6771472744207798,9.43244446579715,0.06486590670954272,91.10593009323843,12901201621.802103,0.0005904574559599076,0.19013084943806063,0.2699535093362137,0.24979132579899807,0.19795009934450505,3612779.2769964677,0.031197853222210598,0.18449048131009615,0.03036180392897221,0.10247848702680509,0.5654049407809058,0.3796153170180619,0.2699535093362137
1,1,0,1,1,4.084131739470411,0.08438482370538293,6.529681566643219,0.040976233988506035,3.350877083793333,11.21904361873446,0.3632360640355974,88.49354586428989,17483025992.617363,0.0012548382860545855,0.21396751447420234,0.26998507940959937,0.2302502723352034,0.1712063819062643,3291138.6585124494,0.02650759395521767,0.14484055120189776,0.0257587035539764,0.26998507940959937,0.44874239453172565,1.0,0.26998507940959937
4,2,0,2,0,0.9192665033802219,0.05883069571056713,5.157109692859136,0.036084030961300514,2.985255989704884,6.879129177579543,0.7702914326265135,118.40073946476019,9638543158.82807,0.0008009486271067609,0.23626461099577975,0.27010644651657534,0.21330800970092942,0.17452706812868352,3605026.215417793,0.022750153501285897,0.13102728845712708,0.022305635030046404,0.27010644651657534,0.3951009705898877,1.0,0.27010644651657534
1,2,0,1,0,3.0766106443358976,0.08150643482104834,4.759532226031987,0.01646473269089299,8.488980933117253,10.67774263724948,0.5398730100267067,120.56597161542089,17194495176.42936,0.0,0.1774212634187188,0.2701414601079185,0.2619473528276065,0.17230526063178328,627259.4237428816,0.03430820782669528,0.20396067599804202,0.03284384867042045,0.2701414601079185,0.4260393356610699,1.0,0.2701414601079185
5,2,1,1,1,3.7637343332728945,0.09203236253462405,6.179898178950222,0.06299875484403387,8.598520313529093,6.371479783881224,0.654693083156745,93.50222283152773,10488373618.577728,0.0012957499849418404,0.1931197581743836,0.27018923141819745,0.24755840884442434,0.17923386870699345,2516939.686711139,0.030642582894791576,0.1765986647366915,0.029454614131831643,0.27018923141819745,0.45304389394252603,1.0,0.27018923141819745
2,1,1,2,0,4.027200365201996,0.0627995904848496,5.2908760164210165,0.07325388943783503,4.577923568545531,5.6791154962992545,0.28052380278371014,93.82528343426027,17914093132.847443,0.0013830778267860315,0.20735291920483273,0.27024657876909736,0.23574872082436696,0.1732381937597544,3031595.497590673,0.027788729685162654,0.153486238242319,0.026869799730772064,0.27024657876909736,0.4071687258928762,1.0,0.27024657876909736
4,1,1,2,2,4.181062741390634,0.07733433270628531,4.5493597581491505,0.01756378876276679,7.08261771883313,2.35153390238202,0.05457781083274615,77.68953570612146,15485503096.37304,0.0,0.23384312471226743,0.27024948182683745,0.21530844755979997,0.15560928453647863,2646300.844830731,0.023178863795305565,0.13028640902297883,0.02240453204011931,0.27024948182683745,0.4555967912798651,1.0,0.27024948182683745
4,2,1,1,0,2.6628562306025056,0.07755750644627117,6.090912773131104,0.016209936695087555,2.101581294321595,14.010064680006575,0.539537193335367,90.2387031563106,14131588012.302996,0.0,0.1848062964496976,0.27026974270356297,0.25509290299168186,0.16520378324055057,508979.7928450739,0.0325361945783618,0.19087744929225625,0.031108418712788757,0.44469335359013457,0.43460309905193334,1.645368620037807,0.27026974270356297
5,1,1,2,1,4.672654959997917,0.04463242238634169,1.8219885833973515,0.015258708935874193,0.44553906261320386,9.435944964849861,0.6394085564754818,95.6607718662359,9931341963.118439,0.0,0.1802578527505435,0.2702987896854727,0.2592752787665696,0.17549812862672898,509334.4645634927,0.03361183508974118,0.20077378428288106,0.032338335612706215,0.2702987896854727,0.47398657665473826,1.0,0.2702987896854727
2,2,1,1,2,3.364041045511116,0.027894423901820387,8.78759930903429,0.022764069294917044,3.8321510702735058,6.653759547942341,0.12523945734164912,125.44018826446717,16655479146.62724,0.000560487998115812,0.2091030458720576,0.27039996045952086,0.23406370025123877,0.18147381329796744,3409965.6293941755,0.027392907887650877,0.1583664018202704,0.02658770935641004,0.27039996045952086,0.3997197368176011,1.0,0.27039996045952086
3,0,0,2,1,4.559693534297397,0.07433202660984616,1.2618676246054457,0.03032734442408157,5.2553829054801655,17.329009769456007,0.21331408535366037,77.29802798931655,15935682119.248825,0.0007652016094806044,0.19540172464669725,0.27053213238240065,0.24880281071724056,0.188409111663274,2601845.4366073553,0.030951419310399516,0.12305379511048342,0.029715033969800585,0.27053213238240065,0.5534074961834733,1.0,0.27053213238240065
5,1,1,1,1,2.543428960783725,0.0977325120537799,9.714272282231832,0.04444897278240592,5.611182229943239,3.0492870176652573,0.6293054410310376,86.13381883514707,15522455872.07953,0.0009374915525216617,0.1982146125372659,0.27067623298193594,0.24338152949381459,0.16744312526976576,2607940.868614846,0.02961728444937427,0.1729612737719448,0.02815778132274331,0.47357088491899507,0.44379234436930487,1.7495842900643577,0.27067623298193594
2,1,0,1,0,0.26843877737237276,0.04770556036120481,4.680845391437306,0.025477122900091503,8.452055597887508,3.6552124757590634,0.21033820390343,92.76244557326314,15201753780.84099,0.0007948001761934466,0.20155128153837915,0.2706929124513816,0.24041818676918092,0.17692047812128023,2193235.929357601,0.028900452264690377,0.17077870404552897,0.02804130172123795,0.2706929124513816,0.5540776831810269,1.0,0.2706929124513816
2,2,0,1,0,4.694312217854065,0.0849193282477971,9.637655773783244,0.028343103734911362,1.2454798380992784,1.6285038765851283,0.23304104731030617,120.2058031458566,15033674990.569302,0.0006172448870134465,0.24149529085706498,0.27072676501540976,0.21019009189373064,0.1627464889260677,4921227.150487265,0.022089937365147465,0.12702652256176583,0.021595550934542494,0.27072676501540976,0.5100531751508315,1.0,0.27072676501540976
5,2,1,1,1,3.88432759882493,0.08358301523302741,7.23199002565616,0.07356345254403635,8.762736833312884,3.923499193479197,0.7131029034010207,63.7318260348179,9764259057.778944,0.0014700566268683254,0.19680750705604988,0.2707326287344984,0.24470049475922537,0.17504515494497927,3114244.501129158,0.02993916606770484,0.17408920811719575,0.028686001568240218,1.0,0.47645346729823146,5.042539732161617,0.2707326287344984
4,1,0,2,0,4.406137354129806,0.033830592646367945,1.8721294614814603,0.03828974528371211,4.649032714322915,13.473999503367738,0.35024449479998543,109.47418267216001,13284822327.295492,0.0011541172149086565,0.19086826810290264,0.270812744697806,0.2501250063928567,0.18696701623520806,2203420.5829589916,0.031281259411513294,0.18097267669022787,0.03027502276735192,0.270812744697806,0.33687442044566546,1.0,0.270812744697806
4,2,0,2,0,1.4171603453293662,0.0618580067787676,5.5887044286922745,0.05318026592332105,5.922902049789786,8.164162518628832,0.5737234494737339,123.91296308564787,14185880444.016918,0.0005469537470638969,0.17543310949569357,0.2711665745479497,0.2651240817973647,0.1853870600336717,1735490.9940811074,0.035145389374447854,0.20486072944702827,0.03367520967538828,0.1776285082257315,0.3647595439258396,0.6550531108852501,0.2711665745479497
3,1,0,2,0,3.4411750038534814,0.06973161169344037,2.725826900560513,0.004177825953000618,0.13180214049635014,6.873138365738806,0.5996065402931603,127.63672926963235,11085665335.395645,0.0,0.2656876107596546,0.27130046240078626,0.19512817007692562,0.12597781249790915,484801.59800556494,0.019037501378784807,0.10755257121334261,0.018581208839795565,0.27130046240078626,0.3449365518802618,1.0,0.27130046240078626
3,1,0,2,0,3.4411750038534814,0.06973161169344037,2.725826900560513,0.004177825953000618,0.13180214049635014,6.873138365738806,0.5996065402931603,127.63672926963235,11085665335.395645,0.0,0.2656876107596546,0.27130046240078626,0.19512817007692562,0.12597781249790915,484801.59800556494,0.019037501378784807,0.10755257121334261,0.018581208839795565,0.27130046240078626,0.3449365518802618,1.0,0.27130046240078626
2,2,0,1,0,1.6146555892255798,0.07565898521340725,5.946336937164661,0.01214466425465097,1.848003308897819,6.933700586718234,0.29657283554465547,106.94654746506328,12762118787.918388,0.0,0.18418491550753724,0.27130290544062413,0.25669595596881034,0.17012781738310578,636164.3740105116,0.032946406905370706,0.1923890474743719,0.03166933606078372,0.04013610662745093,0.4324335550102684,0.1479383590170762,0.27130290544062413
3,1,0,2,0,4.3279648634173755,0.03612942335295735,2.343665815797383,0.015227359864086978,3.8355187730264673,4.920002910905311,0.0749748112753854,126.23251804045599,11782929160.673796,0.0,0.2014159180361308,0.27139005622602064,0.24151722746226387,0.17270901204033665,2025472.9208638233,0.02916528558052945,0.16554570194856966,0.028021970502262458,0.005206471888180124,0.3763083828647173,0.019184460774215102,0.27139005622602064
3,1,0,2,0,4.3279648634173755,0.03612942335295735,2.343665815797383,0.015227359864086978,3.8355187730264673,4.920002910905311,0.0749748112753854,126.23251804045599,11782929160.673796,0.0,0.2014159180361308,0.27139005622602064,0.24151722746226387,0.17270901204033665,2025472.9208638233,0.02916528558052945,0.16554570194856966,0.028021970502262458,0.27139005622602064,0.3763083828647173,1.0,0.27139005622602064
3,1,0,2,0,4.3279648634173755,0.03612942335295735,2.343665815797383,0.015227359864086978,3.8355187730264673,4.920002910905311,0.0749748112753854,126.23251804045599,11782929160.673796,0.0,0.2014159180361308,0.27139005622602064,0.24151722746226387,0.17270901204033665,2025472.9208638233,0.02916528558052945,0.16554570194856966,0.028021970502262458,0.27139005622602064,0.3763083828647173,1.0,0.27139005622602064
3,1,0,2,0,4.966564994193611,0.07482880781575026,1.4470511549716898,0.010886421645842692,4.103720644842738,6.624065339068173,0.023198022504427256,127.70406609519483,11675289886.341078,0.0,0.19942252291323959,0.2714443000761957,0.2433264864525722,0.17110273577092408,1865525.2975239255,0.029603889504676902,0.16722027376146464,0.02836892154125617,0.2714443000761957,0.3182607905859817,1.0,0.2714443000761957
3,1,0,2,0,4.966564994193611,0.07482880781575026,1.4470511549716898,0.010886421645842692,4.103720644842738,6.624065339068173,0.023198022504427256,127.70406609519483,11675289886.341078,0.0,0.19942252291323959,0.2714443000761957,0.2433264864525722,0.17110273577092408,1865525.2975239255,0.029603889504676902,0.16722027376146464,0.02836892154125617,0.2714443000761957,0.3182607905859817,1.0,0.2714443000761957
4,2,0,0,0,0.34519265084437634,0.06062037319992026,2.671607488594157,0.0163016465901411,9.530620982253522,8.821399412595687,0.015530425407163831,124.42887925188167,17813599286.425518,0.0,0.1722949358597383,0.2714758957001077,0.2682958254186488,0.18085602337622866,609092.1430392574,0.03599132496853705,0.21564512952739778,0.03455458345325493,1.0,0.42378519254017494,11.081899465557601,0.2714758957001077
3,1,0,2,0,4.423698970835284,0.0169154326177404,3.6190963411884125,0.011635805687969961,3.376136697879966,4.674850023411473,0.1979257245811527,117.8360073717383,10566964743.517673,0.0,0.22787976442052205,0.2714891037741195,0.22059457716040448,0.14215366014914305,149472.8285949845,0.024330983736288826,0.13775248496922565,0.023684481689309096,0.2714891037741195,0.3741919811704882,1.0,0.2714891037741195
3,2,0,1,2,0.8293477933582011,0.07900883542301307,1.3521219786187424,0.016903998619654304,0.8614222843754845,3.7072483110932666,0.20855876193395698,121.82548250989706,10103744264.637672,0.0,0.26759569743935435,0.27154661346324904,0.19499480337497388,0.16396593942305818,6867284.418709724,0.019011486671622363,0.09203110149290217,0.018802148316288674,0.27154661346324904,0.3317044005390705,1.0,0.27154661346324904
1,2,0,2,0,2.2479285312703543,0.056818054705463514,7.9059228424142605,0.01711754036239011,9.83254390255637,7.96550396686383,0.7483519124822523,103.24817441759994,17390518207.701637,0.0,0.18160972930356023,0.2715888701106318,0.25924693236525836,0.17371659108770715,953146.0863020106,0.033604485970398425,0.19966689432903528,0.03214411706966033,0.2715888701106318,0.45314482992199845,1.0,0.2715888701106318
5,2,1,1,2,4.590826722778995,0.07443812051299185,7.765353368020844,0.009215830507768977,8.66688299302787,17.029980058281705,0.5755265140994952,92.9308021443126,17786111558.524223,0.0,0.186393610552547,0.27188932031079543,0.2553225797659032,0.17636261197966843,977632.0573602224,0.032594809869158005,0.1873047167009083,0.031172340470993546,0.27188932031079543,0.40552114474451817,1.0,0.27188932031079543
3,1,0,2,0,0.9368080852603443,0.09382535561312191,4.543688314838925,0.011623681778908587,4.184261120487498,10.123429726683694,0.12271498369573085,110.98231286127515,12509369133.854063,0.0,0.2614666182630039,0.27190594612813246,0.19854799954784172,0.16767283776035766,5807866.207925266,0.019710654062224876,0.10465551632984904,0.019441589170138905,0.27190594612813246,0.3583375809737644,1.0,0.27190594612813246
3,1,0,2,0,0.9368080852603443,0.09382535561312191,4.543688314838925,0.011623681778908587,4.184261120487498,10.123429726683694,0.12271498369573085,110.98231286127515,12509369133.854063,0.0,0.2614666182630039,0.27190594612813246,0.19854799954784172,0.16767283776035766,5807866.207925266,0.019710654062224876,0.10465551632984904,0.019441589170138905,0.010744752601119309,0.3583375809737644,0.03951643115614681,0.27190594612813246
2,2,0,1,0,4.625707479593935,0.09569732604046738,9.138694941653242,0.007656033105986003,8.454550958041679,2.347070244759016,0.4485455231459872,73.88505857775999,18359133856.39939,0.0,0.19615875260531435,0.27199485924368666,0.2464954602744882,0.17499249888539384,2116755.2827817164,0.030380005967965897,0.17508333947404264,0.02913413000936859,0.045299362971191054,0.43879993209362356,0.16654492330168005,0.27199485924368666
4,0,0,2,0,2.9278751527841917,0.08626353605036444,2.7389691997293255,0.006609577739499466,0.47301496714413804,7.303468199144436,0.44687357821132057,125.5187146550848,11961872303.164646,0.0,0.2398032607204016,0.27204004151570416,0.21248915381469544,0.16247282669663968,3327506.0196579485,0.02257582024444265,0.1282104107897304,0.021795408815063345,0.27204004151570416,0.381431207781369,1.0,0.27204004151570416
5,1,1,1,1,4.615466055112107,0.08690871534318122,3.2947437889759494,0.03259008309013865,3.691626726882813,10.207216251157398,0.1042703646877967,108.2579470037842,14410832455.343508,0.0006623384716929212,0.19826886920164336,0.2721338781939278,0.2448216739729538,0.17930248929211648,2083017.4084716872,0.029968826023459638,0.17168257069299464,0.0288155862835195,1.0,0.3859997818123874,134.96593225076543,0.2721338781939278
3,1,0,2,1,3.3303879647369117,0.0924031763482756,1.3494822639241948,0.011889777763034792,4.707427744775177,9.233315525309893,0.34329996976898675,125.63395111789944,9088714317.551167,0.0,0.17531742968131991,0.27216509893292423,0.2663557502946231,0.18823416598176468,1769135.5156237157,0.03547269285750581,0.20391309989624584,0.03403994158146624,0.27216509893292423,0.29945162939455405,1.0,0.27216509893292423
4,1,0,2,0,1.9372305861229178,0.02730916177326825,8.493754414985663,0.04313314204471979,0.32921147881657614,3.6152125195046807,0.7674346088366124,112.0648487193331,10369963431.583857,0.0009684516720745028,0.24171987541003706,0.2722249413332203,0.2126947775631467,0.17993514090428858,4605552.592080609,0.022619534201318226,0.1030086921001021,0.0222553035716279,1.0,0.42729925452335016,6.531597025073721,0.2722249413332203
3,1,0,2,0,3.914061983261082,0.07392508663764581,4.219406053048744,0.015087007311116903,5.020512699418074,5.896072560176091,0.188598564317192,109.95828035202159,13027300309.763977,0.0,0.18970210157660283,0.2724435920802239,0.2529387961716234,0.1789283598660952,1988454.8217421984,0.03198901730437503,0.1804828584808399,0.0306500010695231,0.02380819351669637,0.38335983146057134,0.08738760686170148,0.2724435920802239
2,1,0,2,0,4.335257002957028,0.09522653346274414,7.5349099329468086,0.009388038145018485,5.597625637001961,3.9394813129252526,0.18631868133738524,87.45006475071085,18581833111.73864,0.0,0.22738939511345904,0.27252648652287625,0.221841994048468,0.17545869178992707,3928124.6358071743,0.024606935161700254,0.1388051385723137,0.024024344000045512,0.27252648652287625,0.3582384548869218,1.0,0.27252648652287625
2,1,0,1,0,1.543936573311665,0.06881015635443236,6.447076488802752,0.04619257862595883,4.370789327177715,4.886165242525061,0.038372045437762695,86.73941489441229,10077262146.107742,0.0011068792186701777,0.23079875794496932,0.27255438970182316,0.21935148229234466,0.17083856526839294,4016473.0140742287,0.024057536391924397,0.13580897020376104,0.02348244646825866,0.2048883964644581,0.43038476819231597,0.7517339812013586,0.27255438970182316
2,1,0,1,0,1.543936573311665,0.06881015635443236,6.447076488802752,0.04619257862595883,4.370789327177715,4.886165242525061,0.038372045437762695,86.73941489441229,10077262146.107742,0.0011068792186701777,0.23079875794496932,0.27255438970182316,0.21935148229234466,0.17083856526839294,4016473.0140742287,0.024057536391924397,0.13580897020376104,0.02348244646825866,0.2048883964644581,0.43038476819231597,0.7517339812013586,0.27255438970182316
3,1,0,2,0,4.329024394016221,0.03616501542110529,2.3373280949266952,0.01519229720685809,3.8304590991322365,4.899048562336836,0.07582711478326835,126.26767422165742,11773510067.444317,0.0,0.1998278773995681,0.2727816358507769,0.24409516979501106,0.1720357918155348,1958523.3676440204,0.02979122595862764,0.16973354309764244,0.02851648103660486,0.2727816358507769,0.37574659534088467,1.0,0.2727816358507769
1,0,1,2,0,0.5581368956452757,0.04768796676566192,9.09523653032635,0.034372375866763415,1.3247816305190567,3.6868066903313808,0.40333248593689314,98.00786655116987,11232602916.01764,0.0011127223484651422,0.20156008972767991,0.2728924227600849,0.24297078898825833,0.16678062159539228,1434304.2161715361,0.029517402150788376,0.16309646570057368,0.028473787259780593,0.2728924227600849,0.5100904677397345,1.0,0.2728924227600849
4,2,1,1,2,2.3639228358239093,0.07661292665109438,4.4529346272966315,0.02000001589638531,4.64872162405412,6.748408475351926,0.4830148740676078,90.0286199048517,12011254536.65152,0.0006349055240953391,0.20677816847796482,0.2729011809318149,0.23823904780274482,0.18123540768052898,2968563.783575936,0.028378921948979268,0.16263766335852237,0.027513069709523257,0.3138081524214809,0.38699713329384966,1.149896645188526,0.2729011809318149
4,2,1,1,2,2.463742749106707,0.0763681903691066,4.582864851535949,0.022432892585381822,4.9554250099455235,6.669483691353913,0.4625727550912551,89.92726166715076,12154927000.335325,0.0006459517383946984,0.20307440306017116,0.27292063088653745,0.24133091019181127,0.18119665288412737,2938132.2599148476,0.02912030410700404,0.16771497481496678,0.028122666157524633,0.27292063088653745,0.387379268344203,1.0,0.27292063088653745
4,1,1,1,0,0.7598351083553426,0.07155231649020541,3.3958776205810404,0.024526490710909798,1.2092060829727262,1.8688289605061499,0.3902224568520681,72.18740137536561,14475011773.379107,0.0009451755553180138,0.2637773412151149,0.2732386733927899,0.1977328391560239,0.16871216129903396,5764037.345097833,0.01954913784035101,0.1107910215025606,0.019308506247423723,0.2732386733927899,0.3874711064005236,1.0,0.2732386733927899
3,1,0,2,0,1.823836103224539,0.07614125314156986,1.7220796392620437,0.02909188421067238,0.7823327735593775,3.525812767926902,0.4787223996723651,125.06826419114026,10680924026.48265,0.0007151064524597007,0.23152522816014737,0.27328570384762285,0.21923161705785452,0.1440984183401989,1614896.319276514,0.024031250958900886,0.13914867879281734,0.023201300760804667,0.27328570384762285,0.5118870032481642,1.0,0.27328570384762285
2,2,0,2,0,2.4030661706248213,0.082702530755266,4.487620365221529,0.004179673634390733,6.537340788608616,6.1701579436535905,0.2568854718350059,107.25532044886322,10440122032.429506,0.0,0.21465472268075972,0.2732904223581324,0.23225843571118554,0.17843841825127565,3374680.3599195476,0.026971990479503452,0.15268320912890332,0.026184480861568965,0.1291138761160018,0.3525490954306792,0.4724420087682583,0.2732904223581324
2,2,0,2,0,2.4030661706248213,0.082702530755266,4.487620365221529,0.004179673634390733,6.537340788608616,6.1701579436535905,0.2568854718350059,107.25532044886322,10440122032.429506,0.0,0.21465472268075972,0.2732904223581324,0.23225843571118554,0.17843841825127565,3374680.3599195476,0.026971990479503452,0.15268320912890332,0.026184480861568965,0.2732904223581324,0.3525490954306792,1.0,0.2732904223581324
3,1,0,2,2,2.4887415317808608,0.09503213761336375,3.223387928217172,0.025335854621541982,0.3061857273707288,6.728045251805047,0.32477110403947107,115.90702573557809,16646988351.507154,0.0007341697839397508,0.20214997103305876,0.2734424180917171,0.24233386637877205,0.1700424632078771,1289792.5206905417,0.029362851397042276,0.17375674627593418,0.02847975650215309,0.2734424180917171,0.503775552261611,1.0,0.2734424180917171
4,0,1,1,1,0.29115871718118125,0.013195475861815726,4.160072454295952,0.039529596634803585,3.5676163170536985,1.2102170371223027,0.49283783097636397,99.39923533987468,10409862874.626558,0.0007809144169819976,0.18721854378721614,0.2735010378617767,0.2557959315076904,0.1536430480957543,681132.6951676841,0.032715779287943524,0.19273574175542774,0.030611824265852617,0.2735010378617767,1.0999723003106174,1.0,0.2735010378617767
4,0,1,1,1,0.29115871718118125,0.013195475861815726,4.160072454295952,0.039529596634803585,3.5676163170536985,1.2102170371223027,0.49283783097636397,99.39923533987468,10409862874.626558,0.0007809144169819976,0.18721854378721614,0.2735010378617767,0.2557959315076904,0.1536430480957543,681132.6951676841,0.032715779287943524,0.19273574175542774,0.030611824265852617,0.2735010378617767,1.0999723003106174,1.0,0.2735010378617767
4,2,1,1,0,3.705769597379122,0.07555395735032847,6.084314622255999,0.022281235791781793,6.158006389357862,11.512904671506245,0.7847371450902065,80.27879870341415,15974499681.299856,0.0005985604430910517,0.2378515545278387,0.2735310018552108,0.2149331268826775,0.14239792659158898,1272469.250406631,0.02309812451578257,0.13328163309547536,0.022336680557062734,0.2735310018552108,0.4884546023578169,1.0,0.2735310018552108
2,1,0,1,2,1.5386793160452465,0.06896063366812875,6.448243796512606,0.045991481252971804,4.354724150836605,4.89800804888917,0.038408648029636394,86.76498375936711,10089832206.855772,0.001108664583703991,0.22878932420966427,0.27354835606865197,0.22157078522410398,0.17484558824024918,4051215.0668756054,0.02454680643241301,0.1398941912383581,0.023953671967881368,0.28393229055178876,0.4552403140910421,1.0379601421568432,0.27354835606865197
3,1,0,0,0,4.227021192139659,0.08021073121298096,3.519597212060738,0.018617783704570248,5.9594403958025755,9.135909476659707,0.2882263610128505,125.8493036451076,15127205205.906986,0.0,0.16877736443883307,0.27361511914575765,0.27442214462151515,0.19195044706956077,1936559.1100475711,0.037653756729335894,0.21838799554498733,0.03601925824840686,0.27361511914575765,0.3745943986501785,1.0,0.27361511914575765
3,1,0,2,0,0.7030844214362516,0.03452485555640276,4.773877810197922,0.0102529582853907,1.8649800337045572,1.3818163391088234,0.6307992422445844,126.14951758752522,10230592814.009502,0.0,0.19755141594621384,0.27365581043444515,0.24671573120311496,0.1679905232320619,1867048.7567575388,0.03043432601154384,0.1763094086564857,0.029220697886084484,0.07456613824949464,0.35439996367143256,0.27248147273436796,0.27365581043444515
3,1,0,2,0,0.7030844214362516,0.03452485555640276,4.773877810197922,0.0102529582853907,1.8649800337045572,1.3818163391088234,0.6307992422445844,126.14951758752522,10230592814.009502,0.0,0.19755141594621384,0.27365581043444515,0.24671573120311496,0.1679905232320619,1867048.7567575388,0.03043432601154384,0.1763094086564857,0.029220697886084484,0.07456613824949464,0.35439996367143256,0.27248147273436796,0.27365581043444515
3,1,1,3,2,3.745976050081525,0.03314765785687699,8.46888174312454,0.0033748217865405532,7.655587586237451,17.105568920349278,0.28450246980684846,77.98841828016258,14497753521.604313,0.0,0.21265735558597382,0.27367255848779043,0.23405454043495866,0.1635736014985278,1380351.917444042,0.027390763949109852,0.15758186657579387,0.026474325145597232,0.27367255848779043,0.39310437147449045,1.0,0.27367255848779043
3,1,0,2,0,2.5791951144721224,0.0967849169139665,8.682949531073257,0.0197444835267349,8.898466892438563,6.49845320333208,0.6485273275669312,111.11557830781486,11522094446.48414,0.0005493743613575071,0.19896655971747712,0.2739422428481893,0.24600153364206173,0.18520859266912149,2885729.534475676,0.030258377277123216,0.1702353470738468,0.02930159901837344,0.026758467919613223,0.37981400079219646,0.09767923209434325,0.2739422428481893
3,2,1,1,0,2.3044128410512594,0.05472061994258668,1.0277606154529384,0.03856093041834773,4.256109132645271,2.1995465330257566,0.5973198342728355,75.4027662025456,11986771581.444994,0.0007443964367672153,0.18336238972093277,0.2740772988906384,0.26040187860823755,0.18767543231512188,2339101.3303155135,0.03390456919134965,0.19206336256462742,0.032617980906375,0.2499079584681823,0.2278534459679028,0.9118156063260822,0.2740772988906384
3,1,0,2,1,1.50575315729296,0.0516693840792753,2.786748061428375,0.02668572650698872,2.33809569491473,8.460679167417567,0.7373019373754733,115.34728092118606,18108912754.71225,0.0011519257762643608,0.21924660436090881,0.27431845679290157,0.2295559166243332,0.17434013679678556,3392308.8056317586,0.026347959428618905,0.14829588034088825,0.02555005821980346,0.27431845679290157,0.37741304815679366,1.0,0.27431845679290157
2,2,0,1,0,3.734092779353526,0.09812754906135121,6.5368652863146455,0.027392130242502574,7.871239456223698,6.394275074477124,0.15117923387001728,90.90124245827128,19935236300.074116,0.0009248927350918972,0.1784521248532585,0.2743230913541135,0.2653211176992911,0.18695523594094865,2233208.036070123,0.03519764774860054,0.20174861579531522,0.0337789353768691,0.3124965077136657,0.4080006691005862,1.1391549510874956,0.2743230913541135
3,1,0,2,1,3.4749677235630205,0.09586183177182513,1.2658036766279652,0.02370017139810068,0.7229882910248546,4.411284884798229,0.33510936105811734,82.912774311331,16022027368.789362,0.0010734258171279372,0.2208798725511301,0.27433465426242054,0.22868110910214073,0.17380948397045387,1234105.9520415184,0.026147524830092597,0.14011892901239043,0.02552833870724729,0.27433465426242054,0.5034594759052626,1.0,0.27433465426242054
3,1,0,2,0,4.32809997304697,0.093945905727425,2.4701616954677084,0.056658329296130926,0.1386191886319737,9.73573228778146,0.42208346958705556,122.54679707664857,12689244429.226753,0.0008634106047831826,0.2434544317362798,0.2743481277746188,0.2129765715099444,0.17503324782649118,3796875.756737295,0.022679510006065228,0.1072167045903818,0.02226909234400669,0.12139472719613768,0.46893827352987216,0.4424842559737288,0.2743481277746188
3,1,1,2,1,0.2792371886002115,0.03201429676858752,2.2561034116362926,0.004806414385909895,4.965888760349269,1.5016287619354454,0.17381512424074264,75.65199340537163,13882405552.323689,0.0,0.24191550325953587,0.27435509516751516,0.21338930288600388,0.16013275175480984,4693652.154482278,0.022767497293087354,0.11972949175786562,0.022164366926369555,0.27435509516751516,0.31402595368702163,1.0,0.27435509516751516
3,1,0,2,1,4.890107577535272,0.024617223022708946,3.089596245999073,0.01675175211445814,3.4433771314229817,8.178346604445483,0.6201058504306654,126.41330389308068,15165412640.985975,0.0,0.16388345671023086,0.27437399888825115,0.28017389564462303,0.1890753903299768,1345854.8982191503,0.03924870590034205,0.23268387076083208,0.0375369016374591,0.629176331998807,0.47951825425262,2.2931339505499646,0.27437399888825115
5,2,1,1,2,4.746386569220862,0.07177340855590374,6.8367895911106045,0.008841113355184473,9.298191317918084,16.519530828350184,0.5632229568040441,94.59936048450479,16310247911.682314,0.0,0.1871074193625316,0.2743760858850595,0.2570486465357099,0.17848953083642108,887060.0456941394,0.03303700334292016,0.18831133649501974,0.0316400083877113,1.0,0.4121799041300885,137.2563776993661,0.2743760858850595
4,2,0,0,0,0.31124895183257556,0.06062037319992026,8.46165985931807,0.0163016465901411,6.021583722451835,8.821399412595687,0.015530425407163831,123.07067231391471,17813599286.425518,0.0,0.19268002094794912,0.2744722054207836,0.25173330492774376,0.1710224349192082,619539.9546179987,0.031684828404922205,0.1851156966831271,0.03060089011085707,1.0,0.44630435100887195,20.69358123422021,0.2744722054207836
3,1,0,2,1,4.873838098258821,0.08858930828289117,3.0639160815718833,0.0052202339835491435,9.325223307630925,8.57126719033086,0.19074385144273245,125.2059013203484,12978163811.800407,0.0,0.20301866902580112,0.2744753675551061,0.24290343214685323,0.15334373830513276,334122.9695774553,0.029501038674360467,0.1671393894733697,0.02807652987831712,0.2744753675551061,0.4255366315086475,1.0,0.2744753675551061
4,1,0,2,0,4.609204065375093,0.06031255100929621,3.780639718017804,0.0534924393210225,9.220353136226565,3.4268687600644943,0.15772396521290122,125.61674323830404,13209059535.656183,0.0009374072389142943,0.18241733986404196,0.27456891526479976,0.2616366725247495,0.18266484515875137,2042592.3072897894,0.0342268742049115,0.19658152578736476,0.032742831546263146,0.27456891526479976,0.37328406976809914,1.0,0.27456891526479976
2,2,0,1,0,3.8727920073689353,0.08717970916189513,4.873279368317958,0.035878658804884805,7.398552594576972,4.432845803524964,0.17956314206362722,83.46652371293122,18268302442.800087,0.0009233958571090796,0.18041432494783383,0.27457166337330935,0.2635178763576799,0.18957829334799461,2274929.6367059187,0.034720835580030744,0.20088185611104836,0.03339843475644898,0.27457166337330935,0.39131529796377135,1.0,0.27457166337330935
4,1,0,1,1,3.9077952483473055,0.060267394284319896,7.0472926504819515,0.05243360774053255,4.870598128821966,1.216511613800556,0.18096119889851112,78.20968918803243,17685675633.429573,0.0008583337774342331,0.21159256900854362,0.27480142001494917,0.235706879776682,0.17129803707258157,3752630.250425769,0.027778866587029615,0.16323891236504695,0.0265168218061901,1.0,0.4627715867497291,5.185947677616294,0.27480142001494917
3,1,0,2,0,4.29713542322166,0.08023074691710205,4.082134640662458,0.012396021912767072,9.068410368928186,5.901294731957739,0.2692858503015831,107.40869984074804,10680050843.56893,0.0,0.17952916752679726,0.2748035623517747,0.2647188317238126,0.1882072505867485,1871983.6336302035,0.0350380299346101,0.20068471903329554,0.03356461814220014,0.2748035623517747,0.3801686942659685,1.0,0.2748035623517747
2,1,0,3,0,3.8075530247503857,0.08624555546102824,8.191641183889983,0.024278274626604587,1.1679966895490979,2.0512686585045543,0.21085138937470246,97.2165719600868,18932754614.047504,0.0009783726758385454,0.26110463997952593,0.27492405376805684,0.20089775874930707,0.17835316839922405,6579958.292536503,0.020179954735247394,0.11016246746820502,0.019975742267817755,1.0,0.4999230987010286,6.0027652619081,0.27492405376805684
3,1,0,2,0,1.8044388587522668,0.07033495623769365,6.821970696412108,0.014013843054792176,0.46660378011566095,5.940726666055233,0.04625923353445468,124.2796799876565,9868256848.405846,0.0,0.18433731245304733,0.2749463550909728,0.259823261051221,0.17126472823042393,593778.8265199098,0.03375406349164547,0.19977556704732813,0.03242324796856346,0.2749463550909728,0.43015770687879795,1.0,0.2749463550909728
4,2,0,1,0,0.7160156310421936,0.07776860921998989,0.983145576566914,0.029385551565479645,1.2977728900432388,2.1694013988317096,0.5281007743209002,128.2227810874545,19090083384.25635,0.000976997559945382,0.24433986024192883,0.2752590004501097,0.21191473397480529,0.15453632563903313,4256725.381646324,0.022453927237806245,0.12756449039611728,0.021760604149179675,0.6371925188395257,0.33913455792986086,2.314883501711385,0.2752590004501097
5,2,1,2,1,3.511216363572845,0.08374166533009664,8.37692454448186,0.03646733877849169,6.8495986037814385,4.888696092802434,0.6627149087585065,83.09197454421178,10093634277.258957,0.0012178336077622986,0.1913359564489926,0.2752630170976832,0.2535566857134658,0.1791616393192912,2228385.722310034,0.03214549643499864,0.19020601181877772,0.03059636479695742,1.0,0.46589889665054274,6.007344724685312,0.2752630170976832
5,2,1,1,1,1.0635923868511494,0.07590578983615469,7.533455140216415,0.06205579116364749,4.080175222174208,1.1032386397306961,0.765734380038042,79.18142875864382,9195343417.512466,0.0013718994298484528,0.24256693899362303,0.27547555257829587,0.21336215502008635,0.177671629884465,5608476.573529924,0.02276170459740768,0.12826980892821171,0.02230068316453301,0.6608827328750946,0.46125249925953227,2.3990612839854744,0.27547555257829587
4,1,0,1,1,0.9301467121804228,0.0485398819609155,7.393687774756234,0.04550094666070661,2.4253933614240815,14.48363702880036,0.3274417964977368,81.69044225050426,11510516490.779242,0.0011047859777006408,0.18466240368190145,0.27558735718464866,0.26212067876018297,0.21599481427206269,3768047.2088789623,0.03435362511684952,0.16553227300396545,0.033284278403341735,1.0,0.5697278418832379,2063.010491507931,0.27558735718464866
2,2,0,1,0,4.680108260947491,0.08792669852862728,8.987891826816744,0.01351578424197003,5.56220566698642,8.38795482415877,0.157362046532878,108.36845046640592,14258990256.417274,0.0,0.18558775696669202,0.27567535354863537,0.259310628211929,0.16932298863267503,475927.3323254167,0.03362100095183264,0.19896664863344116,0.03222237847573486,0.3023917173645019,0.42375467980140347,1.0969124133585382,0.27567535354863537
2,2,0,1,0,4.680108260947491,0.08792669852862728,8.987891826816744,0.01351578424197003,5.56220566698642,8.38795482415877,0.157362046532878,108.36845046640592,14258990256.417274,0.0,0.18558775696669202,0.27567535354863537,0.259310628211929,0.16932298863267503,475927.3323254167,0.03362100095183264,0.19896664863344116,0.03222237847573486,0.27567535354863537,0.42375467980140347,1.0,0.27567535354863537
4,2,1,1,0,1.4388346235806935,0.041535961818173976,3.420738640723133,0.030834577397872574,3.975630411681745,3.4220895509589706,0.719269812742102,95.66912461982214,18069968518.13754,0.0010836348856713561,0.23072119233410382,0.27601480370734194,0.22223388395617108,0.17020999135752102,3594485.3976471373,0.024693949589122455,0.13953167497549968,0.02404142442116434,0.27601480370734194,0.3857234014496999,1.0,0.27601480370734194
2,1,0,1,2,1.7766816272463106,0.09277281902869709,6.422876263473379,0.09380777829758644,6.448410218712996,8.212006547206165,0.042768065014494365,76.60883956547924,15819078794.903425,0.0010030074342398767,0.18859041329564696,0.27605209628275035,0.25785071905331813,0.19577838142247306,3419721.7026701174,0.0332434966581566,0.17747009060110264,0.03183766584329848,0.27605209628275035,0.5559032619445488,1.0,0.27605209628275035
2,1,0,2,0,3.806587337823955,0.08425114685695917,2.381269188837216,0.04627992050935544,0.5114420475397965,1.6893640352374573,0.013107935378675842,105.38492042675728,11795108430.64848,0.0008086449490037823,0.2439714403420912,0.27605607194125403,0.21269319824912464,0.15952246682356605,4581469.023488352,0.02261919829072072,0.13040104699744803,0.022055498266167085,0.27605607194125403,0.4769145743669646,1.0,0.27605607194125403
3,1,0,2,0,1.4255806489540772,0.06124542936003396,3.021027287781664,0.01161111938857502,1.9406384066599673,5.713549552683358,0.8163665939029948,117.99298192271726,11568008119.342203,0.0,0.1892627986941345,0.2761806271356945,0.2564081462807825,0.17134801414103543,693697.5275168043,0.03287256873957358,0.1927966258979502,0.03165577192153746,0.2761806271356945,0.4447511124736759,1.0,0.2761806271356945
2,2,0,1,0,3.0529160751463738,0.08265647971609724,6.904506073782009,0.007004665545016379,0.16814428002358622,4.983614412266119,0.6724446485789016,112.95117008735951,11737886404.619127,0.0,0.1930563878705569,0.27621908854618643,0.2527593237184064,0.19230730708457489,2748571.838754822,0.03194363786329308,0.19082082927136879,0.030956585301245145,0.27621908854618643,0.3473763039376782,1.0,0.27621908854618643
2,2,0,1,0,3.0529160751463738,0.08265647971609724,6.904506073782009,0.007004665545016379,0.16814428002358622,4.983614412266119,0.6724446485789016,112.95117008735951,11737886404.619127,0.0,0.1930563878705569,0.27621908854618643,0.2527593237184064,0.19230730708457489,2748571.838754822,0.03194363786329308,0.19082082927136879,0.030956585301245145,0.5658398707557509,0.3473763039376782,2.0485183472797432,0.27621908854618643
3,1,0,2,0,0.7477061066652041,0.074330141582363,8.953892361327835,0.013737814644101863,0.7627304454170015,3.499261369239072,0.626834379685944,107.9688203307489,10968656175.650509,0.0,0.2790246113478936,0.2762457036185016,0.19077831183275396,0.16048491134721043,5816578.722273417,0.018198182132877754,0.10371168441449063,0.017978570205108558,0.2762457036185016,0.34192409908394794,1.0,0.2762457036185016
3,1,0,2,0,2.2183203265280427,0.07954493991386902,8.984488168747488,0.001983127701877408,8.850394720719926,1.3428906176541426,0.057249642896305915,110.98423261174315,13043555668.937466,0.0,0.217175063210484,0.2762978190516287,0.2328378223443401,0.17968510155627215,3221625.8099448197,0.02710672575702724,0.15307961342283838,0.026307358641899075,0.2762978190516287,0.47985672182188,1.0,0.2762978190516287
3,1,0,2,0,2.764525787119141,0.0744352322318905,2.3225278006997985,0.03388529727114373,6.358736406840732,4.332236548030502,0.5819255593536578,116.9983333093083,12931195997.796967,0.0007855419603357422,0.17553808642443258,0.276382439179169,0.2702012506342885,0.1903285093831332,2111268.9910876746,0.036504357922166795,0.20985818313816418,0.03500791022506195,0.276382439179169,0.34580032563258184,1.0,0.276382439179169
1,0,1,2,0,0.5916104149479722,0.04730795483065031,9.062751510728582,0.03365717067895418,1.3350880670828449,3.735669530790127,0.40074031081737305,98.09615201569152,11246501101.90533,0.0011118644847369996,0.20459031798509736,0.27647882147505953,0.24355214497235053,0.16678121262657283,1407827.6905202793,0.029658823660316424,0.16390034112592622,0.02860498858454299,0.27647882147505953,0.5097709896386619,1.0,0.27647882147505953
4,2,1,1,2,2.4441450387458357,0.07590077685568539,4.619518733332671,0.020991892946830588,4.772859614020198,6.792744164734586,0.4685635594643415,89.45591415409845,12112791500.990139,0.0006418761668102288,0.2032757168486846,0.27674704529938865,0.2445049555179889,0.1826805271512544,2867104.7733140904,0.029891336636426864,0.17287983214876057,0.02882902590469763,0.27674704529938865,0.38811509068111627,1.0,0.27674704529938865
3,1,0,2,0,2.632852878692419,0.05152787744024942,7.676732772927675,0.023633600433026685,4.024589967801264,8.543396105387625,0.6960535393199907,126.51702720564788,9204418103.3154,0.0005889245413829465,0.23518272346017388,0.276791703902871,0.21965597162756756,0.14321589099071522,1057003.0145623605,0.02412437293582538,0.13550873015706533,0.02329725707745271,1.0,0.5018762456846712,3.8198301201214426,0.276791703902871
4,2,1,1,0,2.198517031718942,0.04396632264244312,6.555469725419069,0.08479058930010548,3.144012575753238,1.0345178940542155,0.8154213144914375,84.90406182300873,19608363934.665894,0.0009981064584669516,0.2116388654595833,0.27690197738763317,0.23747449162916207,0.17923923160777255,3627051.600135007,0.02819706708726448,0.16577171608323582,0.027095157718879315,0.27690197738763317,0.45655199328547635,1.0,0.27690197738763317
3,1,0,2,0,1.4834198488381225,0.0669448166639795,7.141451396696352,0.02541750381119636,2.7463998708052504,7.198722110849679,0.4422773005738418,114.63942758107059,14512480959.836931,0.0013891296893528712,0.24420702920761195,0.2769386078374714,0.2132525123267492,0.17237711987829923,4640347.435001708,0.022738317006835155,0.1306113391865642,0.02228546876403775,0.2769386078374714,0.44523802220586023,1.0,0.2769386078374714
5,2,1,0,1,0.9466403390130986,0.07613335738519093,7.58724633964305,0.06179401599903309,4.154324962174466,1.129318350523393,0.7626305918264185,77.338769457551,9392345640.864052,0.0013817258012187143,0.24513735837994682,0.27713003853421797,0.21283937143560153,0.1805130208515313,5535571.589626372,0.022650299016550978,0.1287219532478423,0.022248635796608345,0.27713003853421797,0.4721503904480557,1.0,0.27713003853421797
5,2,1,0,1,0.9466403390130986,0.07613335738519093,7.58724633964305,0.06179401599903309,4.154324962174466,1.129318350523393,0.7626305918264185,77.338769457551,9392345640.864052,0.0013817258012187143,0.24513735837994682,0.27713003853421797,0.21283937143560153,0.1805130208515313,5535571.589626372,0.022650299016550978,0.1287219532478423,0.022248635796608345,0.05124059635038581,0.4721503904480557,0.18489730171945615,0.27713003853421797
2,1,0,2,0,4.323383888499248,0.08248130519186422,2.317147239306743,0.010407719147652133,5.275570308681027,9.693460914327343,0.10357861491995272,117.04970701692753,12517385328.652641,0.0,0.184077708098945,0.27718340399240504,0.2626794338278256,0.18850333797784877,2406649.4589934056,0.0345002424780535,0.19452628345891776,0.03314235370336081,0.27718340399240504,0.34528025473213814,1.0,0.27718340399240504
4,2,0,2,0,0.9449541219508845,0.09584617684938926,7.825475743113491,0.06417720220222621,8.815366540206915,18.67083352747485,0.7199358090456135,125.39015400567169,10779422132.605873,0.0007024206054688161,0.22184573834651922,0.2772339398061691,0.22995199185802107,0.1602322905922758,1715582.3932914333,0.026438959279735694,0.14946962226614524,0.02558344891362948,0.2772339398061691,0.5157977185396473,1.0,0.2772339398061691
3,1,0,2,0,1.541093372250684,0.08852097153788811,4.709640468917964,0.028503649580780166,2.6672289135232887,9.699896088959198,0.2204323145561644,129.61504977374793,11134045167.795353,0.0009715752870937387,0.24966184786891055,0.27731358920068294,0.20989036866770128,0.17131542557054388,4359093.237175513,0.022026983429731778,0.12562882334436232,0.021624981456232612,0.27731358920068294,0.387520885796563,1.0,0.27731358920068294
3,1,0,2,0,1.541093372250684,0.08852097153788811,4.709640468917964,0.028503649580780166,2.6672289135232887,9.699896088959198,0.2204323145561644,129.61504977374793,11134045167.795353,0.0009715752870937387,0.24966184786891055,0.27731358920068294,0.20989036866770128,0.17131542557054388,4359093.237175513,0.022026983429731778,0.12562882334436232,0.021624981456232612,0.27731358920068294,0.387520885796563,1.0,0.27731358920068294
2,2,0,1,0,4.291425701092218,0.07715337720944346,7.318747060011685,0.03952967954191785,7.564388657983545,11.221509423134503,0.35192200397785073,129.53929870419938,15639864461.50082,0.00118952558643133,0.18813540163653417,0.2774059924605304,0.2588519133017221,0.1853500715359608,2479173.0082845353,0.03350215650998112,0.19169298563745918,0.03220666708708975,0.2382690460992831,0.4289822060867855,0.8589181653427486,0.2774059924605304
2,2,0,1,0,4.291425701092218,0.07715337720944346,7.318747060011685,0.03952967954191785,7.564388657983545,11.221509423134503,0.35192200397785073,129.53929870419938,15639864461.50082,0.00118952558643133,0.18813540163653417,0.2774059924605304,0.2588519133017221,0.1853500715359608,2479173.0082845353,0.03350215650998112,0.19169298563745918,0.03220666708708975,0.2382690460992831,0.4289822060867855,0.8589181653427486,0.2774059924605304
3,1,0,2,1,1.701495630706648,0.0573349585492393,4.004601370599773,0.028032827404432113,5.153257414618204,4.173474040052557,0.32545309165642433,115.01884618763177,14691846592.800848,0.0009324002963687155,0.21192344037964184,0.27742279776449846,0.23801452783762372,0.17785271174186948,3373359.9941015188,0.02832545773088348,0.16047351041302793,0.027440939561203654,0.6578669692485402,0.4062158561392172,2.3713515058953343,0.27742279776449846
4,1,0,2,0,2.7401526237375116,0.07604269308398708,3.6259099511453,0.015119991600081002,3.2081550373989978,1.7636452223186188,0.08762131341951161,122.81473437061088,10204116507.451746,0.0,0.1716564125469494,0.2775080715276295,0.27484293898872125,0.18969837275648355,1207051.601866426,0.03776932055597898,0.22594761441778866,0.03616920283045266,0.2775080715276295,0.4641125967267361,1.0,0.2775080715276295
3,1,0,2,1,4.830231981643627,0.07444004429657117,1.3920844188423538,0.024203484981465736,3.996084004512086,6.487479677186132,0.061132533522973535,127.36587639941246,10443519210.575531,0.0010452794866020528,0.20923812524071206,0.27772744882522277,0.24093329843636677,0.17925426722455684,1346219.317895947,0.029024427147713687,0.1563825071436954,0.028201646936422867,0.27772744882522277,0.5372273210045011,1.0,0.27772744882522277
2,2,0,1,1,4.860241403509895,0.0672681336771649,5.742586217771901,0.033578121598246115,9.962770146215668,4.185802959224795,0.1706956801257327,64.22702447697341,16977307364.082954,0.0007024432291919222,0.16145465568932726,0.2777761297215288,0.2862360352374477,0.1969741197950258,1736451.555462792,0.040965533934226694,0.24369540789403132,0.03897484759923566,0.20130266426367915,0.403427493675663,0.724693890959909,0.2777761297215288
5,2,0,3,0,4.933530784286611,0.08181471946319592,9.612099229506638,0.017744370714092184,7.785213670093338,4.581221617365231,0.12251484117554949,112.74573028610195,18827287067.603043,0.0,0.19794148515041377,0.2778158576815214,0.2502362366119935,0.17241027927649344,2240619.201867862,0.0313090870568668,0.17898877310420425,0.029764671764206375,1.0,0.4247089445438518,4.316850896806996,0.2778158576815214
2,1,0,2,0,2.3483210186135657,0.08341286849328709,5.453395435557228,0.03189938478368058,5.115844992916904,4.824865161083474,0.3549199368823418,66.06178006001318,16807504869.020824,0.0014572318143821787,0.2152868905428359,0.27784568225379797,0.23593470353506113,0.17153099063584437,3157563.743116616,0.027832592166088594,0.15222644247757056,0.02691038884943238,0.27784568225379797,0.4254473893753591,1.0,0.27784568225379797
4,2,1,1,0,3.6931341618661913,0.02969389337937281,2.9765415867197733,0.034946941664082076,3.4348220982717343,1.0038802441683579,0.6805098883817804,107.70386337425465,19268578702.923584,0.0010054044402907974,0.21869906363025046,0.27787044343159273,0.23283899813879802,0.17981119156827055,3445470.5171426437,0.027106999527139592,0.15537966385124768,0.026359688387252913,0.3158062037902751,0.36825913474065924,1.1365231936516542,0.27787044343159273
4,2,1,1,0,3.6931341618661913,0.02969389337937281,2.9765415867197733,0.034946941664082076,3.4348220982717343,1.0038802441683579,0.6805098883817804,107.70386337425465,19268578702.923584,0.0010054044402907974,0.21869906363025046,0.27787044343159273,0.23283899813879802,0.17981119156827055,3445470.5171426437,0.027106999527139592,0.15537966385124768,0.026359688387252913,0.3158062037902751,0.36825913474065924,1.1365231936516542,0.27787044343159273
2,2,0,1,0,3.058204290226524,0.09418691250014229,8.413060500474977,0.013838547899206955,2.9428076055902594,4.834915664358445,0.49858578146107657,116.06981323138369,12027909532.952393,0.0,0.2265029093069861,0.27799163396722,0.22698958791264978,0.17722499388538823,3858401.0502706207,0.02576213651037728,0.14602002889225685,0.025079862086845532,0.27799163396722,0.34757494246093346,1.0,0.27799163396722
2,2,0,1,0,3.058204290226524,0.09418691250014229,8.413060500474977,0.013838547899206955,2.9428076055902594,4.834915664358445,0.49858578146107657,116.06981323138369,12027909532.952393,0.0,0.2265029093069861,0.27799163396722,0.22698958791264978,0.17722499388538823,3858401.0502706207,0.02576213651037728,0.14602002889225685,0.025079862086845532,0.27799163396722,0.34757494246093346,1.0,0.27799163396722
2,2,0,1,0,3.058204290226524,0.09418691250014229,8.413060500474977,0.013838547899206955,2.9428076055902594,4.834915664358445,0.49858578146107657,116.06981323138369,12027909532.952393,0.0,0.2265029093069861,0.27799163396722,0.22698958791264978,0.17722499388538823,3858401.0502706207,0.02576213651037728,0.14602002889225685,0.025079862086845532,0.2799930414495447,0.34757494246093346,1.007199524150287,0.27799163396722
4,1,0,2,0,1.284137899603959,0.04178622863831016,2.1697741923238114,0.046405824346395806,9.005182993843176,2.9277203203295343,0.06322188902286971,85.33570018909033,10439637414.123426,0.0013749664541134771,0.2373876310663401,0.27802459220156733,0.21927810475302092,0.1652566953812108,3330154.1387773994,0.02404144361203841,0.1310978100936422,0.023341581255804583,0.27802459220156733,0.3437325093141363,1.0,0.27802459220156733
3,1,0,2,0,1.7150357640305336,0.02556518998918214,6.830140428129565,0.005417786701043221,1.142134235391995,3.3209892783831294,0.7772046944545512,108.39900286411351,11698189809.856773,0.0,0.2147631569903509,0.278136881270771,0.23633847858662269,0.15725615517786787,994618.215532468,0.027927938230319752,0.15774786246823191,0.02704015426507926,0.0018779724069952174,0.3662618605581476,0.006751971901083406,0.278136881270771
3,1,0,2,0,4.553707926623071,0.04186258331145279,6.052637063238362,0.03752539474207231,6.343307986481664,14.065215712095739,0.39071203289054524,119.871428431774,13139961869.81998,0.0009292410661915569,0.20613723177008725,0.278157832028601,0.24321745003811104,0.17538378903237276,1959793.1070875784,0.02957736400152052,0.17261395865423634,0.02864742400268051,0.278157832028601,0.5687004309944906,1.0,0.278157832028601
5,2,1,0,1,0.9473117723430067,0.07611657594111851,7.5847075879834644,0.06179703429475238,4.1497817932350145,1.1077225821500667,0.7626361223218358,77.37318740897263,9402058708.6701,0.0013821479080986339,0.24603034844256555,0.2782180286266258,0.2130527066895488,0.17995737351039448,5520643.1164175365,0.022695727913871453,0.12951703758512878,0.022284915795586557,0.2782180286266258,0.4722207698160033,1.0,0.2782180286266258
3,1,0,2,0,0.8383461910404689,0.05378957419557026,2.7942593205627486,0.0716087734603256,5.5294503731410956,2.426866570177829,0.35830071000318464,93.27461829797662,9945982979.652876,0.0011516579059437386,0.2611556976092574,0.2783517455894441,0.20330906906393986,0.16301755350511424,4869257.58857203,0.020667288781822935,0.11554812401903536,0.020278483690809763,0.2783517455894441,0.35691347334904766,1.0,0.2783517455894441
3,1,0,2,0,0.8383461910404689,0.05378957419557026,2.7942593205627486,0.0716087734603256,5.5294503731410956,2.426866570177829,0.35830071000318464,93.27461829797662,9945982979.652876,0.0011516579059437386,0.2611556976092574,0.2783517455894441,0.20330906906393986,0.16301755350511424,4869257.58857203,0.020667288781822935,0.11554812401903536,0.020278483690809763,0.2783517455894441,0.35691347334904766,1.0,0.2783517455894441
3,1,0,2,0,0.8383461910404689,0.05378957419557026,2.7942593205627486,0.0716087734603256,5.5294503731410956,2.426866570177829,0.35830071000318464,93.27461829797662,9945982979.652876,0.0011516579059437386,0.2611556976092574,0.2783517455894441,0.20330906906393986,0.16301755350511424,4869257.58857203,0.020667288781822935,0.11554812401903536,0.020278483690809763,1.0,0.35691347334904766,4.823939983443194,0.2783517455894441
3,1,0,2,0,3.866856652254618,0.09404207891093005,9.91173466082156,0.012969582712906057,9.179084547795618,6.289743382285796,0.2563908937797901,104.68446419130193,11380394607.040115,0.0,0.18685440118742164,0.27838760583325817,0.2605983900926712,0.17032609876940072,494002.45680897025,0.033955760459446024,0.2014371919842316,0.032535959181687744,0.27838760583325817,0.42684645438373076,1.0,0.27838760583325817
3,0,1,1,0,2.529785919206845,0.06267248001916152,7.811633716962265,0.027639757838428113,3.32490025678335,2.1802495810263163,0.5385929894857681,64.4595405824146,10582630763.046272,0.0013113390733066898,0.18906757848374733,0.2784346961680308,0.2586450503885297,0.204185614183938,3551414.967204663,0.03344863104524253,0.19660103852462185,0.032471009827264766,0.24377074636229923,0.6484185437867224,0.8755042015855221,0.2784346961680308
1,0,1,0,0,0.17921322474215448,0.06708673001883299,8.794895478904762,0.05641603697320953,7.873075597304614,4.414188801037153,0.03595987133641771,114.68209458428299,14446644451.623638,0.0006112238167009654,0.20303622887064177,0.2784367154828045,0.2468186365241089,0.1687314103078517,1284751.7018923184,0.03045971966781009,0.16470319682551604,0.02936300916722212,0.2784367154828045,0.4036548721963954,1.0,0.2784367154828045
3,1,0,2,0,3.969133416471964,0.08768689664189482,3.4765201768110234,0.01609475840694196,9.594175864275257,6.842630203176103,0.07441174741543809,127.26091304456564,11230218343.17526,0.0,0.19195220971281124,0.27856730103730365,0.2565372843642372,0.18280103391235406,1931268.3803370974,0.03290568913448874,0.18477710805500214,0.031615566999170626,0.27856730103730365,0.40869729669955346,1.0,0.27856730103730365
3,2,1,1,0,2.3835611417720304,0.05679189630889545,1.5207057830119748,0.03820628104986563,4.637718775286096,2.0976474509710936,0.6122756443546036,75.04202816425529,12054561917.86931,0.0007287985574740318,0.17994639466843104,0.27874773230042976,0.2680201162922876,0.19150297291622262,2224392.987806747,0.035917391368665695,0.2063854531905822,0.034443963032066725,0.27874773230042976,0.29824491559451927,1.0,0.27874773230042976
4,2,1,1,0,1.6846029979390948,0.06352724514316435,7.3320349624675325,0.014233906900975667,9.894682595262523,18.279477084115435,0.7284683109796405,71.8159297061509,19265588720.812305,0.0,0.23448753219771154,0.2787890831158797,0.22170966583180443,0.17735984557409412,3546597.147706704,0.024577587961625194,0.13927676092706964,0.024026657644595086,0.2787890831158797,0.39397587942587664,1.0,0.2787890831158797
3,1,0,3,0,4.773523997436553,0.05735405805833104,6.1307557995716255,0.0026133265079771022,5.741740085296779,6.650681393640984,0.5419843307602009,115.79933703239956,13554520173.088436,0.0,0.2029688275344691,0.2788025439407885,0.24641230454209848,0.17906906206048637,2758614.82752563,0.030359511914873943,0.1788378948394692,0.02922791679589355,0.2788025439407885,0.3956060897198969,1.0,0.2788025439407885
3,1,0,2,0,1.967942135731457,0.08755551250642436,8.210513736171817,0.020075943303209495,5.556229443204601,8.33247264525122,0.03801066417208055,113.29100612179037,12519323623.614927,0.0013816918956805729,0.23891437834999507,0.2788822088896285,0.21842648251594907,0.17905981265251256,4595386.780419016,0.0238550641321451,0.13832643601018202,0.023382059890027784,0.2788822088896285,0.4583114005007447,1.0,0.2788822088896285
2,1,0,1,0,2.1387615797654154,0.055739759546296244,4.138356508131045,0.008611214935885493,7.696808501275459,2.408676626808066,0.4728744622928742,85.01047154052914,12019478825.824205,0.0,0.24166133807547133,0.27891918170400987,0.21651664265619724,0.17283010305112986,4580946.775166972,0.023439728273555706,0.1359237903640792,0.022872639643913104,0.17916737782291367,0.3473638200719194,0.6423630555930958,0.27891918170400987
5,1,0,0,0,0.11774472752079199,0.06726469337197703,3.5526821198698313,0.03963841608703683,4.108244001629755,1.652028430375783,0.2493672041722535,87.48723819403835,16715089990.66396,0.0009984000260452894,0.19292341802809404,0.2789647135477086,0.25586561175400035,0.2073599397012298,4246087.431509893,0.03273360563912442,0.18636215249451626,0.03177772941024748,1.0,0.5806449005104748,4.969068586574981,0.2789647135477086
4,2,0,2,1,1.2744708216037517,0.042777530788278256,6.879579610946033,0.06838567403464335,3.397356369955919,5.87332497388998,0.44259114556206114,97.49757616994351,9854532835.59923,0.0010692696878221298,0.23593897704400157,0.2790065694878489,0.22142002610456846,0.17100235018266172,4719310.026456349,0.02451341398007389,0.12804482491382851,0.023861554660715118,0.2790065694878489,0.46652490729704754,1.0,0.2790065694878489
4,1,1,1,1,4.338670471369961,0.03341861738728858,8.884262346218502,0.04809927043549871,9.126115395218523,7.514369892777615,0.3509516951859053,80.19250896972979,10586760840.586533,0.0012403524412971981,0.17796464807469903,0.2790313360394612,0.26989308384786137,0.18862894045903422,1859903.2952905686,0.03642113835445436,0.2166192634737676,0.03473389740567381,0.2790313360394612,0.46288390128007095,1.0,0.2790313360394612
4,1,1,1,1,4.338670471369961,0.03341861738728858,8.884262346218502,0.04809927043549871,9.126115395218523,7.514369892777615,0.3509516951859053,80.19250896972979,10586760840.586533,0.0012403524412971981,0.17796464807469903,0.2790313360394612,0.26989308384786137,0.18862894045903422,1859903.2952905686,0.03642113835445436,0.2166192634737676,0.03473389740567381,0.2790313360394612,0.46288390128007095,1.0,0.2790313360394612
2,2,0,1,0,2.162819429036713,0.09509738096962374,6.6937156592322005,0.016188439989459968,2.1805493564188105,2.803605917596953,0.7016121604899354,127.99410385070202,12030851032.443548,0.0,0.2599405695148159,0.2791277997566241,0.20449921726220793,0.17521816611227375,5234053.075699373,0.02090996493042786,0.12007787055189267,0.020626284492050614,0.24756867158314494,0.37330710348101126,0.8869366354730841,0.2791277997566241
1,1,0,2,0,4.862166935672034,0.07387243311358685,4.041665104973701,0.051125755057385244,7.273259866858067,8.321957504291213,0.06602471988527346,73.36557965315528,14639848957.99788,0.0014368715921708472,0.1937597435668602,0.2791748947533242,0.25552869568782655,0.17460234095059796,2029131.7533860053,0.03264745715996094,0.1813604609863113,0.03140400296338577,0.2791748947533242,0.38807449639784286,1.0,0.2791748947533242
3,1,0,2,0,1.8934468103002629,0.08977341498791772,5.962020294673112,0.007703240654896868,1.0322569730002695,4.967747808243404,0.34055327619789627,127.17063638639989,10849689319.109632,0.0,0.22678687049955076,0.27934477365733196,0.2280766945830099,0.15104527679126778,1363601.3281067715,0.026009489305955785,0.14401239424618295,0.025169094214459946,0.021588701647120047,0.35961008108800596,0.07728335620698808,0.27934477365733196
1,2,0,0,2,3.2814180381769638,0.09164751139635899,2.0550967357975685,0.015240008091979042,2.422316295500439,5.427902550869566,0.25936029136910466,105.38330316247112,14327458416.632208,0.0,0.1977988918890484,0.2794410370853561,0.25146409255905106,0.17133907519792488,720714.7913518725,0.0316170949232735,0.1874687326094553,0.0305515364269073,0.10095328371913727,0.41548310276211,0.36126864104179796,0.2794410370853561
4,1,0,0,0,0.4072281276215046,0.08179789313235328,3.1520198457793542,0.0560254047483017,3.721371010894083,5.3025280724895225,0.531668146473491,81.1643054566614,14627922141.227655,0.0008343252824470404,0.2078274962756766,0.2796065294068032,0.24291264150508493,0.18685656589284474,2476816.290913072,0.029503275701488953,0.17476501007294976,0.02866287576461592,0.2796065294068032,0.5577932506796963,1.0,0.2796065294068032
5,1,1,2,0,0.12301362262775628,0.0300088565602834,6.408387153149711,0.01642577108707244,7.882067096184984,7.872669470081267,0.46463470717147487,129.49932412562293,14838268560.409193,0.0,0.1849104716248241,0.27960855524938116,0.26390149251738465,0.18026384932199233,1154079.469897953,0.03482199887645162,0.2008968511865704,0.033520757383539275,0.27960855524938116,0.4735967190872368,1.0,0.27960855524938116
3,1,0,2,0,2.5797619373899865,0.07220892835961701,9.813874679972681,0.017841703580989424,7.876450718828186,9.60629236286244,0.1404875456427833,124.94273057509758,9837842533.7577,0.0,0.2196253245323604,0.27978534816958545,0.23388089771577417,0.1789253297679677,2970028.272175663,0.027350137158168208,0.15381993164022612,0.026574843457772373,0.06977883364003454,0.3659559121482359,0.24940131460257778,0.27978534816958545
4,2,0,2,1,1.4288740917971048,0.051941692310368846,8.011324597354339,0.023876598989730484,4.902189482364867,3.1565163806235685,0.6584329417899604,102.33334169996965,9022437192.879189,0.0010839322794759935,0.23041252903826692,0.27984248859597527,0.2255434211416725,0.17739348543645614,3786489.233177917,0.025434917410144923,0.14465829762820193,0.024707052374863148,0.27984248859597527,0.4478522198698433,1.0,0.27984248859597527
3,1,1,0,0,4.662228539372547,0.0921148013899572,3.3206459331154115,0.005479282833263431,5.921465186135223,8.346958547958895,0.29928045405854203,120.45580278817098,11261854988.622065,0.0,0.18807700346281545,0.28002713611732055,0.260806496870313,0.19001577078723056,1292783.944240373,0.03401001440488229,0.20448525057055,0.03287744217938656,0.21696993073215287,0.37182020008861844,0.7748175185466699,0.28002713611732055
2,1,0,1,0,2.748718165816428,0.043333821582101875,3.7331236412564577,0.010831709241781805,6.060254857234026,5.348110732212939,0.7228617410084173,91.91997882666169,16590375801.398584,0.0,0.20509206879455938,0.2800402189627095,0.24580439008900246,0.16826740717342803,714231.0291225442,0.030209899093513244,0.17546127207762274,0.029227291965909587,0.13639399797956853,0.4683018081058464,0.48705146169640345,0.2800402189627095
3,1,1,2,1,0.9797326569599286,0.08039813719769416,4.952208194245685,0.019118784743806603,2.973250392304211,4.305018373976992,0.772097087514237,116.75323131347848,16445050700.24913,0.000671576241450912,0.24963833552986914,0.2801044246244154,0.21202529707437312,0.16917115064307983,4791128.845577736,0.022477363299738085,0.12908515805362253,0.022029583945562693,0.018269791225679146,0.38416421838897247,0.06522492906056955,0.2801044246244154
5,2,1,1,2,4.594073260256701,0.02550396964521222,6.865831443208373,0.023920646113508377,7.465795647431816,10.768603067020484,0.27450792105511845,67.24909526865348,19667679458.02484,0.0013818410948844891,0.19369022853402643,0.2801645486091065,0.2559911948029165,0.18362051377335054,2081915.7305500158,0.032765745908312376,0.191422519792529,0.03146632377014675,0.2801645486091065,0.48021260813742256,1.0,0.2801645486091065
3,1,0,2,1,1.8810475007623197,0.09829254810978812,1.1484612192792052,0.00373039880171987,1.72283332396866,5.988263005163165,0.4721778962590122,123.61008262154593,10074026313.63,0.0,0.2081376691523883,0.2801689746593604,0.24341000053211584,0.15397186575522329,702942.5699517167,0.029624214179522317,0.17043371324309242,0.028194689958539215,0.2801689746593604,0.3990132690449215,1.0,0.2801689746593604
3,1,0,2,1,4.510663048625411,0.08439664105992545,6.123476086694505,0.012835138999392124,9.449028123108718,6.894908543296002,0.10529894089281916,113.75185993391521,13167146229.034367,0.0,0.19471848250443846,0.28056557947379707,0.2558733092706599,0.17829783582854572,1771567.3504074123,0.03273557519855938,0.18259083725646208,0.03128753498073207,0.28056557947379707,0.3981697303290274,1.0,0.28056557947379707
3,1,0,2,0,3.3142217643305223,0.09829576077941493,7.726305416779704,0.020198152827385324,0.38372734224755306,6.439461936179675,0.034377040502892336,97.22489910402396,11555622746.571535,0.0010348808080702311,0.21160292572953152,0.28057287394438446,0.24588176441471982,0.1968278304474726,5893943.868326347,0.03022892103584789,0.08026800999660855,0.029438327779717343,0.28057287394438446,0.458821772829528,1.0,0.28057287394438446
3,1,0,2,0,3.3056021555987978,0.06463902542365588,1.9125607609902189,0.03551853128186335,2.6086105931232493,5.485295643326345,0.13336301494845015,100.38008837109362,10896130042.485992,0.0007016702601951079,0.2417557813224775,0.280721265376047,0.21805279801913036,0.14192208614541954,1261364.0084925275,0.02377351136198583,0.13461800632884058,0.022977823498790934,0.280721265376047,0.5106098089947448,1.0,0.280721265376047
5,2,1,1,1,3.584202610971106,0.014573400002465715,7.198472540416554,0.009229873430814814,8.61834782790568,14.585352697787279,0.8020053397570819,94.34767778532967,14286458173.864193,0.0,0.2428729530925245,0.28079884312123216,0.21880689220113475,0.14738265008456955,129250.55056007,0.0239382280373595,0.10826595628854674,0.02330999978603465,0.23968844752468804,0.6030183121047492,0.853594854097048,0.28079884312123216
5,2,1,1,1,3.584202610971106,0.014573400002465715,7.198472540416554,0.009229873430814814,8.61834782790568,14.585352697787279,0.8020053397570819,94.34767778532967,14286458173.864193,0.0,0.2428729530925245,0.28079884312123216,0.21880689220113475,0.14738265008456955,129250.55056007,0.0239382280373595,0.10826595628854674,0.02330999978603465,0.28079884312123216,0.6030183121047492,1.0,0.28079884312123216
5,2,1,1,1,4.598600988628199,0.04328452105938078,9.630948543593771,0.01398359402883639,1.9634083221720953,19.92804359231528,0.735651352245607,125.83515428515409,16340208516.798782,0.0,0.19104906335143948,0.28082796056785797,0.2589319454187656,0.17258316862880396,699350.0942740943,0.033522876179173294,0.19799427065684738,0.032276006852659356,0.28082796056785797,0.4653703901657051,1.0,0.28082796056785797
3,1,0,2,0,0.9550914576444693,0.08187166088289785,9.27574635171515,0.02034066722472274,1.3755564215823073,7.729444459160889,0.22870040976109515,119.595298313215,10605167689.988724,0.0012559762110316227,0.26446043256909163,0.28085249093490167,0.20321978031604143,0.17976533422712815,6446992.812591806,0.020649139555850068,0.1131443067981931,0.020429421668102733,0.28085249093490167,0.519997144501594,1.0,0.28085249093490167
3,1,0,2,0,0.9550914576444693,0.08187166088289785,9.27574635171515,0.02034066722472274,1.3755564215823073,7.729444459160889,0.22870040976109515,119.595298313215,10605167689.988724,0.0012559762110316227,0.26446043256909163,0.28085249093490167,0.20321978031604143,0.17976533422712815,6446992.812591806,0.020649139555850068,0.1131443067981931,0.020429421668102733,0.28085249093490167,0.519997144501594,1.0,0.28085249093490167
5,2,1,1,1,2.2897064839767878,0.0464921188810252,9.487714863900022,0.04172027960812808,8.235099705891798,16.76765672075057,0.8103548550638299,92.15481850855409,12013120008.070768,0.00133123911152499,0.19092195157440028,0.28118262499883434,0.26107447483703394,0.22203026221879493,4229016.046202387,0.03407994070571654,0.16934475991933273,0.03317266166696493,0.28118262499883434,0.5894142204431901,1.0,0.28118262499883434
3,2,1,1,0,4.701405591366981,0.08795212167676031,2.8039487055750336,0.014175954733803422,6.679583761412116,17.981405883351265,0.1722217350966861,76.41742973799089,12372643069.8592,0.0,0.19357131295093544,0.28133730724287515,0.2569615808082649,0.1674450248842329,392618.7793106807,0.033014627005741225,0.19670204351884224,0.031543410777992685,1.0,0.4247376904171495,11.737938889330595,0.28133730724287515
1,0,1,3,0,0.3245305717144692,0.05129031219259052,9.103532474204272,0.045564094291619665,1.7435483843735653,7.866860436099605,0.2856451731607716,94.70780567260314,9814258147.507828,0.001023721516583117,0.2277773514396096,0.28134877672636877,0.2291262072888542,0.1525959707051069,1299434.7098900396,0.026249409433287487,0.14259429839682625,0.02531405334159653,1.0,0.5631113762035629,4.313920446208007,0.28134877672636877
5,2,1,1,1,4.969631170598554,0.08409295794408117,5.544200606190149,0.03509611492304204,8.150570034563808,3.3426510504572846,0.6413289308617353,71.77184950878,12744472627.931969,0.0010577699980563093,0.20313500945846447,0.28154505505265504,0.24988030496163147,0.1899419154492956,1964210.1412123367,0.031220083403858973,0.16156852262901644,0.03027828572734319,0.2912722855669377,0.5213288386822645,1.0345494631843684,0.28154505505265504
5,2,1,1,1,4.969631170598554,0.08409295794408117,5.544200606190149,0.03509611492304204,8.150570034563808,3.3426510504572846,0.6413289308617353,71.77184950878,12744472627.931969,0.0010577699980563093,0.20313500945846447,0.28154505505265504,0.24988030496163147,0.1899419154492956,1964210.1412123367,0.031220083403858973,0.16156852262901644,0.03027828572734319,0.2912722855669377,0.5213288386822645,1.0345494631843684,0.28154505505265504
4,1,0,1,0,2.525988560314915,0.008879473403495935,3.909123168632736,0.0018310954076914123,6.668809956970486,10.872836432082844,0.5746310332345351,74.90774909722312,19529773844.581795,0.0,0.2798311969444849,0.2815836999781847,0.1941550377353945,0.12526584536766802,688402.5729152666,0.01884808933901623,0.10738033899853017,0.01841244402260541,0.47954147799686686,0.8145350314085108,1.7030157570698112,0.2815836999781847
5,2,1,1,1,0.8025264222557467,0.040757762446206124,6.645867109036746,0.00995251883469282,8.658330435083062,4.043753495976289,0.1538980293577113,120.20852732109996,11701370378.091135,0.0,0.19439845796858554,0.28158382041134244,0.2566759977870841,0.1753508386081897,914708.444356172,0.0329412839199976,0.19152725158851935,0.03178233402704538,0.28158382041134244,0.4818400438355073,1.0,0.28158382041134244
3,1,0,1,0,3.2190129012286746,0.04519374111644031,8.252944046303044,0.0252695148070038,8.33754985980985,8.518468792603148,0.22981187114520107,129.88401793894653,18256266940.39216,0.0008426618617112162,0.19531714250475535,0.2816218672460853,0.2559796309252662,0.18578839189185584,2665983.6154419766,0.03276278572431775,0.18839231491485464,0.03152101946754724,0.2816218672460853,0.4095220673113463,1.0,0.2816218672460853
3,1,0,3,0,4.443694675780887,0.08161206516345004,3.1625317189824536,0.016951321419787276,4.161978283012889,9.191339935274323,0.2959824287347262,121.09109793386702,14875363030.481915,0.0,0.2168833765598433,0.2816491163530481,0.23763366610940687,0.16241700993590452,1174137.3669848163,0.028234879634298535,0.1591594583337831,0.027296368074839032,0.019103643472183567,0.37223366671014935,0.06782781256177309,0.2816491163530481
3,1,0,2,0,4.866317391879275,0.06989177243933967,5.758160336567483,0.012060127884428944,8.787181794310532,3.151284015852988,0.3924583987240782,119.4063486490644,13643049021.662224,0.0,0.18609819839305644,0.28164933370064527,0.26435162923703553,0.17630327668857879,694654.3649164322,0.03494089194013755,0.20723255364320214,0.033536897537328254,0.2506569316126207,0.4487575325160733,0.8899610317524654,0.28164933370064527
3,1,0,2,0,3.5740483417702222,0.06460231716953031,3.630083274276403,0.0030545545537792197,1.5196188660092,2.245215925549297,0.5545060941855415,127.61223426211139,10298265022.209518,0.0,0.2619370605159647,0.28170996637747914,0.20704485398770198,0.16869368908525284,7538891.85231059,0.021433785781394418,0.08856490488536906,0.021151590402167915,1.0,0.34487014514541464,11.018292260793524,0.28170996637747914
3,2,1,1,0,2.305485885867866,0.055067012973979944,1.0650647882466553,0.038437969440812784,4.263329032196011,2.2307973372113867,0.5943177572361164,75.45234801764293,11998861879.073393,0.0007411513430623982,0.18909975167717613,0.28181044383022713,0.2620449914110277,0.18976089382967629,2418158.4089299305,0.0343337887618028,0.19573252725955892,0.03300757172111633,0.28181044383022713,0.23045019725335528,1.0,0.28181044383022713
3,2,1,1,0,2.305485885867866,0.055067012973979944,1.0650647882466553,0.038437969440812784,4.263329032196011,2.2307973372113867,0.5943177572361164,75.45234801764293,11998861879.073393,0.0007411513430623982,0.18909975167717613,0.28181044383022713,0.2620449914110277,0.18976089382967629,2418158.4089299305,0.0343337887618028,0.19573252725955892,0.03300757172111633,0.28181044383022713,0.23045019725335528,1.0,0.28181044383022713
3,1,0,2,1,2.298853975985177,0.07843970987010622,1.1199153815261522,0.022908680167595674,1.7519243522953605,1.535672370015071,0.5683622711788028,123.17033380674327,11498707451.638706,0.0009423652365110765,0.19332021739393088,0.28184386686616913,0.2583264246296396,0.18154877689827956,2323419.7812496247,0.03336627083096644,0.1861359345876934,0.031957121774280624,0.28184386686616913,0.2747644141727612,1.0,0.28184386686616913
3,1,0,2,1,2.2982561520352474,0.09913015792343191,2.8297537269450417,0.024411552769396345,6.723478286876074,4.789713647018245,0.13883559126403594,111.51060522872044,14235989840.382608,0.0005084694396289361,0.19372769826687983,0.28210068832011354,0.25792531825250953,0.19051275034468873,2627400.3819068503,0.03326273489782917,0.19035757789392338,0.03202770108903952,0.10084851998091185,0.3564284492944183,0.35749122266044975,0.28210068832011354
2,2,0,1,0,4.493897046356627,0.08584603554074262,9.86511434671076,0.03126550320973835,4.910370418777529,10.638179495290931,0.222451678087771,85.40148101582203,19887632848.48673,0.0009516054337366068,0.17733342489499293,0.2821163096657912,0.2735555445813082,0.1915678357216388,2288901.856032746,0.03741631798558805,0.221035864472668,0.03563573675552292,0.22959792349962163,0.4478718428392623,0.8138413683760949,0.2821163096657912
3,2,0,0,0,0.25313995087248814,0.07383566023310509,4.855117000868921,0.0226403875236401,1.341527009839437,6.195926476012651,0.2697621927037091,118.83580283625463,11138549970.06964,0.0006051056141502738,0.22985084700141106,0.2822674830032846,0.2277213065408634,0.15868072910750847,1637455.2875312597,0.025928496726338936,0.1516723785008972,0.025100085488752876,0.2822674830032846,0.513495205843783,1.0,0.2822674830032846
2,1,0,2,0,4.570330172573104,0.09963849268113269,3.151178337592653,0.017604151210498825,3.7757616662052946,7.074797071536241,0.15559794579607572,95.1019323540482,13261446309.80019,0.0,0.18889309733245152,0.2823796096208793,0.262317426826214,0.17057911740126888,448538.33223080053,0.03440521620836307,0.20457363149353736,0.032859762586564194,0.2823796096208793,0.4220243747762866,1.0,0.2823796096208793
4,2,1,1,0,0.581991459619393,0.013082820931515492,6.761445517484939,0.04826461511931154,0.10096993992716019,2.5119914518752644,0.6661603632763422,78.81291294810022,10705387611.247496,0.0010770555832810092,0.23946467730114415,0.2825411074228268,0.22112053950547914,0.14662929001899982,155411.09979482397,0.02444714649559708,0.1386075906132509,0.023755794343574083,0.2825411074228268,1.1587888285229109,1.0,0.2825411074228268
3,1,0,2,0,4.112843900889916,0.09483130896749108,3.132188182072013,0.021429958610589498,4.190659749577581,13.445144852636004,0.6097950501239019,111.36703828467904,12620990584.059006,0.000667278270749113,0.19597308272583924,0.2825617975813669,0.25619274702273764,0.1762085225290026,1143650.311980061,0.03281736181352823,0.18937027442042254,0.031621559178289294,0.2825617975813669,0.34705252127985653,1.0,0.2825617975813669
4,2,1,2,0,1.8417898247379862,0.07066896278727466,8.176184455370008,0.031877857734156655,0.4519021040470871,2.8793642315337635,0.6481617559701267,120.69050102167911,14921794233.126442,0.0011065839074600673,0.2417007462053135,0.28262257596315277,0.22146568031592131,0.18982458359413507,5266731.783274973,0.02452352377889693,0.1043868025235768,0.0241305430042665,0.28262257596315277,0.41292397813087395,1.0,0.28262257596315277
3,1,0,2,0,2.1819107042834722,0.06957272976684346,9.382176127460843,0.011245231604628468,7.075025643097309,6.030975089541531,0.05769730564695972,98.53930372245354,13162460891.421331,0.0,0.19648534726612238,0.28268910206508363,0.2556606590199113,0.1668729453994499,493066.92108905833,0.03268118628524768,0.19193907539692834,0.03141314822263348,0.28268910206508363,0.4440188597523055,1.0,0.28268910206508363
3,1,0,2,0,2.1819107042834722,0.06957272976684346,9.382176127460843,0.011245231604628468,7.075025643097309,6.030975089541531,0.05769730564695972,98.53930372245354,13162460891.421331,0.0,0.19648534726612238,0.28268910206508363,0.2556606590199113,0.1668729453994499,493066.92108905833,0.03268118628524768,0.19193907539692834,0.03141314822263348,0.28268910206508363,0.4440188597523055,1.0,0.28268910206508363
4,2,1,1,0,1.7236910099272809,0.06415971325779411,7.226326242445347,0.01571722010788959,9.953677609447023,18.460710554953334,0.6993270689878046,71.6073373707282,19125332622.035744,0.0,0.23602759285602729,0.2829612474910225,0.22397619340800626,0.1813678954479857,3661102.552183053,0.025082667606770314,0.14168153746548018,0.024551481398424415,0.2829612474910225,0.3948643922367869,1.0,0.2829612474910225
5,1,1,1,1,4.543775572706908,0.05998346310808862,0.7105599873865678,0.07185585661845142,1.6982999191445964,7.227723510485409,0.3224687869048425,113.03493232119436,10793627407.116486,0.0007334521831490379,0.225589203354761,0.2830496464614522,0.23160464310374324,0.17969010465511853,2569099.208320477,0.026820355353606138,0.157041122793527,0.02600968495589074,0.2830496464614522,0.17906115971365652,1.0,0.2830496464614522
3,1,0,2,0,1.0825939183176883,0.06488151163982282,0.4436302297539024,0.012379977141144556,0.32084939235766263,1.4589878799172424,0.08052369188923234,113.47577730621602,10358020723.079613,0.0,0.24342286768688345,0.2832767677572724,0.2187116874296079,0.1761573501955744,4437296.238944018,0.02391740110915325,0.13887532928821744,0.023354932220398195,0.07912370411322045,0.20807310670046306,0.27931589568622206,0.2832767677572724
4,1,1,2,2,0.7177816566531474,0.04804189655057749,2.2420292284535353,0.012310655035687089,6.926618820649196,2.314779909491104,0.22626594374194206,74.05066406911564,13793134374.051723,0.0,0.2533010985634375,0.28341431202186096,0.2122670472166548,0.17095356070011766,4961147.208039431,0.02252864966703878,0.12657625670283967,0.022044387735207626,0.28341431202186096,0.3441108788779525,1.0,0.28341431202186096
4,1,1,2,2,0.7177816566531474,0.04804189655057749,2.2420292284535353,0.012310655035687089,6.926618820649196,2.314779909491104,0.22626594374194206,74.05066406911564,13793134374.051723,0.0,0.2533010985634375,0.28341431202186096,0.2122670472166548,0.17095356070011766,4961147.208039431,0.02252864966703878,0.12657625670283967,0.022044387735207626,0.28341431202186096,0.3441108788779525,1.0,0.28341431202186096
3,1,0,2,0,2.0259124195617146,0.04816361450914493,3.6470435667523637,0.01637058840919412,2.159087127907082,3.1442051159343785,0.43592001177268513,120.77374470318927,18638412681.904495,0.0,0.17511673575754125,0.28346410306144537,0.2769750431297972,0.18873498541395137,959859.883950305,0.03835758725837651,0.22965586019369055,0.0367191318049407,0.28346410306144537,0.4713763381619492,1.0,0.28346410306144537
4,1,1,2,0,3.762562380712791,0.046046266426349056,6.532083559172666,0.04230582260411254,4.11276444893838,4.4092423888699495,0.5433252894775269,106.58329602138323,9488026317.708078,0.0008667564796404648,0.20083344661195046,0.2835300162181321,0.2526108988816901,0.1747445202777386,1791047.581306226,0.03190613311690773,0.18528360668034738,0.03036470226932156,0.2835300162181321,0.42878139543083954,1.0,0.2835300162181321
3,1,0,2,0,2.469245531026127,0.051585479316571925,7.249054590928968,0.031587478892113045,3.4765894844762597,10.360150506953854,0.48253822989719647,81.77855325514997,14553743953.131487,0.0010667164659453959,0.23577881388584743,0.28353944908444306,0.22454462289069094,0.17378257070234676,3781414.093765492,0.0252101438345613,0.14386887857789954,0.024513013819254022,1.0,0.4343120506828937,8.416149073293852,0.28353944908444306
2,2,0,1,0,4.821827248243821,0.09539984959930718,5.932774385800862,0.029617751097157897,9.997520969258742,3.1521031823439203,0.1736438275448019,87.65802226703403,19544713370.93362,0.0005481380808010399,0.17351584192633762,0.28359738130610807,0.2789501112780747,0.19981081874220122,2028302.0653732233,0.03890658229102513,0.22972103069356375,0.03719875178958056,0.28359738130610807,0.3772208318700089,1.0,0.28359738130610807
4,2,0,2,0,4.457008043895397,0.09975387138960606,4.166184125999037,0.05530943725765878,5.229870122253207,1.1297169755453251,0.444135393379541,111.91584084735453,19367783939.07854,0.000969842576373819,0.20186697055112496,0.28365848086694967,0.2517164329320934,0.18621263110907868,2984880.04028957,0.03168058130402854,0.18567517497121844,0.030433285928038786,0.1299478770292158,0.4012993327110159,0.45811384391559234,0.28365848086694967
4,2,0,2,0,4.457008043895397,0.09975387138960606,4.166184125999037,0.05530943725765878,5.229870122253207,1.1297169755453251,0.444135393379541,111.91584084735453,19367783939.07854,0.000969842576373819,0.20186697055112496,0.28365848086694967,0.2517164329320934,0.18621263110907868,2984880.04028957,0.03168058130402854,0.18567517497121844,0.030433285928038786,0.1299478770292158,0.4012993327110159,0.45811384391559234,0.28365848086694967
3,1,0,1,0,3.7597465380022372,0.052707435625505526,5.7557356691899,0.01646441240023778,6.994984683452299,11.346009846074455,0.14385605655799738,92.91001103929659,17822944554.22551,0.0,0.18941524600515192,0.28369107778493935,0.2633406480539574,0.19118490547675185,2435578.6548302667,0.03467414845873913,0.20022762803237115,0.03327571500475351,0.28369107778493935,0.3834543435125315,1.0,0.28369107778493935
2,1,0,3,0,2.6078090054019407,0.0869534219940183,9.693655912239919,0.01972270393836018,3.194501549034708,15.223353262898272,0.26777478652465575,91.3166652253434,19083139295.27471,0.0007542411254090469,0.23015616470495856,0.28373956452212473,0.22876603139512547,0.17446450772674876,4123277.0624098936,0.02616694856013777,0.15170518615436046,0.025296850789664337,1.0,0.5071726107457892,8.793758755117148,0.28373956452212473
4,0,1,3,1,3.1952057428903293,0.01701103647529291,8.52321093776552,0.08536388776523607,4.551064700312591,12.30234189819056,0.8153305595624543,92.20330962890608,10961202228.094822,0.0014118433108884574,0.250539663565142,0.28374057990670576,0.2142305882183939,0.16359707594044873,487808.3814179071,0.02294737246419953,0.1317894643763755,0.022547272981268456,0.28374057990670576,1.0334672777160019,1.0,0.28374057990670576
3,1,0,2,1,4.474474823558228,0.07004379391523234,2.0774878640347243,0.029494851366327776,5.05017747816711,9.058647556346319,0.23789424096190703,102.67293059202831,11899536756.815828,0.0006811479104200004,0.16900148798880055,0.283764023830172,0.28392182697628465,0.1977792312680016,1800495.8340588561,0.040305801916775665,0.23841671064287262,0.03850374380318761,0.283764023830172,0.3448188820454947,1.0,0.283764023830172
3,1,0,2,0,0.9017491620845238,0.05997128620375772,9.360286446624253,0.0163271358016943,0.3738934809303848,2.1020383277016164,0.34502201445279224,96.96390121396091,15833121768.67747,0.0,0.2805628256742638,0.28388423340814006,0.19538917100148523,0.15612088801156576,6157763.100258222,0.019088464072323817,0.1085273897746426,0.01881852720900698,0.10534910571937066,0.44407503124471903,0.3710988259355368,0.28388423340814006
3,1,0,2,1,4.260782621928938,0.05813921380158825,3.471447334602524,0.017865765550104728,2.583034798646721,7.939624532737755,0.1370232705634261,87.38213258121333,15509348157.523746,0.0,0.22872317722153412,0.2840140272829474,0.230158018094096,0.15933724138652877,1940905.3918284767,0.026486356646501112,0.15206160241442013,0.025354815227390092,0.2840140272829474,0.41480100638265044,1.0,0.2840140272829474
3,1,0,2,1,4.260782621928938,0.05813921380158825,3.471447334602524,0.017865765550104728,2.583034798646721,7.939624532737755,0.1370232705634261,87.38213258121333,15509348157.523746,0.0,0.22872317722153412,0.2840140272829474,0.230158018094096,0.15933724138652877,1940905.3918284767,0.026486356646501112,0.15206160241442013,0.025354815227390092,0.15911150756521034,0.41480100638265044,0.5602241167007445,0.2840140272829474
3,2,1,1,0,4.713677963526775,0.08795212167676031,2.8039487055750336,0.014289889334912126,6.679583761412116,7.096678182369691,0.570489243117518,76.41742973799089,12372643069.8592,0.0,0.188473761810384,0.2840145617224218,0.26409534943036383,0.1742628818161854,453622.0972709584,0.03487317679537299,0.20974259464110456,0.033352821524488645,1.0,0.4281398852516391,42.19603914169542,0.2840145617224218
5,2,1,1,1,1.2356872181522696,0.05408175729345917,7.831942395065437,0.03596152734661353,5.59516124051039,1.5547137356134646,0.599683875096293,102.64290914738235,9909044244.644018,0.0010643403022266144,0.22712835700196282,0.2840369858124851,0.23140167220117083,0.17666626477106945,3711732.705504732,0.02677336694874906,0.15363891268121754,0.025854269362167025,0.2840369858124851,0.44648690765608656,1.0,0.2840369858124851
3,0,0,2,0,0.6367496761097996,0.01548015345234226,7.7950704408175255,0.023350776175202745,3.7688709456072838,2.6381957682412747,0.802464827715914,119.88526632242919,9943460814.777254,0.000704693922364029,0.22253422020064229,0.284061880270219,0.23503496819675404,0.12912734727488875,173920.89743171635,0.02762071813762459,0.1578435000489693,0.025853410105707207,0.20802979987044415,0.6803837629596009,0.7323397270783114,0.284061880270219
5,2,1,1,1,1.1155380216782436,0.06305180042183449,4.902164867043116,0.008931623574344072,6.6099923709079595,16.945426693244826,0.1362672003672082,126.29846882016173,12218078314.26558,0.0,0.25405853452746413,0.2840702941197888,0.2128281772712013,0.16978455686501448,3815863.240126107,0.022647916520290943,0.11684349521023152,0.022252732901033512,1.0,0.381193349743608,178.768035262343,0.2840702941197888
3,1,0,2,0,2.969584964618066,0.099501231476953,6.087367755434713,0.011030973331466451,0.4364653946496396,4.636516497794972,0.46457888930735614,126.1347448656497,11956968267.509277,0.0,0.2723698324768688,0.2840851351727563,0.2004379024549739,0.13178793511039663,124842.82294437803,0.020087676370274813,0.11465441036894153,0.019611850436568424,0.039396538263306656,0.4515935770453924,0.1386786332179931,0.2840851351727563
3,1,0,2,0,2.969584964618066,0.099501231476953,6.087367755434713,0.011030973331466451,0.4364653946496396,4.636516497794972,0.46457888930735614,126.1347448656497,11956968267.509277,0.0,0.2723698324768688,0.2840851351727563,0.2004379024549739,0.13178793511039663,124842.82294437803,0.020087676370274813,0.11465441036894153,0.019611850436568424,0.039396538263306656,0.4515935770453924,0.1386786332179931,0.2840851351727563
3,1,0,2,0,1.2128517880917995,0.06371070052770744,4.179392366263302,0.014271969233640602,3.435251203548938,8.06997130759359,0.5883368738639013,126.68146263964076,18609958358.892147,0.0,0.1944865304265423,0.284098308687986,0.2587004700512986,0.16918993023067772,529372.8836961787,0.033462966602381426,0.19776395713572792,0.03213506976991225,0.4158273757054123,0.4457731699577496,1.463674238772393,0.284098308687986
1,0,1,2,0,0.7423315718400725,0.04367518310125811,9.89532226880999,0.06850038918255016,3.3801861865128306,2.9467416076173967,0.4426413839009711,90.72487818127918,12588715244.308235,0.0010255340296668838,0.21315805860830636,0.28411648834997416,0.2437581113374789,0.20517575734457166,5718834.846620279,0.02970900842140738,0.14955634597768297,0.028985242661592397,0.06848490291273455,0.6758416008401936,0.2410451547900838,0.28411648834997416
3,2,0,2,0,3.2419682023205256,0.08034623887717585,3.7349532849495333,0.0035992022053498583,3.032802929654472,12.306652605947399,0.26739873891648935,126.86377565082792,13829980661.087048,0.0,0.18959386658421118,0.28416909396058904,0.2634195899803084,0.15933706021304778,272535.1286344774,0.0346949401926969,0.20391643156732242,0.0329838312512957,0.28416909396058904,0.43272510906841755,1.0,0.28416909396058904
5,1,0,2,1,3.384610551384943,0.06554630296548954,1.9347115405722934,0.08188914506030054,1.7911276588552036,2.2486756481054955,0.36804322009046286,79.55715669555597,14692277684.904171,0.0012812125615619882,0.23378485128783985,0.2842350849835445,0.22706684752664574,0.19921516721172647,6134857.420275159,0.025779676622844496,0.1380579751067157,0.02542613785255034,0.2842350849835445,0.5377177931520529,1.0,0.2842350849835445
3,1,0,2,0,0.8253197603999659,0.040005353427063885,7.155219926237773,0.012713412713163192,3.0676646946835495,4.925240990778714,0.7294204817386388,83.75954424630302,10291431721.882168,0.0,0.2824570746805305,0.28428228038638736,0.19469944691618543,0.15948541081031803,6297548.535214112,0.018953937314734253,0.10522371060898694,0.018703117441393344,0.010966587034967291,0.3522500812820825,0.038576400259846856,0.28428228038638736
3,0,0,2,0,3.075636212859691,0.07040071378957535,8.721941872357247,0.04049319279165722,2.418361507928823,14.212844435013363,0.7637037589671477,63.282300925654035,10966171124.634653,0.0013990563220728682,0.21148419598693124,0.2843188867666327,0.24391599824614796,0.15258644360717893,1792440.5897910318,0.029747507100207425,0.17613392660840121,0.027927192458438103,1.0,0.5772029739023466,249.47165860061025,0.2843188867666327
3,1,0,2,0,4.640912725897026,0.08808663917694512,6.286633545597176,0.011626338078337971,8.74886114432801,9.052421161796316,0.10749229577527751,112.60684081184179,9019277882.677475,0.0,0.19704357728387667,0.2845531767464862,0.2573448224332085,0.17770700275743892,1567883.5867538396,0.03311317881658981,0.18473600741786367,0.031687187703730336,0.2845531767464862,0.41128469516402133,1.0,0.2845531767464862
4,2,1,1,0,0.5308304391109379,0.06858447013379132,8.277000842657017,0.006593285007193214,8.953153438757994,4.836031035516704,0.3181904705159263,117.06328753580857,17056971182.033125,0.0,0.23928511243253928,0.2848122062451897,0.22288214764423117,0.16891963743466923,4012949.1744352416,0.02483822586925243,0.14412011024607108,0.024100788305504196,1.0,0.34659282299624583,5.064629877931882,0.2848122062451897
4,2,1,3,1,0.33728713762832424,0.010912151127970206,9.748474748646002,0.05108460166907442,1.8412371964523793,1.541910689333653,0.43419284083011206,117.52831799457803,13704769914.540312,0.0,0.25224783990618593,0.28485306226445656,0.21443356515102366,0.14158701558730663,395896.9138054151,0.022990876931689153,0.12275205348594587,0.0223985878445976,0.28485306226445656,1.4509956115744234,1.0,0.28485306226445656
5,2,1,1,2,3.338591740663406,0.039907105752506306,5.760000590773578,0.028924298116241667,9.285574513857807,18.81374099392211,0.3984869487565947,105.25983730567621,10961525482.288883,0.0014287471596172057,0.18360994034043315,0.28496623422938105,0.2700390168503254,0.19078265581525783,3403204.1851385133,0.03646053531074516,0.21317749233168914,0.03504950216591637,0.28496623422938105,0.4347932526016899,1.0,0.28496623422938105
5,2,1,1,1,2.207852875988065,0.04373142171118796,3.6609386664633083,0.06707554859207862,3.3285792855047536,1.0173790068674413,0.7701090853217307,67.17183767269215,9944476368.37888,0.001175167225535125,0.2509687119009728,0.28497147550465146,0.21485523935835973,0.17683553369589353,5263990.602499329,0.023081386939869025,0.13319544878035938,0.022557077160650994,0.28497147550465146,0.44604926818080626,1.0,0.28497147550465146
1,0,1,2,0,0.5349822511139689,0.047515462123730826,9.14517097172481,0.03411507053222062,1.3449434810903458,3.735782426550247,0.40544940148635905,98.50061219497333,11250005180.232513,0.0011147213776219963,0.21093629124742674,0.2849799217473931,0.24559324718306422,0.16723997307514685,1350334.9672152204,0.030158021530960838,0.16643000624485027,0.029070028967944358,0.2849799217473931,0.5107276306191286,1.0,0.2849799217473931
3,1,0,2,0,4.599203564499705,0.09649637641388747,5.902246172602945,0.010872500735545479,7.409013558572896,3.427324396455585,0.09504407749048285,121.84498450477072,9467382583.372793,0.0,0.1857974706611346,0.2850929042925245,0.2677620772309207,0.1763450665904367,604330.0626626244,0.03584826500150877,0.21407262873676536,0.03425454726504447,0.17108905902091706,0.441246365756642,0.6001168617138509,0.2850929042925245
3,1,0,2,0,1.783888121637847,0.07620682460869424,1.6863021735985713,0.02978081467097543,0.8792489132084235,3.2289840643565313,0.47768808022305176,125.75653593994133,10768087112.973038,0.0007370848990876856,0.23520050055460895,0.2851371005116582,0.22622057202316595,0.1444513236145561,1635997.1482554008,0.025587873603244205,0.1466939228785159,0.024652954748983352,0.35307444163350893,0.5164072190322838,1.2382620185165032,0.2851371005116582
3,1,0,2,0,1.783888121637847,0.07620682460869424,1.6863021735985713,0.02978081467097543,0.8792489132084235,3.2289840643565313,0.47768808022305176,125.75653593994133,10768087112.973038,0.0007370848990876856,0.23520050055460895,0.2851371005116582,0.22622057202316595,0.1444513236145561,1635997.1482554008,0.025587873603244205,0.1466939228785159,0.024652954748983352,0.35307444163350893,0.5164072190322838,1.2382620185165032,0.2851371005116582
3,1,0,2,0,3.059397742961951,0.044107997492437614,5.933022085211958,0.016831474290381798,4.65383586384814,13.467488444085172,0.3432231907629192,102.36013957937189,18717218082.585857,0.0,0.21404069170496925,0.28522534183480724,0.2429755435707206,0.18803756998713983,3165438.6365286517,0.029518557386743572,0.16707281383663364,0.028610314045727142,0.5772648723102989,0.380619174262077,2.023890544216197,0.28522534183480724
3,1,0,3,0,1.218858765553346,0.053040470618833366,7.51055783306286,0.0052350275701895065,4.744864313796067,4.312052196860938,0.32181594145827663,124.57930786318202,11435546272.164713,0.0,0.19173474209221894,0.2852642754986878,0.262285591151008,0.19586541671404256,3684811.8358060303,0.03439686566271687,0.20411694159920857,0.03307744196785413,0.009460715393207388,0.39004121126663227,0.03316473952677228,0.2852642754986878
3,1,0,2,0,0.5011589181344926,0.07322152667016024,5.513291702983961,0.007622303174477861,2.479770155398646,5.845798081176521,0.3713329089544409,127.3928426149091,16565329713.973413,0.0,0.23946754792999836,0.2852959590622115,0.223215150240014,0.15813475782457886,3922013.956772844,0.024912501648336013,0.1430718586727494,0.024060903922649906,0.0176689171522331,0.339778017004387,0.06193188718940188,0.2852959590622115
3,1,0,3,0,1.2190369539431114,0.05303152640844131,7.51143939954972,0.00521883633583602,4.7470494827564815,4.3111562378351795,0.3217260167157501,124.56506689233929,11433059026.65341,0.0,0.19168344216348482,0.28533580474934306,0.26239751810923173,0.19591768237627713,3680933.136516627,0.0344262287549423,0.20432213817614986,0.03310429312877391,0.28533580474934306,0.39003723717769473,1.0,0.28533580474934306
3,1,0,2,0,3.902932669267288,0.016090981992362165,3.3172774482869336,0.01701735091777363,6.095882049149952,2.721399549331899,0.047333267391390314,119.36755620667664,16684063285.624226,0.0,0.24081047780690462,0.28539638152757163,0.22247614528586881,0.148710413121392,96565.31861482412,0.024747817610629507,0.1393719905940607,0.024142488514248796,0.4154316254381896,0.8815087176043954,1.4556303174364371,0.28539638152757163
3,1,0,2,0,2.5259603970330637,0.04658425494947264,4.729213145205635,0.019191638350839316,7.718175659328698,8.985010995676522,0.7900758713331344,120.08656294772449,9764368982.935938,0.0010073322842443755,0.2035464549143631,0.28558041211402974,0.25232507140926413,0.18344718589054523,2675678.0728138643,0.031833970830845125,0.17915772162542265,0.03065910937913494,0.11867661256063397,0.38004437351738324,0.41556285909849955,0.28558041211402974
4,2,0,2,0,0.505080350814838,0.05238294536251203,9.24476856246442,0.017221705703703426,6.252190261553547,3.885718155088986,0.5474082484063445,120.42852830300967,19672367697.422077,0.0,0.2957531027537227,0.28560881459374293,0.1879167818920032,0.16341976458704613,5975907.523973137,0.01765635845832335,0.10042691920744262,0.017489035212651466,0.28560881459374293,0.36195677203222254,1.0,0.28560881459374293
5,2,1,1,2,3.567165776599938,0.006086578819677835,8.691807368090931,0.005106254458394868,8.197910662212376,13.4726166831876,0.651578779465749,93.66314784608765,13763434715.120169,0.0,0.20999251101021954,0.2856164802139549,0.2465098245086335,0.17617569955528656,5716883.480574526,0.030383546789638644,0.17578564027253218,0.029478825743886466,0.2856164802139549,0.6648961337033473,1.0,0.2856164802139549
3,1,0,2,0,0.31015514446385345,0.03231466214168628,9.707590849287223,0.012494504012816304,5.45917463877099,9.593954713046179,0.8459488736821016,74.8418957076051,14350876638.96652,0.0,0.20540821704051912,0.2856676707516664,0.2505165136297709,0.1707856610892903,857114.8375333659,0.03137926180060759,0.1812488299347914,0.030311685174898156,0.2856676707516664,0.47889938444305397,1.0,0.2856676707516664
5,2,1,3,2,0.533120405858574,0.047260726351664145,5.8886212881588875,0.03509031826551531,1.5328346147530407,6.257973031478203,0.5277466376003075,87.40095803659338,15779699596.791977,0.0009663664595440601,0.18983670997185675,0.2856766599071467,0.2651451571868747,0.20806321164436384,3638338.8763876623,0.035150977189826245,0.1957792306636249,0.0338352123566567,0.2856766599071467,0.6125970730946836,1.0,0.2856766599071467
4,1,0,1,2,1.4997334706833267,0.05801764003670065,8.64052135697781,0.0654636059879872,3.127704211148855,2.888604066892426,0.09310252426306674,89.69935150927265,18875694640.648533,0.0007734329729177868,0.23096591333454342,0.2857344189857243,0.22982953981384036,0.1499935274797462,4668459.560883283,0.026410808685520815,0.15219553004424147,0.025109567737017235,1.0,0.4637062102755318,7.225510173408104,0.2857344189857243
2,1,0,1,0,2.753557592882983,0.043158998688666184,3.7481104054722922,0.01073279520075171,6.012971564830988,5.722314291059836,0.7226524351918004,92.05778594826694,12292487630.123854,0.0,0.20925755616780378,0.2857567255928283,0.24721113832461977,0.1698025895985682,751315.4925431617,0.030556673455877145,0.1776407782230247,0.02955525365549131,0.3721526611267237,0.4694900972579802,1.3023408647851042,0.2857567255928283
2,1,0,1,0,2.753557592882983,0.043158998688666184,3.7481104054722922,0.01073279520075171,6.012971564830988,5.722314291059836,0.7226524351918004,92.05778594826694,12292487630.123854,0.0,0.20925755616780378,0.2857567255928283,0.24721113832461977,0.1698025895985682,751315.4925431617,0.030556673455877145,0.1776407782230247,0.02955525365549131,0.3721526611267237,0.4694900972579802,1.3023408647851042,0.2857567255928283
4,2,1,2,0,1.8289181034317663,0.07105684700159763,8.162811745299317,0.03132427337160076,0.41745502709631555,2.9490109742843567,0.6457337854242762,120.63812460224725,14971070293.695805,0.0011064866897789608,0.24430182665058803,0.28585658160959,0.22219204246899382,0.19112714797631442,5333403.772387353,0.024684651868271578,0.10499865476517412,0.024303500263730193,0.5405641756198422,0.41511206841576487,1.8910328129443605,0.28585658160959
3,1,0,2,0,1.7282383870694837,0.06579819226540587,3.4740466855569814,0.016734681289484746,0.4326159287507563,6.922754150381132,0.16019105832344221,126.97210464185406,10583699606.98751,0.0,0.19204320049438073,0.2862201235399284,0.2628592290783655,0.17383402875392842,600398.1996108859,0.03454748715583631,0.20510694583066702,0.033186158112195045,0.2862201235399284,0.4446913032661035,1.0,0.2862201235399284
3,1,0,2,0,1.7282383870694837,0.06579819226540587,3.4740466855569814,0.016734681289484746,0.4326159287507563,6.922754150381132,0.16019105832344221,126.97210464185406,10583699606.98751,0.0,0.19204320049438073,0.2862201235399284,0.2628592290783655,0.17383402875392842,600398.1996108859,0.03454748715583631,0.20510694583066702,0.033186158112195045,0.6645906657847303,0.4446913032661035,2.321956463316313,0.2862201235399284
3,1,0,2,1,2.579962940311261,0.054013966973007095,1.2546367512677017,0.03911764121543839,3.8787712693939085,3.1269051901720837,0.5454753902124637,75.9424497211222,15536346584.275667,0.000612104334960801,0.17512156180584643,0.28634498751885545,0.2801274046592951,0.19473631665306707,1969146.8489338418,0.03923568142057623,0.22744899882244374,0.037486382378940704,0.16140317211500657,0.27869305990088733,0.5636668324930199,0.28634498751885545
3,1,0,2,1,2.579962940311261,0.054013966973007095,1.2546367512677017,0.03911764121543839,3.8787712693939085,3.1269051901720837,0.5454753902124637,75.9424497211222,15536346584.275667,0.000612104334960801,0.17512156180584643,0.28634498751885545,0.2801274046592951,0.19473631665306707,1969146.8489338418,0.03923568142057623,0.22744899882244374,0.037486382378940704,0.16140317211500657,0.27869305990088733,0.5636668324930199,0.28634498751885545
2,1,0,2,0,2.163086192969453,0.09738290455033732,4.413298842224933,0.03841926279196611,0.9853197534036842,1.1206183883131295,0.21914215180569238,84.94005068819625,16794476006.47222,0.0010434088356054386,0.279338957000964,0.28635466222969513,0.1985810483141805,0.16658490218094263,7403018.537885152,0.019717216374779443,0.09945638814290869,0.019481121684412225,0.28635466222969513,0.39872106158986237,1.0,0.28635466222969513
5,2,1,1,1,3.2630094459964716,0.07493888577135249,8.435240737186717,0.059998707698491874,7.348371330420666,3.049671835627096,0.7482036704790326,67.5486396748308,9353019824.448027,0.0012793483235979028,0.1961326143807961,0.28636122886137544,0.25913710761873504,0.18015879117725192,2008133.715042973,0.03357602027250193,0.1999772640624079,0.031899680156664584,0.28636122886137544,0.4732158941694814,1.0,0.28636122886137544
3,1,0,2,0,0.49555861783572513,0.07313771670457297,5.523617961446806,0.007639865054998428,2.465994968482404,5.839607617418423,0.3715086731285652,127.31512371066198,16550654165.879374,0.0,0.24019052764613558,0.28638522323819426,0.22355871108018618,0.15835831873335063,3930474.134658448,0.02498924864991708,0.14351080998975307,0.024134405885982115,0.01749254939791697,0.33993343623033734,0.06108048872119337,0.28638522323819426
2,1,0,3,0,3.484285869610467,0.04049568064748034,9.146202897504402,0.08655536000543566,6.197695153742628,5.386426014569644,0.4251108066857252,70.16357477067959,13729311762.259315,0.0010142081279883193,0.2047973097391319,0.2864243208912679,0.2520838908121928,0.17522107343570845,2493090.722593234,0.03177314400350677,0.1766065682131125,0.030481983055914968,0.2864243208912679,0.4831041350738077,1.0,0.2864243208912679
2,2,0,1,1,4.510793591279529,0.0892345407285611,8.680921746265497,0.012195628646680133,3.457701860167446,11.370462898968182,0.0949417891967123,100.60289600891225,19730762934.728947,0.0,0.20872582477198526,0.2866681593750662,0.24846547959656926,0.18466253792620047,3272493.4035725403,0.030867547275576588,0.17925634679903446,0.029671204346649768,0.2866681593750662,0.3578174996815778,1.0,0.2866681593750662
5,2,1,1,1,1.5044421170098219,0.06567736801581055,6.746047855929397,0.05034066824952478,3.404903968543543,3.510403049413138,0.6845768897569177,93.26597783811405,9933747757.643318,0.001019151229749137,0.2391101171245706,0.2868397795648335,0.22457876193714824,0.17281225745683645,3720393.7038933733,0.025217810156611148,0.14713453369150398,0.02433506224707635,0.2868397795648335,0.4684484207968947,1.0,0.2868397795648335
3,1,0,2,0,3.5462369498513406,0.09043053129739924,2.1828415880759775,0.022943924511583537,9.434996712701201,5.9067779300280066,0.7150220161872798,112.37506739322751,18040865645.93255,0.0009737297373241639,0.1855392287092183,0.28688369992227775,0.27000790678031433,0.1949289842321754,2214715.1767655495,0.03645213486194345,0.21141689197508728,0.03500377610244347,0.28688369992227775,0.3141288668629716,1.0,0.28688369992227775
3,1,0,2,0,3.5462369498513406,0.09043053129739924,2.1828415880759775,0.022943924511583537,9.434996712701201,5.9067779300280066,0.7150220161872798,112.37506739322751,18040865645.93255,0.0009737297373241639,0.1855392287092183,0.28688369992227775,0.27000790678031433,0.1949289842321754,2214715.1767655495,0.03645213486194345,0.21141689197508728,0.03500377610244347,0.3053013972836749,0.3141288668629716,1.0641991767618266,0.28688369992227775
2,1,0,1,0,4.700194116817522,0.043158998688666184,3.7334407355180024,0.01073279520075171,6.012971564830988,5.722314291059836,0.7226524351918004,92.05778594826694,12390360023.956451,0.0,0.1873512027469278,0.28695653377539165,0.2683382787500002,0.19193070189601905,2463518.6486710217,0.03600271592125641,0.2080279801388627,0.03448953228959674,0.28695653377539165,0.35218472459832123,1.0,0.28695653377539165
3,1,0,2,1,3.674904044554235,0.0780897507716577,1.4078512062783122,0.00848708937194193,1.7844446750879086,4.4229845239756465,0.2891168069812235,121.90715382002396,10486157054.294052,0.0,0.2034514749373646,0.28707300157530957,0.2531448960544034,0.1648478190456633,623359.7363041168,0.03204116919919735,0.19117439557219307,0.030577341335745942,0.026660140796247477,0.43369138302100235,0.09286885443754822,0.28707300157530957
2,2,0,1,1,3.729430417174214,0.0652483979820291,6.10615165882599,0.02140534522446449,9.624470682304613,5.389210598079789,0.1259442861304774,100.30461521697819,17978130091.55572,0.0005443572644573945,0.1926515244831047,0.2871473412811401,0.2634940402749387,0.19115356041393683,2527305.513408616,0.034714554630205514,0.19919535017956702,0.0333645603861617,0.8348416296053935,0.4001548620865428,2.9073632577639543,0.2871473412811401
4,1,0,2,0,0.2734637623560713,0.07138523098699263,8.159076071910752,0.007960510112041958,2.8268203011800996,3.078065878492952,0.5031876553142854,90.16925771357796,13835315165.588066,0.0,0.20320761272841442,0.28716055339475527,0.2537385320896505,0.17577353189863243,1894969.3136011113,0.0321916213335053,0.1864240773546716,0.030817438112282686,0.28716055339475527,0.34983332407081386,1.0,0.28716055339475527
4,1,0,2,0,0.2734637623560713,0.07138523098699263,8.159076071910752,0.007960510112041958,2.8268203011800996,3.078065878492952,0.5031876553142854,90.16925771357796,13835315165.588066,0.0,0.20320761272841442,0.28716055339475527,0.2537385320896505,0.17577353189863243,1894969.3136011113,0.0321916213335053,0.1864240773546716,0.030817438112282686,0.8004254288597155,0.34983332407081386,2.7873794621066312,0.28716055339475527
1,0,1,0,0,0.764065246033255,0.07865944406390807,4.090113080509513,0.034717043639328246,8.902727025759491,1.7097623373754611,0.2810615322089117,88.49461412995828,9365195980.696226,0.0005158483868453905,0.20600719325980527,0.2871798433576793,0.25183434319802356,0.17202992689029084,1335320.7184116049,0.03171026820698995,0.1734694994157049,0.03052289017044991,0.2871798433576793,0.35691458360248984,1.0,0.2871798433576793
2,1,0,2,0,4.339346825741601,0.07301468214132613,4.9049687428940425,0.012687811097819121,4.230916621458045,10.43323861401726,0.41575057082430655,125.5314448059314,11308832397.907892,0.0,0.19900856676115564,0.28743060388380703,0.2579329487916762,0.1888926264305715,2750231.917880135,0.033264703036184735,0.18926072846497777,0.03199749301639468,0.28743060388380703,0.3535173293939462,1.0,0.28743060388380703
3,1,0,1,0,2.522109120989923,0.0697394283925738,9.621457028315719,0.023994273382621903,8.314993837757235,9.637711165898853,0.058399853963793366,127.42099263051058,17974914665.82738,0.0009618931307787973,0.2230519735193917,0.2876880933418839,0.23748045661755912,0.17982564952621316,3667709.9981552633,0.02819848363764219,0.16424136647472432,0.027339327220244243,0.2876880933418839,0.42934182049870656,1.0,0.2876880933418839
3,1,0,2,0,4.201343323800785,0.0937396284074853,3.971944700523511,0.01847745692183299,4.401283057313657,2.512711856810757,0.38943005769696726,111.356864850773,12779366630.455755,0.0,0.20580236226974102,0.28772405985500066,0.2521944060015212,0.18222757124178438,2117848.3762437236,0.03180100920923006,0.17950371532745368,0.030591455874013934,0.1774676292611937,0.39123587210533134,0.616798015955388,0.28772405985500066
4,0,1,3,1,0.41015298783207826,0.010451287600957662,9.609458512712001,0.049278604462250866,1.9491570744468891,1.4092850710884615,0.43005526742434114,116.9314223912844,14004949866.697617,0.0,0.21134239167016144,0.28775785385004915,0.247624043012797,0.16032479710153505,525277.3063872056,0.030658833339001768,0.16963439643603273,0.029272631872664778,0.28775785385004915,1.4883878258790915,1.0,0.28775785385004915
1,0,1,2,2,3.279208187431913,0.04730316319171253,9.903027300399605,0.06556012535886102,1.7629922071897686,3.414750982801995,0.43517260893932197,90.22609828659029,12349415891.989489,0.0010494991316358664,0.19130662776295268,0.28784223893911215,0.2655558276273065,0.19190795712776113,2290966.543113154,0.03525994879341186,0.1995214289149131,0.03394365903961283,0.9713195203397599,0.5083250826902433,3.3744857041124705,0.28784223893911215
5,2,1,1,1,4.0750311736067095,0.0826813975688488,9.27193309643412,0.027942917502571562,7.735844534392802,1.4153270177108328,0.7352643511278443,89.39799632770325,13613179554.272503,0.0008150589915650479,0.20801458515781301,0.28789230244448477,0.25001934417137567,0.17239570358194975,2510487.069319224,0.0312548362299424,0.18375676212006142,0.02967227913423317,0.28789230244448477,0.4539526935849958,1.0,0.28789230244448477
3,1,1,3,1,0.22298758969525337,0.07918230054056075,9.934640347701018,0.023786784880531125,3.748152316206675,2.313577300833316,0.05775671670895162,120.09103607095207,18118783813.509903,0.0006292752780560505,0.20201607825240764,0.28790067186330975,0.2555598204631625,0.19262483198527597,3011555.415624019,0.03265541091758193,0.18712522296442502,0.03163194565958231,0.28790067186330975,0.5246585183860988,1.0,0.28790067186330975
3,1,1,3,1,0.22298758969525337,0.07918230054056075,9.934640347701018,0.023786784880531125,3.748152316206675,2.313577300833316,0.05775671670895162,120.09103607095207,18118783813.509903,0.0006292752780560505,0.20201607825240764,0.28790067186330975,0.2555598204631625,0.19262483198527597,3011555.415624019,0.03265541091758193,0.18712522296442502,0.03163194565958231,0.28790067186330975,0.5246585183860988,1.0,0.28790067186330975
2,2,0,1,0,3.303343202132524,0.045860066676397485,4.548207652949576,0.022085936589208086,7.256289309609503,9.559363385988906,0.19953817325702672,105.53563341414699,19012298583.81957,0.001360720657839296,0.21299799976240974,0.28794031342491483,0.2462315645421958,0.17580516785790157,2938429.865715507,0.030314991688448766,0.17046532394282565,0.029162366296581227,0.28794031342491483,0.40604118411748713,1.0,0.28794031342491483
2,1,0,2,0,4.724614850352073,0.09522653346274414,4.834176202129564,0.009388038145018485,5.597625637001961,3.9394813129252526,0.18631868133738524,87.45006475071085,18581833111.73864,0.0,0.21829842287455983,0.28796303619720737,0.24185039070030645,0.1830616556559759,3358522.271517505,0.02924580574094544,0.16447482873985664,0.02831727925364248,0.45221341854499686,0.36757956847708645,1.5703870347974278,0.28796303619720737
3,1,0,2,1,4.458231233767438,0.0897899836308746,1.536509402150063,0.011558788526277335,5.28955420358926,9.15208898009514,0.4434439598677623,121.05205644117488,12493410843.04201,0.0,0.18158860127967624,0.28797202465734917,0.27484720248132105,0.19181814360065821,1478028.2435534701,0.03777049235590415,0.22158508667775145,0.03611928923698073,0.24507281466480477,0.31305928993649734,0.8510299393019544,0.28797202465734917
2,2,0,1,0,4.840431734649098,0.06622538321636945,8.723562731399957,0.013988296723235562,4.470083856026097,5.225700706022647,0.3957039780966737,125.44615654932511,15042001264.313782,0.0,0.19056642336934743,0.28813183288318533,0.26625981830791573,0.19229168053456422,2594108.5813863645,0.035447145422682146,0.20567564837717567,0.03388279626754192,0.28813183288318533,0.34728038588809274,1.0,0.28813183288318533
3,1,0,2,0,0.49792587899623475,0.07318953614286998,5.512848302806897,0.007671223843900492,2.474306136269511,5.8442029269154805,0.37172417219121034,127.35349541790917,16562059802.28225,0.0,0.23942649417187484,0.2885233409658438,0.2258340622045666,0.1597449139669097,3843640.393024828,0.025500511825908026,0.14605333657048525,0.024604402997568577,0.03550030428032445,0.33994027464676224,0.12304136005595148,0.2885233409658438
2,2,0,1,1,4.329627049241746,0.0892345407285611,8.680921746265497,0.012195628646680133,8.62922916359858,11.370462898968182,0.08073584151983647,100.60289600891225,19730762934.728947,0.0,0.196032332344249,0.28858003569195256,0.2615743843690521,0.18996083962830246,2751436.5418874407,0.03421057927902431,0.19712291355914602,0.03274929386789759,0.28858003569195256,0.36188414338887553,1.0,0.28858003569195256
3,1,0,2,0,2.4549340747195636,0.08458207510640921,8.163107830875266,0.03246918992493755,8.213225161861478,5.09947941146267,0.39261742299945973,84.48389632257619,16851562973.457342,0.0010286631576619278,0.19698539991991812,0.2886340442157177,0.2607529779397402,0.18744186993831655,2718376.640909757,0.03399605775222132,0.19561579168461107,0.032538478790980735,0.0640343134585736,0.41923240964619307,0.2218529475016329,0.2886340442157177
2,1,0,2,0,4.476748796981177,0.08130032302194427,2.4520856983297104,0.01327613549714681,5.345530494394355,9.134264059463893,0.11578073026811089,117.44046070679924,12905054955.695454,0.0,0.1865181218046325,0.28863772672787125,0.27070752951313287,0.19247323393127883,2390071.9799263156,0.03664128326755185,0.21180161347818638,0.03506686933038946,0.28863772672787125,0.3484802414748313,1.0,0.28863772672787125
2,2,0,2,0,1.648849170561736,0.07594390594519032,9.440739281294533,0.007971020042127044,6.842554167025511,4.794717294531191,0.2852114471297332,86.08001640780613,18120691381.575554,0.0,0.27629482356365237,0.2886863276267815,0.20216104232136264,0.16199142940738046,7003514.665099145,0.02043454351622989,0.10243909059771439,0.020168697670659326,0.2886863276267815,0.34599296577033906,1.0,0.2886863276267815
4,0,1,3,1,3.9853102124686623,0.010801517749526235,7.230891841265765,0.08977438388615518,6.368245800747625,14.897190490249224,0.6063698407718543,87.36882345340557,12562909925.896784,0.001231647174077846,0.21492846707039248,0.28877991663760744,0.2453289397663923,0.16326097353698255,221555.42971853525,0.030093144343451072,0.16923578047854637,0.029022093373146585,0.28877991663760744,1.0163500537162526,1.0,0.28877991663760744
4,2,0,2,0,3.182281088534172,0.046921653860729946,6.726879104381636,0.07506183517184575,7.520476230649227,9.455470157241473,0.7140264093461332,105.39070248348985,15512471982.128109,0.0009494993599337349,0.19898464034884444,0.28888326616668736,0.25893963589836955,0.21276765748512752,3661163.4423397304,0.03352486751959009,0.19658870331210532,0.03263994817118363,0.28888326616668736,0.5684421574578059,1.0,0.28888326616668736
2,2,0,1,0,4.626430896563854,0.08423455110044852,8.484477684687302,0.0050433954640415266,7.948586859228751,1.5868247806068398,0.4141495144187667,89.35517136163419,19483140226.941723,0.0,0.25352402624611375,0.2889965344367535,0.2162016008527637,0.17427766965195338,4873254.24148535,0.02337156610564887,0.13504485392181298,0.022911625346936658,0.2889965344367535,0.34540693933630934,1.0,0.2889965344367535
3,1,0,2,0,0.6313739110943286,0.0466776113735359,1.0242898700604024,0.001738939014914416,0.9023503429851882,18.168587882020816,0.6333786041721736,125.74606113709034,14040867813.343447,0.0,0.20354569819258006,0.2890965821347612,0.25480077345426677,0.16541511392534244,626594.7548336096,0.03246171707644629,0.19437382196327135,0.031166912441777488,1.0,0.24082050374174557,40.83005193963945,0.2890965821347612
3,2,0,2,1,1.1022172323662225,0.051556984133955534,3.153754418801307,0.05158217930909446,3.098960620283072,4.911128985755234,0.3520110473086324,99.33609915533717,13858011509.46074,0.0007595362572786974,0.23531273056035185,0.28921148092289,0.2292414540928233,0.17538781499627407,4060908.234884859,0.026275822137296,0.15387011354599645,0.025420788477628676,1.0,0.3895892807237349,110.51871474579671,0.28921148092289
3,1,0,2,0,2.831213092911129,0.03739006250300225,4.988223212292402,0.01161207445212046,5.933406914791192,12.87947272991737,0.36924635517761745,85.48777031442307,11677840127.4552,0.0,0.20024226563474457,0.28921753233505937,0.25805206127128205,0.16929437626031923,562746.9236481704,0.033295433163178755,0.19597996897602288,0.03205139980004754,0.28921753233505937,0.4902375385875012,1.0,0.28921753233505937
4,1,0,2,0,3.7793942519807553,0.05143563527106683,3.0333088250661073,0.015267253561547954,7.5758174930021855,9.183542722947257,0.10747403650375104,101.63789536281608,12584147142.244802,0.0,0.20030318770624256,0.28925634829442304,0.2585446877946024,0.178874046689906,1204153.9056889962,0.03342267779340421,0.18708633426543797,0.03204081330829939,0.28925634829442304,0.4045375787459754,1.0,0.28925634829442304
4,1,0,2,0,3.7793942519807553,0.05143563527106683,3.0333088250661073,0.015267253561547954,7.5758174930021855,9.183542722947257,0.10747403650375104,101.63789536281608,12584147142.244802,0.0,0.20030318770624256,0.28925634829442304,0.2585446877946024,0.178874046689906,1204153.9056889962,0.03342267779340421,0.18708633426543797,0.03204081330829939,0.28925634829442304,0.4045375787459754,1.0,0.28925634829442304
3,1,0,2,0,1.1671915925260472,0.06154905256575556,7.826963134442376,0.026610289869338135,2.602255335842622,4.801353778215907,0.5659917021924461,103.94968942537614,12478315975.492142,0.000923517958096587,0.2564297547875637,0.2893718951204062,0.21455416337313613,0.17034052346647657,4937010.394306642,0.023016744510373194,0.132444428309914,0.022545105301953666,0.02279508947938736,0.41184508690723115,0.0787743725765159,0.2893718951204062
5,2,1,3,2,0.6942462886359156,0.07289892768025247,4.525439009809299,0.00788157110950814,2.99989710029563,5.669454557580082,0.0700361171988119,116.50440857988806,19723569411.209312,0.0,0.20626159850621043,0.28946976475386793,0.25302644530291163,0.20895182596632633,4220262.870120549,0.03201119101131366,0.18613563503024688,0.031196647691341544,0.28946976475386793,0.388746449872362,1.0,0.28946976475386793
3,1,0,2,0,1.7145246814063193,0.025566843367095603,6.830498639574765,0.005401709744669219,1.1414033923933107,3.320559580169187,0.7771524215809152,108.40671826579417,11697934994.760498,0.0,0.24322842715661777,0.28948162347210626,0.22378265852206164,0.14900725990399102,937995.0312171001,0.025039339127600826,0.14446736196078758,0.02426524935862446,0.28948162347210626,0.3644115803447572,1.0,0.28948162347210626
3,0,1,0,0,4.696042754609611,0.04336612608284311,2.380234966041158,0.058426948186918966,1.7380785722277834,7.4234462906553755,0.4943276745442335,102.15476456965838,9633626677.171545,0.0008639421654426362,0.24596250073554016,0.28953278239137126,0.2218299604643681,0.14768234265372288,2374308.110159794,0.024604265679811554,0.1427771596674049,0.02342796250539937,1.0,0.44204176291387803,16.493116166112255,0.28953278239137126
3,1,0,2,1,1.9541963571334378,0.09091510624558317,5.827839668831403,0.006042472892028112,0.9510078642004702,4.993160134372533,0.3536566985806217,127.03452381583895,10832767048.070824,0.0,0.24742849546967455,0.28957562238452467,0.22090747403876881,0.1439507518556427,1254956.5412008907,0.024400056043094656,0.14015762968143053,0.023564511288352116,0.006813970471440304,0.3541470815876367,0.023530884317299675,0.28957562238452467
3,0,0,0,0,4.547575722812393,0.04317348599863499,2.2863735247215584,0.05826999315393675,2.1790599604699517,7.380748149347684,0.4582891161558966,102.36319896756753,9735756318.428791,0.0008643009775906848,0.2482521817622967,0.28961707933206415,0.2203936043820169,0.151534092357119,2414243.3771368847,0.024286670426248495,0.13892155906519033,0.02321643899258654,0.10942290880960832,0.42507864876231727,0.3778192538298064,0.28961707933206415
3,1,0,2,0,1.8594986598533012,0.08082094725406247,2.8214766737042094,0.02639585945396361,2.703044480445541,13.061559134510146,0.4693859472127883,115.85120157783368,19562746335.27597,0.001247772935589975,0.25423132423230693,0.28976399166698436,0.21642381460907706,0.17091165920605794,3951953.1337502217,0.02341963376497208,0.13318327044326028,0.022889279349024034,1.0,0.36956323832980004,19.17980498684722,0.28976399166698436
5,2,1,1,2,4.390222304714295,0.048443944417367275,9.71432450069947,0.00367252062206524,7.815045431166818,14.61408326054432,0.728306138135682,101.91321640741397,17530775782.717896,0.0,0.1902335694831479,0.2897793928267615,0.26763500879852575,0.1739706038015186,160614.0523312217,0.03581424896729348,0.216332701777476,0.03440195858795017,0.2897793928267615,0.4644681258333499,1.0,0.2897793928267615
4,0,1,3,1,3.454698023207204,0.02469259994636506,2.70990696385701,0.03962265660850841,6.153012347677083,15.593664483624536,0.14201735419342143,110.40425402121342,9090809011.981117,0.0012865815875553357,0.20680214104142702,0.28991973721453146,0.25288923096330473,0.1856962161760076,3164443.2727334234,0.03197648156860584,0.18696941170817805,0.030652940495705217,0.4947566890869015,0.43552513528375575,1.7065298618175733,0.28991973721453146
5,2,1,1,1,2.763411921660528,0.03280234687007596,6.1764339874948035,0.02175052460729937,8.904582068052727,18.706798321108742,0.6893431681527482,122.851659256482,10767940410.747744,0.0014022032528659119,0.2059468413879139,0.289953481512777,0.25389243641418585,0.19452341597740408,2402578.8765060883,0.0322306846341657,0.1842762389297753,0.03122956838457341,1.0,0.45949285663003486,33.679647357441866,0.289953481512777
2,1,0,1,0,0.12008174307640548,0.07138574918760188,8.149787779743543,0.009746671010871316,9.013996978088272,5.0598182573462385,0.21535720397424055,83.85592134993217,15643573236.822151,0.0,0.2002023818440822,0.28999615390488176,0.25877828438727757,0.17897962093470401,933309.2233376607,0.03348310023521135,0.19709456005779102,0.03227966603564386,0.28999615390488176,0.43250105509900877,1.0,0.28999615390488176
3,1,0,2,0,0.49471241096463353,0.07311791380264981,5.525008778082367,0.007654857693734629,2.4675905062789534,5.842108899066376,0.3712914809194811,127.3215250936197,16550585527.649546,0.0,0.24339986549779224,0.29027356769949014,0.22430409655190367,0.1595704477244628,4012472.1318181194,0.025156163864982862,0.14474027848739612,0.024300897113879876,0.01333874592922948,0.33992916373933807,0.04595232709248473,0.29027356769949014
3,1,0,2,0,0.9342363722115352,0.0603461364424807,7.258297443857316,0.028761192131997165,3.9801520936586985,4.317607457332963,0.37005882437763965,129.67193193884663,11391617166.014647,0.0005052463249559632,0.2614249404957771,0.29049872834611473,0.21211030221730087,0.1744799349053441,4923879.578449352,0.022495390153357355,0.1290020162413673,0.02208681856856527,0.018476496526836663,0.36824917533926854,0.06360267610129722,0.29049872834611473
3,1,0,2,0,0.48461221234505236,0.07137490999791267,9.708815386597065,0.013206070483418757,2.1805033999907892,10.997741967856381,0.5506423014068454,122.75102560157478,18090974536.675297,0.0,0.19752955006143805,0.2905717654203052,0.2617197529659593,0.17053952348555923,379575.784342,0.03424861454628138,0.20206009198991315,0.032850318871438154,0.2905717654203052,0.4327965545097645,1.0,0.2905717654203052
5,2,1,1,1,1.3000212633015655,0.03672575064045985,6.573888269943168,0.012199301333500001,8.791376589407204,3.4240848191338715,0.11183806831719183,118.81483795198398,11900061885.292166,0.0,0.19379276120149377,0.2906250223894449,0.2655196562978591,0.1817973629066778,1008193.8182205986,0.035250343940266625,0.20321162713462104,0.03393161422683197,0.007061109698514218,0.48449813063186725,0.024296289563987206,0.2906250223894449
2,2,0,1,0,3.0728251585212485,0.05553990813020829,8.198756040978642,0.03006020048121664,9.796091510784994,11.721919318003135,0.3319516434865409,103.78370358545409,15544959638.25586,0.001423987822484857,0.1968733841934863,0.290668829572472,0.26291792912727907,0.1855119547860453,2498377.4541740934,0.034562918728288476,0.19446057112153747,0.03314820006564234,0.290668829572472,0.451665122404425,1.0,0.290668829572472
2,1,0,2,0,2.2141779077076755,0.09842327444820209,4.5661107118061794,0.03941021443948734,1.193093196016847,1.2956567204057048,0.22949486975077027,85.41822554903432,16837415533.32043,0.0010336219295875434,0.19734906618080006,0.2906999155934413,0.2617986988010592,0.20540475404917027,3508871.682182848,0.03426927934696387,0.205996620509312,0.033191803455782674,0.2906999155934413,0.5292226325328012,1.0,0.2906999155934413
3,1,0,2,0,4.507934572236571,0.08109574841057704,5.525653209498741,0.015787036653119944,0.5866589663343014,8.824189318955042,0.10542924160008191,125.81376169926966,12815088026.154425,0.0,0.19419977438304314,0.2908315228071531,0.26496938383699503,0.1708498216007058,398952.7971782256,0.035104387185478404,0.2089720209023136,0.03355640681040352,0.2908315228071531,0.4332173856835016,1.0,0.2908315228071531
3,1,0,2,0,1.5334645046376656,0.0493840712352278,2.190768347593637,0.009831786857836557,5.4739092178828885,1.0549095120604335,0.3644655024435766,118.57663311962183,14801759806.292244,0.0,0.19302155567454055,0.2909638715645052,0.26650944346266514,0.1931478990912886,2545481.1824558005,0.03551364172738976,0.20569278353297704,0.03411198911567304,0.2909638715645052,0.3543327829178876,1.0,0.2909638715645052
3,1,0,2,0,3.263835940504791,0.03963447970342655,2.4704795581180794,0.020470069612154754,2.483897605430842,4.587340664143199,0.28506144107893727,127.3585868874344,12648769256.003721,0.0008340025541272139,0.2367049060179497,0.2909667944052226,0.22960626287429023,0.16077175260353888,1390218.8961237343,0.026359517975548835,0.15442736705533777,0.025565348595297025,0.2909667944052226,0.5484586072225724,1.0,0.2909667944052226
4,2,1,1,0,2.6676013686172455,0.09687550728798207,5.306003658045454,0.054927259892232,1.1727137594674415,6.3570852667346855,0.36350226950297077,83.10900658194667,9998676022.316957,0.000707803850065291,0.2546304033713417,0.29102729068081434,0.217175837453893,0.17612357384090752,3576022.9312088857,0.023582672186899873,0.13304557502069192,0.022958203877844877,1.0,0.4413355844785423,8.203556413532572,0.29102729068081434
3,1,0,2,0,0.23162435499300474,0.07176693800808673,8.207039983148281,0.00972879640825168,2.4214233162803134,3.028112717901957,0.513944710695519,91.01672512155325,13731198010.209053,0.0,0.20167735788753557,0.29118235874560955,0.25867329455105464,0.17704814817417922,2571418.0689192372,0.033455936656948335,0.19347660073443873,0.03193927329215944,0.007112146059222243,0.34738429744283644,0.02442505820016296,0.29118235874560955
3,1,0,2,0,2.2836487520523994,0.06934836488079384,8.891906570950566,0.014340364629778614,9.839949746095508,6.405888075727042,0.03286912349077685,111.82342501055169,13076135590.321758,0.0,0.18955913573281438,0.2912260888686284,0.2696879673136583,0.17817232333257083,614210.0548756239,0.036365799856886406,0.2181639499455693,0.03481364590695533,0.2912260888686284,0.46610116842604865,1.0,0.2912260888686284
3,1,0,2,0,0.23116488765677304,0.07178396838704114,8.207356537964262,0.009743725106743172,2.422292357238476,3.025981396876232,0.513929814337066,90.99539207849939,13728936888.307138,0.0,0.20178876984057587,0.2913158778548605,0.25869311445656384,0.1770110973048727,2571783.0766436867,0.033461063733618415,0.19345360729736416,0.031943829630077934,0.2913158778548605,0.34738206533673116,1.0,0.2913158778548605
3,1,0,2,0,4.6665833439874485,0.06824484265845729,6.112695796120931,0.014164694023505606,9.635711640526067,6.629617693149847,0.09847079558638992,127.89841272308608,11205995652.268145,0.0,0.19869755496920716,0.29141117590232773,0.2618839579757814,0.17845490546914083,1480577.7697675924,0.034291603722530414,0.19301437743811145,0.03267373529567716,0.29141117590232773,0.3977841432677596,1.0,0.29141117590232773
4,2,1,1,0,2.6352047423262195,0.06132860230807314,3.9096753275968967,0.04655536081727051,0.3551930364745054,8.788660275918904,0.5160070348806153,65.99335854281497,13996296658.768526,0.0014153042062186965,0.23080655511534995,0.2914449606614943,0.2358409297527995,0.1947933186225951,3786144.3241006383,0.02781047207333245,0.13715345356100184,0.027097621257610453,1.0,0.5341983670476188,126.12975567228433,0.2914449606614943
1,1,0,2,0,4.808826568006153,0.07657462659437851,4.075274354931656,0.05094035603336428,7.317596300669445,8.337841111085845,0.0652442366064656,73.22810226762464,14516009573.943771,0.0014370162196740651,0.19938370910597103,0.291542360226609,0.26140864555361204,0.17797181967678738,2034404.366952517,0.03416723998508699,0.19154390073743943,0.032796088978339896,0.030803464212605016,0.3883248071539914,0.1056569075885309,0.291542360226609
3,1,0,2,0,0.5314741524005826,0.019749351585954894,7.762576182095733,0.005729351984737243,6.564611055582802,3.687447899389378,0.8170694477877957,120.28083067945813,12579743431.624325,0.0,0.2368322800834063,0.2916003440290259,0.23002238945184622,0.17382312817113313,4262743.544798475,0.026455149824568407,0.15490081396275412,0.025648503232827784,0.2916003440290259,0.3280786729695767,1.0,0.2916003440290259
3,1,0,2,0,0.5314741524005826,0.019749351585954894,7.762576182095733,0.005729351984737243,6.564611055582802,3.687447899389378,0.8170694477877957,120.28083067945813,12579743431.624325,0.0,0.2368322800834063,0.2916003440290259,0.23002238945184622,0.17382312817113313,4262743.544798475,0.026455149824568407,0.15490081396275412,0.025648503232827784,0.001468090099311995,0.3280786729695767,0.005034596595557724,0.2916003440290259
5,2,1,1,1,2.7854717816258168,0.03280234687007596,6.1764339874948035,0.02175052460729937,8.904582068052727,16.97037016582643,0.7310967849036101,123.66672651764281,10512446983.11509,0.0014022032528659119,0.20666398698842262,0.29160400515222723,0.2546918993385409,0.19520982372042556,2246507.215617001,0.032433981794336736,0.18559441475514338,0.03140280952152117,1.0,0.4594981391436528,33.656784459219104,0.29160400515222723
4,0,1,3,0,0.7104802872321424,0.024341943481625425,6.590940044563014,0.07857214118846369,4.113640377409191,9.48065836813313,0.3051115420795194,87.33543515179218,11059884910.360012,0.0013863043536888732,0.21416547539971914,0.29164932782225095,0.2479357732170057,0.16446603674275595,214618.12635440278,0.03073607382035724,0.18184177099446652,0.029652083924837286,0.21406648022512734,0.9860941311612368,0.7339858515140917,0.29164932782225095
3,1,1,2,1,3.3146988482290616,0.03810307831597257,5.668832060077189,0.015252566580169578,2.1644627153632205,14.174298344148083,0.32121951703025636,94.87424225779813,18946367886.550034,0.0,0.19791972769998167,0.29167501959444775,0.2623779461789674,0.17103284065005145,546392.5927114218,0.03442109332054656,0.20242888090624234,0.03306518503764133,0.4985069181616627,0.48582706866895325,1.7091176298018227,0.29167501959444775
3,1,0,2,0,2.8466763286254104,0.08203442259239967,8.0990873834062,0.01866755050900028,2.8581517321501058,4.243146822888168,0.6498970626730934,114.22281147991463,17759688317.315636,0.0,0.19090836751155704,0.2918797774390141,0.2690435382175132,0.17561132504032465,510460.7338510575,0.03619221272829925,0.21585541970855338,0.034513676578756626,0.2918797774390141,0.4379864124443503,1.0,0.2918797774390141
3,1,0,2,0,2.8466763286254104,0.08203442259239967,8.0990873834062,0.01866755050900028,2.8581517321501058,4.243146822888168,0.6498970626730934,114.22281147991463,17759688317.315636,0.0,0.19090836751155704,0.2918797774390141,0.2690435382175132,0.17561132504032465,510460.7338510575,0.03619221272829925,0.21585541970855338,0.034513676578756626,0.06399993588815579,0.4379864124443503,0.21926813995028505,0.2918797774390141
3,1,0,2,0,2.8466763286254104,0.08203442259239967,8.0990873834062,0.01866755050900028,2.8581517321501058,4.243146822888168,0.6498970626730934,114.22281147991463,17759688317.315636,0.0,0.19090836751155704,0.2918797774390141,0.2690435382175132,0.17561132504032465,510460.7338510575,0.03619221272829925,0.21585541970855338,0.034513676578756626,0.06399993588815579,0.4379864124443503,0.21926813995028505,0.2918797774390141
3,1,0,2,0,2.6829382482009474,0.03422989930333895,6.975094644766724,0.0535695044053107,5.271323420035718,10.144229263663789,0.6476924585391765,97.91443639900692,11239957682.443914,0.000993362412083508,0.22052313958037773,0.29189518754983956,0.24304423889454357,0.1796526425257973,2806051.9049956724,0.029535251029913986,0.17160787442223202,0.028317625774631195,0.29189518754983956,0.42318378148580466,1.0,0.29189518754983956
3,1,0,3,0,4.9891265304725945,0.09580855041796557,6.612956090789674,0.012095565512113663,1.0917696328615278,12.649890710780145,0.1602882096660264,96.70124613222899,19204124701.450577,0.0,0.2582205451805376,0.2919607377791752,0.2165108068795422,0.18458946528078873,7122909.569081687,0.023438464747815208,0.11281071849246849,0.02311738708063056,0.2919607377791752,0.439887240896179,1.0,0.2919607377791752
4,2,0,2,1,1.229961141073694,0.04178622042597676,6.841627948288575,0.07000198626315744,3.052146270792022,6.477887851714508,0.4497700594437558,100.53366379083027,12011104848.57099,0.001125391366189047,0.19465201285227662,0.2921392835327023,0.26713961538819697,0.21499850062260292,3861381.967657397,0.03568178705487691,0.1856538083322764,0.034511527189067165,0.5645065110310126,0.5652601866375415,1.9323197626991555,0.2921392835327023
3,1,0,2,0,1.8438568704711191,0.058697697314775754,2.2917410050232148,0.020932221932951207,6.959194229913061,2.38985360721659,0.49202005157095036,126.74114638246371,10839365275.397724,0.0005552134601553222,0.20787811664179348,0.29220964753835915,0.2542065478003361,0.18830239807349403,2768365.7213713787,0.032310484472282276,0.1838411257938426,0.03112811545351645,0.29220964753835915,0.3378503248890086,1.0,0.29220964753835915
3,1,1,2,1,2.049489260574179,0.07364739670080478,5.142027029554971,0.013927771262289158,4.901897988584064,9.906754508232776,0.021772896704152462,117.88474669607187,14278325481.247044,0.0,0.19496217009527672,0.29224973778316315,0.26550965043041846,0.17123025511604795,350536.59900996415,0.03524768723584151,0.21014676008376132,0.033690798639731775,0.29224973778316315,0.43697104089818256,1.0,0.29224973778316315
3,1,0,2,0,0.8606252278850507,0.035251984001299495,7.916458660258858,0.015259549018959446,1.6376081168991843,7.5837149940139925,0.21321208957336893,83.11030014235124,13841598498.146027,0.0,0.1907937928270882,0.292365011271864,0.2698032946311329,0.18234654444355672,949881.8187450612,0.03639690889690696,0.21316931402066108,0.034941910065848174,0.9409728896917233,0.48673553503554495,3.2184866636340854,0.292365011271864
3,1,0,3,0,2.1814090484471547,0.03228765339270206,7.4671467860910035,0.0771080125600926,6.400146454322264,7.353285821080855,0.07056851667024294,82.6637231817555,15849056585.809092,0.0007063242253812936,0.2650441408388819,0.29245726989172266,0.21132634931365615,0.16997174153351496,4978632.767374685,0.02232941295711871,0.12585804482931295,0.02189841346265058,1.0,0.45120765625407505,8.590914704500571,0.29245726989172266
3,2,0,0,0,1.1381029844790747,0.07916739116524045,7.954046042921624,0.04375548218220511,2.04933963655024,6.2276200602131215,0.27466142621252143,116.54574579909705,12161411935.175375,0.0005830971387910772,0.2618512099598022,0.292611816072617,0.2133649669098114,0.17363939576202725,4641564.284221019,0.02276230455221246,0.131443587828161,0.022252699395375896,1.0,0.41007735035283616,3.8481355510436606,0.292611816072617
4,2,1,1,0,2.9716349594940774,0.0546258305852393,2.8259395381584076,0.06434587844506545,0.9909805075149002,12.166638156244337,0.5583935246990593,113.0659691722844,9021691186.677689,0.0006066211116023907,0.25000179540703465,0.29261499627723475,0.22145750714337142,0.17267199613910914,3816110.5782672586,0.024521713735078204,0.14089165867381104,0.023851782492154076,1.0,0.3550884444844967,9.06346994761589,0.29261499627723475
3,1,0,3,0,4.7625881085720305,0.05906805835298168,6.137502815064853,0.002021536034953065,5.8503551936843845,6.531139128356158,0.5478150290215208,114.6263433669469,13636227680.644709,0.0,0.2027225962900287,0.29290994603767734,0.2588425051710604,0.19657145938818368,2281447.425847095,0.03349972124161522,0.20138179093831954,0.03231020050332035,0.11995783584521622,0.3941956826045425,0.4095382811950875,0.29290994603767734
3,1,0,2,0,3.6359993688707855,0.07411778922686307,6.871428573284505,0.013906303556700392,4.522135098067877,6.5505645539433175,0.5106435881549465,73.56663572684032,15525352365.111246,0.0,0.19073417344573668,0.2931958330401215,0.27034078724546323,0.1764965790377038,424153.33950287587,0.036542070624248406,0.2192656023108175,0.034884529969296474,0.23380409080399653,0.44187021719784214,0.7974331980768715,0.2931958330401215
2,2,0,1,0,4.381086820427406,0.09855594232480928,6.522988819641578,0.01501439181370023,7.881681639146619,7.67747140010582,0.06208082026398134,95.52587604752382,18872465911.142693,0.0,0.196267721819255,0.2934883638626577,0.26572862382303,0.19228381880873616,2575468.394069821,0.035305850759440684,0.2041336333328122,0.03372145620186227,0.13524408835541235,0.37141237279889083,0.4608158448786129,0.2934883638626577
2,2,0,1,0,4.381086820427406,0.09855594232480928,6.522988819641578,0.01501439181370023,7.881681639146619,7.67747140010582,0.06208082026398134,95.52587604752382,18872465911.142693,0.0,0.196267721819255,0.2934883638626577,0.26572862382303,0.19228381880873616,2575468.394069821,0.035305850759440684,0.2041336333328122,0.03372145620186227,0.13524408835541235,0.37141237279889083,0.4608158448786129,0.2934883638626577
4,2,1,1,0,2.0819963906673773,0.04079172996947811,6.663749378553696,0.08422505488439805,3.0858762327535953,1.1529919522764231,0.8218283576043783,84.97368184028731,12844195522.598362,0.0011844404228319397,0.23990886265917052,0.29352428738871145,0.2292729586825831,0.1785849749185634,4443708.426496013,0.02628304479153273,0.15385879441530192,0.025440361931601613,0.45487220238966714,0.4695952070762919,1.5496918719618051,0.29352428738871145
3,1,0,2,0,4.633639033870034,0.06919555571831555,6.175889065208022,0.013924208050432686,9.627482484954752,6.627805134497734,0.11138041054242326,127.89480940437001,11248548201.32297,0.0,0.19945000464782292,0.2936035820312511,0.2631347578945221,0.17864283781190984,1476713.873001955,0.03461995040610439,0.1950198165109731,0.032957690191441305,0.08948953656550135,0.398237641599315,0.3047971552199118,0.2936035820312511
2,1,0,2,0,2.215189780699999,0.09786561672535532,2.8181022611402535,0.03838008048224584,3.9098587667749536,1.0919944239317374,0.2249322634220682,85.35378514875786,16788241386.99917,0.001037314800228533,0.2369549442587163,0.2936710317021034,0.23208962201276537,0.17742789368433778,3540415.6198787913,0.026932796323014152,0.1483082661999091,0.026134332311442448,0.4926004603191934,0.3597665422561581,1.6773886667135824,0.2936710317021034
2,2,0,1,0,4.86124901144928,0.08673457038350346,8.353947740804628,0.011601350284944158,9.29289128853027,11.727475919600268,0.32643264197583544,108.63187650664727,14894696708.916845,0.0,0.18331197717140837,0.29368016916062073,0.2784841530592189,0.19696051094875014,2291235.07192644,0.03877671175255523,0.22666259519937815,0.036933968400581184,0.29368016916062073,0.3613323975762085,1.0,0.29368016916062073
3,1,0,2,0,0.5128879202467175,0.04034080551174213,7.125089265339685,0.015821213560929394,0.4874770694646692,1.8767695483759688,0.7425270864933352,107.38113428380167,10921469038.689869,0.0,0.282594541522113,0.294035831844521,0.2013878927381248,0.16437433277349206,5643715.6911202315,0.02027854167075123,0.11618860611023163,0.01997898994474709,0.294035831844521,0.3107656627334018,1.0,0.294035831844521
3,1,0,2,0,0.5128879202467175,0.04034080551174213,7.125089265339685,0.015821213560929394,0.4874770694646692,1.8767695483759688,0.7425270864933352,107.38113428380167,10921469038.689869,0.0,0.282594541522113,0.294035831844521,0.2013878927381248,0.16437433277349206,5643715.6911202315,0.02027854167075123,0.11618860611023163,0.01997898994474709,0.017457688530399543,0.3107656627334018,0.05937265679793321,0.294035831844521
3,1,0,2,0,0.5128879202467175,0.04034080551174213,7.125089265339685,0.015821213560929394,0.4874770694646692,1.8767695483759688,0.7425270864933352,107.38113428380167,10921469038.689869,0.0,0.282594541522113,0.294035831844521,0.2013878927381248,0.16437433277349206,5643715.6911202315,0.02027854167075123,0.11618860611023163,0.01997898994474709,0.017457688530399543,0.3107656627334018,0.05937265679793321,0.294035831844521
1,2,0,0,0,0.27480525915245085,0.07153767298087679,5.064010643561032,0.023992021453069903,1.3334491354344291,6.360169754266901,0.23949955079138452,118.29468854076036,11525905010.071295,0.0005872957631894638,0.231600630271878,0.2943422289896824,0.23614744848204705,0.16357979330663458,1890671.102090961,0.027882808712290534,0.16421363909313402,0.02691340278114231,0.12145554376892495,0.5091379882597294,0.4126337705120197,0.2943422289896824
4,2,1,1,0,2.4451236804172534,0.07590745773023325,4.0427176847391735,0.021006596615130678,7.3639277746551315,6.796797560348727,0.4685213168722362,89.46630096540568,12112262727.9931,0.0006417784602923368,0.2536878711762274,0.2947538058206529,0.22056162128529136,0.14371243099267025,1000792.0784906588,0.024323714391998146,0.1393042064256661,0.023520213041531617,0.2947538058206529,0.48657704374935784,1.0,0.2947538058206529
3,1,1,2,0,0.9597672635692723,0.060443556090391946,9.748309298729124,0.020532204447139574,1.835314977210943,4.208481917621781,0.7794473952008584,99.89855884723545,11284687035.938404,0.0005945514113035459,0.2725012968472231,0.2947812733599942,0.21018432423004832,0.1748532013459688,7734915.56592081,0.022088725076021037,0.0890583063227911,0.021799051560398755,0.2947812733599942,0.39559805963872186,1.0,0.2947812733599942
3,0,0,2,0,0.45289231657801565,0.08699422543849344,2.4361892365249656,0.00876123693449601,0.30461554739001395,6.8772859342372135,0.5952564572918718,117.66333521907337,11778647105.047665,0.0,0.27493531044420483,0.2947842521378999,0.20661239307091922,0.17721271479528083,5276672.923324249,0.021344340485246017,0.12244450434734178,0.021045125157510537,0.2947842521378999,0.36271483641581725,1.0,0.2947842521378999
1,2,1,1,1,0.24260604112580034,0.04715270765155045,2.6505825188105137,0.07609766537047963,1.0640462257111971,5.83814252064097,0.06698538923057827,83.23715267916685,10731592539.956398,0.0013877277068110865,0.2255772166980436,0.29493255955374,0.24202300979216648,0.16492317450627864,1699574.7207874728,0.029287568634429554,0.1601236304838607,0.02817750088993868,0.29493255955374,0.43521153214367486,1.0,0.29493255955374
1,2,1,1,1,0.24385117645840346,0.046968136657175794,2.64989664748519,0.07612463007245156,1.0513107893908495,5.868809294469179,0.06811882935014521,83.26905491844607,10724937286.186558,0.0013891282233801424,0.2126016624964455,0.2949695475445258,0.25377234839041407,0.22090827164762206,6010097.803877045,0.03220020240379285,0.1590461206557071,0.03156444175603864,1.0,0.5760356397463345,3.8804578886673577,0.2949695475445258
2,2,0,1,0,3.7507715952974707,0.06460439210526865,6.314094287064846,0.02156329192657866,9.803787911964196,5.252048048700741,0.12448940487108233,100.5135526994775,17538568093.34157,0.000563101923817162,0.24280833473117883,0.2950040142721004,0.22841094962129851,0.15460631550844597,1209740.2212041775,0.02608578095345168,0.15087414290974666,0.025231695306937835,0.008434321541347652,0.4891632759015874,0.02859053142771189,0.2950040142721004
1,1,0,2,0,4.330586504721949,0.08487192846892361,6.031045113998707,0.026356909027745394,9.755440107356058,11.977107440584007,0.022986284761818437,97.8709135815894,14578292751.200727,0.0014562510001067009,0.20593478209243987,0.2950170732245758,0.2585565560771906,0.17389561772249038,2012614.3856113823,0.0334257463452487,0.18674605322157067,0.03209533014501442,0.2950170732245758,0.4112179747036317,1.0,0.2950170732245758
3,1,0,2,0,0.1806443905105218,0.007149678533115271,4.889997853909267,0.003937218059800483,0.5586436347258491,1.8231021321320735,0.665592459979356,118.54610499260092,10076557794.388361,0.0,0.20729734926854812,0.29502433633692676,0.256815574926279,0.1671485415035823,10584.016898626129,0.032977119762357614,0.19416796844896178,0.03182577322807588,0.29502433633692676,0.7016347943153166,1.0,0.29502433633692676
3,1,0,2,0,2.837252994817896,0.0646174976048968,3.6758402952463305,0.027848850007010578,9.493920947579305,7.517215104327113,0.8120968712160823,113.46482689193309,14044434671.002073,0.0008355732859653408,0.19539914894545404,0.2951158328886791,0.26806839651101116,0.19044184275732576,2356162.9439247567,0.035930332603992345,0.20671229920856193,0.03450746886276229,0.030327319922019886,0.36235464946769463,0.10276412358214505,0.2951158328886791
3,1,0,2,0,2.837252994817896,0.0646174976048968,3.6758402952463305,0.027848850007010578,9.493920947579305,7.517215104327113,0.8120968712160823,113.46482689193309,14044434671.002073,0.0008355732859653408,0.19539914894545404,0.2951158328886791,0.26806839651101116,0.19044184275732576,2356162.9439247567,0.035930332603992345,0.20671229920856193,0.03450746886276229,0.030327319922019886,0.36235464946769463,0.10276412358214505,0.2951158328886791
3,1,0,2,0,2.835725198313123,0.06461760973533984,3.6737058165802434,0.027871194084791447,9.497002171115321,7.521623186544175,0.8121199440215526,113.47326262141414,14041713110.58694,0.0008352890838961643,0.1955843143211928,0.295256511955021,0.26801843591859503,0.1904294826463639,2360014.532803583,0.03591694099612502,0.20664034486569216,0.03449499443477741,0.015171597383773805,0.36228168290218893,0.05138446323610646,0.295256511955021
3,1,0,2,0,2.835725198313123,0.06461760973533984,3.6737058165802434,0.027871194084791447,9.497002171115321,7.521623186544175,0.8121199440215526,113.47326262141414,14041713110.58694,0.0008352890838961643,0.1955843143211928,0.295256511955021,0.26801843591859503,0.1904294826463639,2360014.532803583,0.03591694099612502,0.20664034486569216,0.03449499443477741,0.015171597383773805,0.36228168290218893,0.05138446323610646,0.295256511955021
4,2,1,1,0,4.797768572785992,0.029062092355971313,2.6673859710012287,0.03242381688588774,5.3388250166107944,1.241702079174377,0.7660027341497435,98.68675265634438,19449056457.13168,0.000633235448315623,0.19250430226690252,0.29527834156714416,0.27055462413507086,0.19616640411408678,2555944.511568412,0.03659990232043473,0.21888596287020357,0.03502051103873461,0.29527834156714416,0.3646486811312307,1.0,0.29527834156714416
2,2,1,1,2,1.777640048475726,0.02632046980481739,9.09951144710262,0.01581039116635913,2.39871078159754,2.764240155322237,0.31323388316997364,117.40286248390515,13805379483.207617,0.0,0.28290319167957606,0.29529072646686777,0.20228761695188766,0.174068445148512,6631189.164351597,0.020460139986036813,0.11369214069959888,0.02023279874204305,0.7497522277398788,0.3501528448892345,2.5390307264661174,0.29529072646686777
2,2,0,1,0,4.345405493039546,0.09950270835629241,6.298077304311568,0.016784752831912657,8.07753123089465,7.565874478679383,0.06238572651378693,96.18794322591704,18978138027.026947,0.0,0.2000778440716231,0.29529489529433944,0.263837585101869,0.19282643523884174,2599266.1485377667,0.03480513565619299,0.20018293989798808,0.03334131432072334,0.29529489529433944,0.39098489135765374,1.0,0.29529489529433944
3,1,0,2,0,1.08934713827885,0.061789357504084035,7.575372568913003,0.026491561901564216,2.6966416580730286,4.771608979474424,0.5781572737047923,103.63600952843156,12064062308.468773,0.0009387287988337648,0.26050058963728784,0.29535166700624,0.21631911057622588,0.17241559294375905,5026556.823118505,0.02339697880024472,0.13508786975533882,0.02292014030538615,0.29535166700624,0.40561940564628196,1.0,0.29535166700624
3,1,0,2,0,2.835823286467878,0.06458843067673241,3.6703201709978828,0.027854596371829406,9.497224793866062,7.5239934680713025,0.8121685313425727,113.46040605858454,14046083830.095573,0.0008351664340593443,0.19558774036220292,0.2953610239779292,0.2681085452824252,0.19047485314222304,2358359.127512179,0.03594109602672913,0.20679088387343303,0.03451735023119377,0.030357465405329097,0.36219835926722055,0.10278087811476966,0.2953610239779292
2,1,0,1,0,2.1598115467492667,0.050541372300016256,4.504030031491363,0.009862276581782516,8.138759253230445,2.7768820705639543,0.4481189173648613,85.23786205937681,12008086402.382154,0.0,0.2517172185223081,0.2954150021421828,0.222315974520733,0.1781635249131523,4761564.565645489,0.024712196263551603,0.1438086277991788,0.024140081151597513,0.20900338043556718,0.3468524073138434,0.707490746644526,0.2954150021421828
2,2,1,1,1,1.0407094541504678,0.0738734708357224,7.572710442013749,0.061402126811792204,3.8422210917691664,1.3292594079693005,0.7608045077537752,78.64938740201457,9383945058.666492,0.0013551235895480841,0.2599163247460702,0.2954833798682422,0.21677495902278082,0.1869164534030005,5280007.396826625,0.023495691429664154,0.1363036166841599,0.0231064212057688,0.4143215811703007,0.45084262160897504,1.402182354063532,0.2954833798682422
2,2,0,2,0,1.1416861629484036,0.066541045843836,6.9694460798496785,0.01673035811038683,3.272505595758192,7.552284806986078,0.470883817658751,92.51252272957107,16889311903.908838,0.0,0.19681237561121934,0.2954851086703535,0.26662351743136226,0.17566175452326596,695595.7089715688,0.03554405002373597,0.21268509204157693,0.03387156699618173,0.2954851086703535,0.44553448233030957,1.0,0.2954851086703535
4,2,1,1,0,1.453336408000594,0.056905258406890764,7.002662482828698,0.030846641401243196,7.12104336600909,2.0835731304609917,0.5934807854923351,74.82692763839192,10350170605.193983,0.0011779705994300939,0.22179161537149006,0.29563559891671765,0.24527366431237835,0.17609532800480707,3234146.4854909037,0.03007958520261063,0.1720641696010936,0.02892706798551894,0.14673083783851132,0.4352312174686087,0.49632330604355357,0.29563559891671765
2,2,1,1,2,2.6353080609054764,0.017146221910689652,6.883811937422952,0.016983252937359555,2.2611811663200667,3.419603834280224,0.2980419676451048,122.10373218075465,11149579736.31112,0.0,0.24601919336504474,0.29564217687672806,0.22680288949747762,0.15529485094777296,151159.10081714156,0.025719775342202524,0.14466072310522426,0.02505831539932805,0.366002003904754,0.3710982681866062,1.23798981515876,0.29564217687672806
2,2,1,1,2,2.6353080609054764,0.017146221910689652,6.883811937422952,0.016983252937359555,2.2611811663200667,3.419603834280224,0.2980419676451048,122.10373218075465,11149579736.31112,0.0,0.24601919336504474,0.29564217687672806,0.22680288949747762,0.15529485094777296,151159.10081714156,0.025719775342202524,0.14466072310522426,0.02505831539932805,0.29564217687672806,0.3710982681866062,1.0,0.29564217687672806
3,1,0,2,0,0.43963719148991653,0.027804462561826244,1.6153402233643261,0.04118350795113024,0.2732750561147367,3.5713704214453266,0.7688032771243527,112.77403246906206,10503301265.3227,0.0009658713556371192,0.2668958566527577,0.2957742353692497,0.21266062801865318,0.17998959684734167,6132454.45967687,0.022612271354643988,0.12602673862328684,0.022251377835228858,0.2957742353692497,0.41014464791194855,1.0,0.2957742353692497
2,1,1,1,0,4.793724519770459,0.05413306440340388,7.455554025233518,0.00962820516996703,9.733047390203804,17.14386970390894,0.45450404033165576,79.94585796024222,16144925970.917845,0.0,0.19172659468522393,0.2957868574749997,0.2722095105141497,0.19077270288461462,2481398.848545804,0.037049008807176494,0.21325292420943998,0.03538107281925002,0.2957868574749997,0.3586041895157903,1.0,0.2957868574749997
2,2,0,1,0,4.070539065833549,0.057852768627402365,5.030489541408871,0.02225741264219032,9.66573945319485,10.932848901651392,0.44237823134796606,91.16054042381933,17311829423.668083,0.0010902071713972802,0.20249698368003385,0.2958401358529714,0.26237301073262825,0.18840228642247386,2486042.5466998992,0.03441979838045193,0.1927103957296472,0.033050518963934954,0.2958401358529714,0.39177357998775597,1.0,0.2958401358529714
1,0,1,0,0,1.563853621169409,0.053867861134577595,7.658634198861567,0.06988676633536303,9.137534502158527,3.7819074415626233,0.23762906798117953,99.79831897282598,13691671353.78778,0.0005991575427216449,0.19812068239300043,0.2958552983615456,0.26678974996022853,0.19217183478232638,2225196.7967576357,0.035588385341920624,0.1928707705228626,0.0342771720985595,0.256171371141946,0.38112108941301476,0.8658671065234584,0.2958552983615456
2,1,0,1,0,2.1178794610287555,0.051993311149926426,4.196650863422332,0.00985711202238678,8.040898687939157,2.7373676297431366,0.4653714808986351,84.95173967832248,12025437527.330832,0.0,0.2526711823183917,0.29587658748640255,0.22200437116192373,0.17764311548860978,4805716.734801006,0.024642970407500596,0.1434054747715,0.024074861799655914,0.1567813290116099,0.34755117219955445,0.5298875803034433,0.29587658748640255
3,1,0,2,0,4.341101253292513,0.09587226432751828,4.150640781185773,0.028389271250342064,6.809632880111942,7.545543832647418,0.19211016046605975,111.73769155943809,11435397443.139572,0.0005882538047903633,0.19051911863296978,0.29613779540364216,0.2732752918886733,0.19219033131892774,1925303.8893636018,0.037339692578419785,0.22316186375301905,0.03568520592129012,0.16794048870990036,0.37608654103860123,0.5671025155063165,0.29613779540364216
4,2,1,1,0,2.1788775785996237,0.04079172996947811,6.663749378553696,0.08422505488439805,3.0858762327535953,1.1529919522764231,0.8218283576043783,84.97368184028731,19499880010.14606,0.0009948820078575441,0.22893127277541983,0.2961473668181915,0.2396890354379673,0.18304594360426907,3982262.638113133,0.02872541685459157,0.16928995323038076,0.02761278221585792,0.2961473668181915,0.45712068405824197,1.0,0.2961473668181915
4,2,1,1,0,1.3598802417900644,0.04370677885021437,1.4924133736013068,0.003552769522323574,4.2257757044456365,2.227817561682605,0.7763167446175723,106.3726123948323,19218020579.956627,0.0,0.23871759010560398,0.2962993424808508,0.23233531140660174,0.167878070772707,2765369.967880521,0.026989848463201304,0.1584327637930415,0.026113627538106362,0.08750265366913748,0.301805517734982,0.2953184200022063,0.2962993424808508
4,1,0,2,0,4.404163386325073,0.033834080217925014,1.8821111013390281,0.038139689552466105,4.657157486335825,13.495754784275048,0.3521257660416038,109.54183032622463,13315460304.037252,0.001152260850541521,0.2152435328677734,0.2963071856613708,0.25112330502448377,0.19034888624657487,2558318.2994101928,0.03153145716320995,0.18378408735646645,0.030515508331886553,1.0,0.3360147074074139,12.2581695087868,0.2963071856613708
3,1,0,2,0,3.5517438802718972,0.06498555868798223,4.379923506932979,0.017964143584615507,6.561498956266853,3.254949312437864,0.3582613582972639,129.5436539897743,9595227760.793734,0.0,0.1801197524889967,0.2963831934684079,0.28377031553441506,0.19103413337464215,824795.5098058259,0.04026279598925075,0.24581652106557916,0.03843192379507654,0.2963831934684079,0.4585420725178191,1.0,0.2963831934684079
2,1,0,2,0,1.7714046847249303,0.07501612241293162,1.0183001767471844,0.024394047284636716,0.13391339014146056,5.519527479687779,0.19961327632033102,114.11629350753903,17594036379.261337,0.001447978264721867,0.24793493281791437,0.2964676613463649,0.22788706127963376,0.18719997938225888,7514513.388215953,0.025966256349333774,0.11240818938354946,0.025489140511766532,0.2964676613463649,0.3690026182563579,1.0,0.2964676613463649
1,0,0,1,1,0.6163348207099419,0.04428979675484663,2.5017189987994755,0.07886344617527917,4.415658394410449,15.563867561476894,0.4954679498175297,72.64696327904089,12920299679.890947,0.0014170150625860672,0.20568043559216329,0.296469531645692,0.2617391976341694,0.22515167356212396,6310380.272371679,0.0342537037890894,0.1598371935065538,0.03344094628307798,0.296469531645692,0.61576547987285,1.0,0.296469531645692
3,2,0,2,0,3.060242286906961,0.04530015232185332,1.393874190119434,0.01952421746116569,6.046088877574128,7.24264174943704,0.36351747002409424,99.36175790660339,17530016472.88008,0.0007053232606524909,0.20117863029054195,0.29656942470432185,0.2639675991458607,0.19360196007853073,2570331.935230772,0.034839446699414904,0.20001327162783944,0.0335351231590006,0.29656942470432185,0.2715523761420607,1.0,0.29656942470432185
2,1,0,2,0,1.229386035933993,0.08931483396082257,2.9884412593983933,0.004286925420225589,7.515815346018368,7.042231067912264,0.20877550068165057,101.18051564669099,10272524971.884668,0.0,0.22977139239931463,0.29673907686072426,0.23979653398401232,0.17869344599043133,3524846.279874498,0.02875118885537279,0.16409975694809964,0.02778050050924692,0.29673907686072426,0.3427996597709539,1.0,0.29673907686072426
3,1,0,2,0,1.2417859820501393,0.02790948486740128,1.1413098524863714,0.012382902430793631,1.6081776011213926,1.0863688876797322,0.841629520242483,123.95225519915674,15587672956.359797,0.0,0.22252587518772146,0.29683452531768895,0.24551193103521796,0.1872709351052829,3312891.5130785294,0.030138054140320808,0.17534969675190382,0.029190560707455192,0.7200736106857574,0.2539379920248135,2.4258418386981577,0.29683452531768895
2,1,0,1,0,0.6801535995915365,0.06156885953916965,5.594862013916768,0.0031460161091512165,3.598631548910142,3.311319094324567,0.2036663874939242,74.7114573695373,9527178376.46273,0.0,0.27379646582261163,0.29686922851867026,0.20992068796352065,0.170714514464613,7440496.20453822,0.0220333476175389,0.10651949924667403,0.021725401394864927,0.23998721583656202,0.33079563166699844,0.8083937059898719,0.29686922851867026
2,2,0,1,1,4.532305755434683,0.0895430204800987,8.18848087769069,0.010031327219088726,8.493230689592908,12.121770715578357,0.1700771567505739,118.91079219436351,17361592056.354794,0.0,0.20243409741722515,0.2968927328658365,0.26313346191884246,0.19016611073900488,2795889.266508797,0.03461960939069746,0.19806467933366,0.033156253000951284,0.2968927328658365,0.3602340274048062,1.0,0.2968927328658365
3,1,0,2,0,1.7623677198291883,0.07528879067397364,5.295436764813648,0.034624174694221105,3.3894856730174685,12.451087750511883,0.0820608415216406,113.57684363079387,11450677187.175735,0.0014548925101884225,0.2678396587004913,0.29695108967257877,0.2127173910113002,0.17670600574969977,4873872.83206836,0.02262434421932719,0.1297606032350317,0.02224557759037846,0.8310662285759185,0.43277129075093135,2.7986636772145217,0.29695108967257877
3,1,0,2,0,1.7623677198291883,0.07528879067397364,5.295436764813648,0.034624174694221105,3.3894856730174685,12.451087750511883,0.0820608415216406,113.57684363079387,11450677187.175735,0.0014548925101884225,0.2678396587004913,0.29695108967257877,0.2127173910113002,0.17670600574969977,4873872.83206836,0.02262434421932719,0.1297606032350317,0.02224557759037846,0.29695108967257877,0.43277129075093135,1.0,0.29695108967257877
2,2,1,1,2,2.8460193785748276,0.016650047812126693,6.803899788174069,0.018238935497091602,2.366029195128912,3.2858404567117887,0.317085626641333,122.00046539113843,10954090116.066996,0.0,0.24605819374507418,0.29700630983489545,0.22786084799707187,0.15680608055003775,108387.89501399637,0.025960283024972348,0.14562405438312764,0.025310790318845703,0.29700630983489545,0.4530132047916918,1.0,0.29700630983489545
3,2,0,0,0,0.2383718144446693,0.07482958453903905,4.999225238461183,0.023014939254770755,1.272469824358426,6.292652370482748,0.2568324964122816,118.32439249415329,11281391169.77596,0.0006038720446025848,0.24053575067261307,0.29710164945595285,0.23162100822523982,0.15997927039880655,1568867.297822417,0.026824145725638304,0.1573510790752375,0.02594221150986295,0.29710164945595285,0.5112009154875401,1.0,0.29710164945595285
3,1,1,3,1,0.2895191743140116,0.07812610987972786,9.795955117173856,0.02329233576346643,3.836978181590941,2.2871510387479,0.06310124027093483,119.31926759259646,18176180621.71058,0.0006383629426197036,0.20810297341321582,0.2971048297497797,0.25811153606370313,0.19488315810278908,2957760.0939035905,0.03331078252458216,0.19220850937078415,0.03224681473906473,0.2971048297497797,0.5259592170574183,1.0,0.2971048297497797
4,2,1,3,0,2.226226619520008,0.029345908388258478,7.030414900250249,0.047629714639146434,0.29423444147635697,7.584864711396379,0.30100045845965745,105.0513774278044,11045688912.277193,0.001363777408601891,0.23721056943320448,0.29712757830994974,0.2374462479382246,0.21379225955097336,5969903.712685775,0.02819036032997042,0.10368108225528283,0.027788836077556164,0.29712757830994974,0.5361139846776948,1.0,0.29712757830994974
4,2,1,2,0,3.180250439311027,0.07211580390694575,8.21547479531523,0.03132427337160076,8.812504792944582,2.9490109742843567,0.6457337854242762,120.63812460224725,14971070293.695805,0.0011064866897789608,0.19586959805890458,0.2972201512716445,0.26931170037001906,0.18231236610741827,1873963.9166977867,0.036264395978095464,0.21239055334281343,0.034340745462272816,0.2972201512716445,0.4285048768699209,1.0,0.2972201512716445
4,2,1,2,0,3.180250439311027,0.07211580390694575,8.21547479531523,0.03132427337160076,8.812504792944582,2.9490109742843567,0.6457337854242762,120.63812460224725,14971070293.695805,0.0011064866897789608,0.19586959805890458,0.2972201512716445,0.26931170037001906,0.18231236610741827,1873963.9166977867,0.036264395978095464,0.21239055334281343,0.034340745462272816,0.2972201512716445,0.4285048768699209,1.0,0.2972201512716445
3,1,0,2,0,0.8729944219752234,0.04904385890605252,4.9320268041332,0.02273908196265946,1.5451695100402625,6.213299494271357,0.6567252596700287,108.57802416993522,11326704795.858934,0.0009010807476437008,0.26888755354280597,0.2972554594369331,0.212209002925681,0.1743595274240714,5397525.917655153,0.022516330461355843,0.13012261342863085,0.022113310589754326,0.2972554594369331,0.3847494449833871,1.0,0.2972554594369331
3,1,0,2,0,0.8729944219752234,0.04904385890605252,4.9320268041332,0.02273908196265946,1.5451695100402625,6.213299494271357,0.6567252596700287,108.57802416993522,11326704795.858934,0.0009010807476437008,0.26888755354280597,0.2972554594369331,0.212209002925681,0.1743595274240714,5397525.917655153,0.022516330461355843,0.13012261342863085,0.022113310589754326,0.24725730240404747,0.3847494449833871,0.8318007106493752,0.2972554594369331
3,1,0,2,0,4.5466943264337365,0.0648941964945504,4.952574803416653,0.018639038525097865,2.954928686476696,9.119758626951054,0.34778114947859595,102.89601796390673,12388678976.648355,0.0,0.22028570143584936,0.2973999033133292,0.24800069287990945,0.17801131228617714,2188366.430213495,0.03075217183445758,0.1756787302759386,0.029505783796264597,0.2973999033133292,0.38316100688908405,1.0,0.2973999033133292
3,1,0,3,0,3.1678665253897025,0.08563742210933538,4.5744063648798905,0.007717006255589106,5.73535499463496,4.27242322713512,0.3055919132843597,122.67711200288578,15420826577.684004,0.0,0.25895742477870604,0.2975509083319733,0.2194112926231871,0.13802024547326167,775788.2842803339,0.024070657665288916,0.13163454253460993,0.023206929739761736,0.2975509083319733,0.44855389228991843,1.0,0.2975509083319733
1,0,1,2,0,3.320740312979598,0.04633639318586546,9.99645844578478,0.06718687515189029,1.7502329802223802,3.021195452382689,0.4360337191140288,91.34475865277362,12614784065.385744,0.0010375232062292757,0.22665195098099464,0.29769318969129893,0.24311548359837365,0.2097058737597032,5240878.8027991485,0.029552569182635543,0.1675659441245313,0.02896438877674741,0.5583235249573429,0.7168022065684564,1.8754998242865808,0.29769318969129893
5,1,1,1,1,3.699079759798413,0.08774575380413699,3.263406714363411,0.03259008309013865,3.691626726882813,16.186387506615628,0.1042703646877967,108.2579470037842,14410832455.343508,0.0006623384716929212,0.21683479969360803,0.2979972175151504,0.25128114119008366,0.18763360380553126,3227283.8380862884,0.031571105958895375,0.18253702454388232,0.03038597055885055,1.0,0.3830957101292353,23.009730440515185,0.2979972175151504
2,2,0,2,0,1.648849170561736,0.07594390594519032,7.834239192305014,0.007971020042127044,6.3742122768781515,4.794717294531191,0.2920953410715451,86.08001640780613,18120691381.575554,0.0,0.27775665626554025,0.2984260207847104,0.2082490227284572,0.16579181912573235,6907022.554043683,0.021683827733678742,0.11030312982286195,0.021368986650012675,0.2984260207847104,0.3526826968727302,1.0,0.2984260207847104
3,1,0,0,0,3.7088316871653073,0.09692712932413025,5.697378918466584,0.022782323088778453,9.588909562559769,11.713945235578407,0.027744578189597885,124.08917671940375,19452113437.549526,0.0008331989144969275,0.21297964394976104,0.29845631630275615,0.25504687431977663,0.1865816740465147,2888389.5482000615,0.032524454050143974,0.18668191016981428,0.03139678395532462,0.29845631630275615,0.4050781722390826,1.0,0.29845631630275615
3,1,0,2,0,4.505436758743243,0.033388964109243274,3.085014573177221,0.031344377811504565,6.406191153042659,8.843632286438266,0.14057553624444327,123.51049181204314,13588911266.3487,0.0005242113081834828,0.19320924558358166,0.2985072659129425,0.27277708366753006,0.19188839545146266,2044643.8388387978,0.037203668687081345,0.2227220465703189,0.03554473218101207,0.2985072659129425,0.36313960894521774,1.0,0.2985072659129425
3,1,0,2,0,1.7787252799305246,0.09055931886009976,6.160506019570191,0.008092206337474098,0.876874472659678,4.672042954746033,0.341295440073518,126.76950809597449,10751716128.196453,0.0,0.24186316336243197,0.29853675175119965,0.2321297259079592,0.15988126619732812,1238516.0834597829,0.02694210482505213,0.15130878090881839,0.026135596637825328,0.023087583560110196,0.362126148714457,0.07733581686234522,0.29853675175119965
1,0,1,2,2,3.279208187431913,0.04730316319171253,9.903027300399605,0.06556012535886102,1.7629922071897686,3.414750982801995,0.43517260893932197,89.56313715091348,16271905590.731447,0.0011042689118696378,0.20572497070955603,0.29889890148372883,0.2621304721670861,0.19123038450861346,2521946.114201089,0.034356192219269756,0.1920633929470542,0.03311585815710146,1.0,0.5181822850656544,3.5152574280787743,0.29889890148372883
4,1,0,2,0,3.727758026964692,0.055182542609009615,3.527858293560387,0.042511258056951204,5.6745531033171215,6.321632793865518,0.2867328559978375,110.79714298360497,11207253335.470049,0.0009713791539163446,0.21393131349261357,0.29890147073588724,0.25421883774924464,0.18948614941859337,2341856.468634421,0.03231360873328839,0.19265376586727068,0.031297883100054234,0.27237201792808935,0.5522801350516047,0.9112434852110861,0.29890147073588724
4,1,0,2,0,3.727758026964692,0.055182542609009615,3.527858293560387,0.042511258056951204,5.6745531033171215,6.321632793865518,0.2867328559978375,110.79714298360497,11207253335.470049,0.0009713791539163446,0.21393131349261357,0.29890147073588724,0.25421883774924464,0.18948614941859337,2341856.468634421,0.03231360873328839,0.19265376586727068,0.031297883100054234,0.29890147073588724,0.5522801350516047,1.0,0.29890147073588724
4,2,1,1,2,3.1101698210332374,0.0712755435221822,3.788679448010498,0.0483165908002169,3.3578720745052184,6.0467668578357845,0.539904361700533,91.50152668885131,11502786568.50976,0.0006026913107316979,0.21774825891917493,0.2989527222413629,0.2511413692124491,0.18269111564800736,2269541.2568555856,0.03153599366495185,0.18555102836950588,0.03010191815313829,0.2989527222413629,0.4069134022689789,1.0,0.2989527222413629
4,2,1,1,2,3.1101698210332374,0.0712755435221822,3.788679448010498,0.0483165908002169,3.3578720745052184,6.0467668578357845,0.539904361700533,91.50152668885131,11502786568.50976,0.0006026913107316979,0.21774825891917493,0.2989527222413629,0.2511413692124491,0.18269111564800736,2269541.2568555856,0.03153599366495185,0.18555102836950588,0.03010191815313829,0.2989527222413629,0.4069134022689789,1.0,0.2989527222413629
5,1,1,1,1,4.029456482675641,0.06060657360104377,1.2452457916097464,0.07220217143447273,1.469857560094356,8.764909647057882,0.03717894586661308,104.80816725922755,10635687303.642555,0.0005862555308201016,0.2524592951600034,0.29903233139541796,0.22460610113953347,0.1787387606341361,5046435.541737637,0.02522395033455117,0.14609624164476098,0.024485066875675778,0.29903233139541796,0.2253873041458997,1.0,0.29903233139541796
2,1,0,1,0,4.443484089835666,0.09380112747930648,8.970068662124264,0.013183221089866002,7.235220827747769,15.527220551649838,0.28249623287775966,92.56531104414395,16681927091.597183,0.0,0.191661475623305,0.2991170487622158,0.27521258504882734,0.1923576916762407,2448188.856519053,0.03787098348462901,0.2196656950827114,0.036103095787072007,0.21105324579490786,0.35164586932470887,0.7055874837902851,0.2991170487622158
4,2,1,1,0,1.7578693679181252,0.0638953848640516,7.2425802463027305,0.016052072298846722,9.930631151261856,18.45715116982492,0.6954005545903504,71.50542660303148,19166346087.833122,0.0,0.2447215198784143,0.2992747033014157,0.23049651459041065,0.18716441580304038,3734190.043382234,0.026564321619163694,0.15109181087995516,0.025981376177359888,0.2992747033014157,0.39534693983818797,1.0,0.2992747033014157
2,2,0,1,0,1.843534660348758,0.03638335079103464,1.845544405967371,0.07295652946489814,3.7506662700168043,10.74233968752727,0.5155681979614721,74.25872673360573,10595444966.660542,0.001070263509949247,0.24216952929991592,0.299280363962504,0.23241563002644555,0.1751604203481454,3805013.8822244154,0.02700851254029481,0.15303233361471058,0.026121883608263757,0.299280363962504,0.3531369452656439,1.0,0.299280363962504
2,2,0,1,0,1.843534660348758,0.03638335079103464,1.845544405967371,0.07295652946489814,3.7506662700168043,10.74233968752727,0.5155681979614721,74.25872673360573,10595444966.660542,0.001070263509949247,0.24216952929991592,0.299280363962504,0.23241563002644555,0.1751604203481454,3805013.8822244154,0.02700851254029481,0.15303233361471058,0.026121883608263757,0.299280363962504,0.3531369452656439,1.0,0.299280363962504
2,2,0,1,0,1.843534660348758,0.03638335079103464,1.845544405967371,0.07295652946489814,3.7506662700168043,10.74233968752727,0.5155681979614721,74.25872673360573,10595444966.660542,0.001070263509949247,0.24216952929991592,0.299280363962504,0.23241563002644555,0.1751604203481454,3805013.8822244154,0.02700851254029481,0.15303233361471058,0.026121883608263757,0.299280363962504,0.3531369452656439,1.0,0.299280363962504
5,2,1,1,1,4.168213195271445,0.08065933638931064,9.322749262806973,0.03001223409819461,7.529875269033155,1.4679544442504813,0.724510076686134,90.44472358635696,13725566761.366714,0.0008088273052974949,0.21447885111878595,0.2993408034475917,0.25418234442413806,0.17462520646826177,2502073.3100126344,0.032304332108475574,0.191432292031526,0.03063827981475308,0.2993408034475917,0.45219403391173874,1.0,0.2993408034475917
3,1,0,2,0,0.4854213448877698,0.07635771176329248,2.6108747780737613,0.014540281555467334,0.6750976655373528,2.878687253291754,0.16775030534824328,119.33353302678718,12400274882.776764,0.0,0.18335614057823818,0.2994045479691115,0.2835366686608622,0.1930899394409992,995768.1118191653,0.04019652123764978,0.23950836494429928,0.03843484615007037,0.2994045479691115,0.4309463273056903,1.0,0.2994045479691115
3,2,0,1,0,0.895423462514693,0.05021608461527631,6.581972388317605,0.009237595136313753,8.004585851003748,7.190562215680071,0.3805713539839486,89.57238030301669,10927296300.425709,0.0,0.2812557951458779,0.2994840638734307,0.2063677425568272,0.1641788864775213,6211896.61985774,0.02129382258400045,0.11679891185669256,0.020935578787397494,0.2699920316711338,0.372367174535224,0.901523868012019,0.2994840638734307
4,2,0,1,0,1.3759340766399333,0.04093797159512353,1.4833922907463761,0.0077044503377127265,4.348725522945933,2.3979926910292555,0.785294720342798,106.37351316289426,19438212126.273804,0.0,0.22147688872470456,0.29964157750533776,0.24867145119513404,0.18885525767146158,3293064.722492511,0.030918745319746966,0.1805803491314768,0.029926888862467135,0.1836347785389689,0.3121592178536634,0.6128481236409778,0.29964157750533776
2,2,0,2,0,0.7688457110346613,0.08506447083180052,3.409212030801192,0.0035735973448440647,7.556066977006234,6.692105271471904,0.168228027407382,84.59706139443297,9997310831.566595,0.0,0.2583707482213812,0.2999491440764374,0.22117500829227693,0.18083326492748986,4882698.191963407,0.024459192146544385,0.14209485211365291,0.02394255900799166,0.10304362165865161,0.32700272866713737,0.34353697516267134,0.2999491440764374
2,2,0,2,0,0.7688457110346613,0.08506447083180052,3.409212030801192,0.0035735973448440647,7.556066977006234,6.692105271471904,0.168228027407382,84.59706139443297,9997310831.566595,0.0,0.2583707482213812,0.2999491440764374,0.22117500829227693,0.18083326492748986,4882698.191963407,0.024459192146544385,0.14209485211365291,0.02394255900799166,0.10304362165865161,0.32700272866713737,0.34353697516267134,0.2999491440764374
3,1,0,2,2,1.9475424196862825,0.08076861316774309,2.8829730865931436,0.037125768613966575,9.320649642273407,1.351320438426573,0.579697858814135,91.60668770681896,13716429945.593403,0.0010392988974104755,0.21329195182185853,0.3001636417582897,0.2567452216872517,0.18900948889081176,2700094.443241949,0.03295905442961801,0.17955824425429523,0.03172751339257949,0.08946681372694104,0.34730539281519596,0.2980601288112877,0.3001636417582897
4,2,0,2,0,1.6041596005426901,0.021013376247596714,5.941288427802226,0.03548418352752377,4.975186296244365,7.242704428102155,0.5368324271814133,117.94660504381312,9613534649.038748,0.0005644027570211171,0.2273382692154358,0.3002352111751779,0.24437013042491312,0.1853438126009373,3730930.528112096,0.029858380321944527,0.17451954427489635,0.02863654338544137,0.3002352111751779,0.38664699985361156,1.0,0.3002352111751779
2,1,0,2,0,0.546407964209407,0.08764681863778453,9.662320455738406,0.004523474982430929,7.45684484921716,6.331987540724251,0.280310360519327,128.34750362267903,10235337591.385674,0.0,0.2475529572502256,0.3002550636687563,0.22901480520267822,0.17504656619716863,4260905.364651391,0.026223890501010327,0.1525299282789585,0.025365505748818677,0.26800111653423686,0.33044007680887516,0.8925781742348823,0.3002550636687563
2,1,0,2,0,0.546407964209407,0.08764681863778453,9.662320455738406,0.004523474982430929,7.45684484921716,6.331987540724251,0.280310360519327,128.34750362267903,10235337591.385674,0.0,0.2475529572502256,0.3002550636687563,0.22901480520267822,0.17504656619716863,4260905.364651391,0.026223890501010327,0.1525299282789585,0.025365505748818677,0.26800111653423686,0.33044007680887516,0.8925781742348823,0.3002550636687563
3,1,0,2,0,1.2215313452855956,0.06371070052770744,4.179392366263302,0.014271969233640602,3.435251203548938,8.06997130759359,0.5524599055669686,128.56611046785983,10863616713.684187,0.0,0.20339806201415306,0.30040844808248734,0.2649264894738686,0.17454500890832933,554933.3467476562,0.03509302241247391,0.20848975753462307,0.03370763959975908,1.0,0.44674567047640495,4.72328628163486,0.30040844808248734
5,1,0,2,0,2.1622414286761913,0.051054073295195006,4.487797781566957,0.02716480159288345,8.40440351931694,5.4727131088222185,0.711825631634032,117.10972694406807,14299346749.15597,0.0005932494697726396,0.20424789171231222,0.3004275545837288,0.2644271903154457,0.19430079387099056,2473696.259505376,0.034960869489060464,0.20274570677814108,0.03354549043960744,0.3004275545837288,0.37165380203001996,1.0,0.3004275545837288
3,1,0,2,1,3.330331011442339,0.07908169650313555,2.397731772208017,0.029603118819635694,6.929799577706888,4.907732289530756,0.21973982481959808,124.4209630496238,9853161746.244297,0.0005381483098992426,0.18285477021014385,0.3004292521029661,0.2850090198738601,0.20163570208893364,1812463.5222114143,0.0406150707047292,0.24203946057204695,0.03873558383181588,0.3004292521029661,0.34717131855101696,1.0,0.3004292521029661
3,1,0,2,1,3.330331011442339,0.07908169650313555,2.397731772208017,0.029603118819635694,6.929799577706888,4.907732289530756,0.21973982481959808,124.4209630496238,9853161746.244297,0.0005381483098992426,0.18285477021014385,0.3004292521029661,0.2850090198738601,0.20163570208893364,1812463.5222114143,0.0406150707047292,0.24203946057204695,0.03873558383181588,0.24827806843713765,0.34717131855101696,0.8264110991164246,0.3004292521029661
3,1,1,2,1,2.193258231078138,0.07677676403172332,2.8715787921208427,0.035424373712818945,4.2773123080611315,11.999223139339021,0.5793098739959335,117.098351934899,11228522701.67107,0.001334073756257037,0.23501976045561726,0.3004320734071009,0.23886614306361464,0.18423021980675794,3392096.286922556,0.02852851715104361,0.15952360427441348,0.0277088897918613,1.0,0.3704723290985548,10.66693120647351,0.3004320734071009
3,1,0,2,0,1.8004392169955248,0.09256222867006893,6.404087682630231,0.010461594690451433,1.0010336999876994,4.807970076848093,0.3504068309646583,127.63305248665736,10724543998.62346,0.0,0.2907863249027396,0.3005135144093866,0.20106093535113997,0.12761356362901563,156184.94838052677,0.020212749862137645,0.11595006160270183,0.019641547118504733,0.07096434984188332,0.45750234522644223,0.23614362229716326,0.3005135144093866
3,1,0,2,0,0.8792982966106818,0.08827249466995744,9.984107860256026,0.015259549018959446,1.6376081168991843,7.921185093017497,0.21321208957336893,82.97320028311343,13841598498.146027,0.0,0.19626681433410667,0.30077563029334803,0.27178185908110863,0.17860959749335825,501370.7311037393,0.0369326894627918,0.2226027325970632,0.03530211961827857,0.30077563029334803,0.41770077998518473,1.0,0.30077563029334803
3,1,0,2,0,4.935991403681172,0.09524500577742358,2.915813249702269,0.04539717874523998,2.7682754925513127,16.48325075189979,0.46681013089243684,123.26347902257751,14331724229.500526,0.0007408572434357923,0.24688135412191864,0.3008587894031843,0.22999469690632013,0.1809625190567815,2964390.1325625707,0.026448780302515032,0.15338384974831942,0.02571974493689487,0.3008587894031843,0.3511179100676671,1.0,0.3008587894031843
3,1,0,2,0,4.935991403681172,0.09524500577742358,2.915813249702269,0.04539717874523998,2.7682754925513127,16.48325075189979,0.46681013089243684,123.26347902257751,14331724229.500526,0.0007408572434357923,0.24688135412191864,0.3008587894031843,0.22999469690632013,0.1809625190567815,2964390.1325625707,0.026448780302515032,0.15338384974831942,0.02571974493689487,0.3008587894031843,0.3511179100676671,1.0,0.3008587894031843
1,1,0,2,0,4.6940464103299435,0.04763059891468644,3.0846305451534834,0.02603534245796657,9.002143256088049,11.662565354309935,0.03400624628322114,71.17037649589167,19144182603.667175,0.0014465826172462162,0.2029357607002159,0.30087503311996655,0.26634190836053506,0.1820115505610924,2034602.5835742624,0.03546900607456583,0.1997701744363043,0.03403220116979099,0.029684426162729708,0.3745207267432701,0.0986603170589225,0.30087503311996655
3,1,0,2,0,4.142824247648171,0.08109574841057704,5.758290117124745,0.015787036653119944,2.1393792786415444,8.824189318955042,0.10542924160008191,125.81376169926966,12815088026.154425,0.0,0.19952217031315891,0.3009903640067921,0.26900778509877943,0.17386487802170913,393624.57342651126,0.03618259422187555,0.2156718206637488,0.03456536051181175,0.3009903640067921,0.4388175384642804,1.0,0.3009903640067921
5,2,1,1,1,0.6196847578834807,0.006548754025171027,1.7250746545538114,0.019014177689595634,8.245154014543619,12.174777879856556,0.726570743070526,92.30023716159516,13929813330.25248,0.0013951170891228707,0.2612480913740215,0.30099820044358944,0.22064682639388583,0.1548049195364874,4729370.926369256,0.024342510998846795,0.12950041805205859,0.023751432316001336,0.30099820044358944,0.9125897739631491,1.0,0.30099820044358944
3,2,0,1,0,1.6299686357837242,0.037722216900179566,2.591576203263264,0.005770414556411576,9.802993287813537,14.737031626080261,0.2725791082079088,86.96561981206614,12904223283.663406,0.0,0.23989092206896062,0.301214823446773,0.23537635619198746,0.18650333193873236,3863112.9392972304,0.02770101452710868,0.16206132326852096,0.026974617596283373,0.301214823446773,0.3303318054628874,1.0,0.301214823446773
2,1,0,0,2,1.1472158520924878,0.04488234659648381,2.0664610082955157,0.018112233131761826,0.4595628580114929,9.244946913753244,0.3415101492895141,107.60710309670459,16593970286.347498,0.0,0.28521001780742256,0.3012869577405462,0.20552312810576745,0.16710072306154958,7041775.686059258,0.02111987809318985,0.11046127785899074,0.02083710858881859,0.3012869577405462,0.32390045030077663,1.0,0.3012869577405462
2,1,1,1,2,1.6928964091090721,0.09438118325139447,6.485074550305107,0.0913252233890342,6.069773982377795,7.948673554599373,0.031945566029325856,77.35611973140605,15879012494.694525,0.0010281003351231492,0.22804854333566982,0.30135548973280746,0.24469334639065382,0.1781127557827466,1617138.2095382262,0.02993741688392825,0.17538105861527342,0.028950921726396395,0.30135548973280746,0.4041301282555058,1.0,0.30135548973280746
3,2,0,0,0,1.313859739381779,0.09273230122633973,5.678543761840955,0.021325742626917464,1.8147104208144027,15.663090306898562,0.10107607313784638,124.65199034133579,10398168904.645716,0.0007445337853682133,0.29110298966249176,0.30145755005733904,0.20170418798386075,0.17650617679690958,6618840.414642656,0.020342289725114315,0.113524277391445,0.020131171743147998,1.0,0.40457531506183014,23.822694945876613,0.30145755005733904
3,1,0,3,0,1.4953854048004922,0.07079564044226058,9.492026793394782,0.0013900257096662308,5.04611915886541,10.072183682224184,0.1295470927332687,86.12014452490637,19494060879.980865,0.0,0.19670002271784726,0.30147843877832314,0.27186853165659414,0.19467540539163355,751883.2807497719,0.03695624925255626,0.2251047379733312,0.03562949840920343,0.30147843877832314,0.41772705341275024,1.0,0.30147843877832314
3,1,0,3,0,1.4953854048004922,0.07079564044226058,9.492026793394782,0.0013900257096662308,5.04611915886541,10.072183682224184,0.1295470927332687,86.12014452490637,19494060879.980865,0.0,0.19670002271784726,0.30147843877832314,0.27186853165659414,0.19467540539163355,751883.2807497719,0.03695624925255626,0.2251047379733312,0.03562949840920343,0.30147843877832314,0.41772705341275024,1.0,0.30147843877832314
2,2,0,1,0,4.091663534867299,0.05587429481638478,5.093986608927559,0.018687366101678933,9.678270193606389,10.934297397814817,0.43944734635600563,90.45574579525426,17342395825.970394,0.0,0.19018298510222942,0.30154038071017886,0.27880695747718814,0.19747646512066885,2067417.8839108087,0.0388666597688433,0.2269257642600545,0.03715007583651191,0.30154038071017886,0.3678064460914479,1.0,0.30154038071017886
2,2,0,1,0,4.091663534867299,0.05587429481638478,5.093986608927559,0.018687366101678933,9.678270193606389,10.934297397814817,0.43944734635600563,90.45574579525426,17342395825.970394,0.0,0.19018298510222942,0.30154038071017886,0.27880695747718814,0.19747646512066885,2067417.8839108087,0.0388666597688433,0.2269257642600545,0.03715007583651191,0.07557225946176833,0.3678064460914479,0.2506206939308852,0.30154038071017886
3,1,0,1,0,4.9764091152286705,0.04183862630164521,3.9319204951435367,0.026143435724990026,6.471537408422189,12.790926542736358,0.3625572906628571,92.82853539188385,9888648715.386253,0.0005072203545851899,0.18351388946604297,0.3015508329189917,0.2851462956904493,0.19986947727365179,1720345.3123456212,0.04065420497299257,0.24644117186418513,0.03876952479254583,0.3015508329189917,0.37662688034766306,1.0,0.3015508329189917
3,1,0,1,0,4.9764091152286705,0.04183862630164521,3.9319204951435367,0.026143435724990026,6.471537408422189,12.790926542736358,0.3625572906628571,92.82853539188385,9888648715.386253,0.0005072203545851899,0.18351388946604297,0.3015508329189917,0.2851462956904493,0.19986947727365179,1720345.3123456212,0.04065420497299257,0.24644117186418513,0.03876952479254583,0.3015508329189917,0.37662688034766306,1.0,0.3015508329189917
2,1,1,1,0,4.455039962021812,0.09374528338876527,8.943743001725549,0.013474849654317684,7.238612311752248,15.597791137236458,0.28498768114078254,92.53605248704557,16705195434.323729,0.0,0.19106782822001153,0.3015666330978118,0.277955309367744,0.1945193580132335,2416751.81005625,0.038629577002859135,0.22541213478025235,0.03677406780532313,0.2858423038786152,0.35143189547359344,0.9478578612704263,0.3015666330978118
4,2,1,1,0,2.4451236804172534,0.07590745773023325,4.622124931396485,0.021006596615130678,4.773804164848386,6.796797560348727,0.4685213168722362,89.46630096540568,12112262727.9931,0.0006417784602923368,0.2567427972804797,0.30185378075187724,0.22392012347011545,0.1475969232846989,963682.909915002,0.02507011084743587,0.14223700758886626,0.024228340098809878,0.004572971189265057,0.48946045564139457,0.015149623694871073,0.30185378075187724
4,2,1,1,0,2.4451236804172534,0.07590745773023325,4.622124931396485,0.021006596615130678,4.773804164848386,6.796797560348727,0.4685213168722362,89.46630096540568,12112262727.9931,0.0006417784602923368,0.2567427972804797,0.30185378075187724,0.22392012347011545,0.1475969232846989,963682.909915002,0.02507011084743587,0.14223700758886626,0.024228340098809878,0.004572971189265057,0.48946045564139457,0.015149623694871073,0.30185378075187724
2,1,0,1,0,2.753557592882983,0.043158998688666184,3.7481104054722922,0.01073279520075171,6.012971564830988,5.298532835325788,0.7226524351918004,92.05778594826694,16586324623.210606,0.0,0.2349586958618561,0.30195191628328794,0.23981309063103903,0.1852760866352593,3902939.8941595675,0.02875515921900547,0.16676435520435728,0.027913310995395325,0.1446144430194623,0.34955951261724955,0.4789320259977639,0.30195191628328794
2,2,1,1,2,2.598993312208457,0.017211334727800988,7.102735047090631,0.01693749437206682,2.364221259427114,3.3893174476669246,0.29900740568022266,121.58611615140939,11116186148.110907,0.0,0.25067846045880277,0.30196963540637023,0.22836873992275997,0.1558180813392834,172029.76426231515,0.026076140686954588,0.1464827102538515,0.025389964177495086,0.30196963540637023,0.3563028656301515,1.0,0.30196963540637023
5,2,1,1,1,3.3389974507526747,0.016962939575275053,9.246364742388403,0.010967119904330778,8.628983495917149,16.84113822556878,0.6239065088282426,80.75556718273135,15990157705.05682,0.0,0.22487843576855293,0.3021739034294064,0.24804398399544283,0.18055201348312155,1806036.9029745571,0.030762908998165753,0.1781797272153206,0.02977914444664745,0.3021739034294064,0.367830546539666,1.0,0.3021739034294064
3,1,0,2,0,4.324176910394963,0.06996747265468407,5.9646443382685,0.015966471808536976,7.498629471660597,7.78823971146227,0.6434376572646651,122.73130744488502,9179879112.939823,0.0,0.20234062197460767,0.302204413088654,0.2678917866255686,0.1879390148149469,1788193.022082995,0.035883004670719594,0.2053634273631071,0.034340410250237915,0.302204413088654,0.3858585593753891,1.0,0.302204413088654
3,1,0,2,0,4.324176910394963,0.06996747265468407,5.9646443382685,0.015966471808536976,7.498629471660597,7.78823971146227,0.6434376572646651,122.73130744488502,9179879112.939823,0.0,0.20234062197460767,0.302204413088654,0.2678917866255686,0.1879390148149469,1788193.022082995,0.035883004670719594,0.2053634273631071,0.034340410250237915,0.03179904571109724,0.3858585593753891,0.10522363120411728,0.302204413088654
3,1,0,2,0,4.324176910394963,0.06996747265468407,5.9646443382685,0.015966471808536976,7.498629471660597,7.78823971146227,0.6434376572646651,122.73130744488502,9179879112.939823,0.0,0.20234062197460767,0.302204413088654,0.2678917866255686,0.1879390148149469,1788193.022082995,0.035883004670719594,0.2053634273631071,0.034340410250237915,0.03179904571109724,0.3858585593753891,0.10522363120411728,0.302204413088654
5,2,1,1,1,1.8385779511848057,0.013291224100010653,9.321904002752818,0.01672979910577327,7.218633799948203,19.308692586000298,0.7253513865148931,61.01547814522502,15047404860.052036,0.0,0.2841462868240956,0.3023191273417123,0.20685313871228053,0.13419081936866076,198238.53566174002,0.021394110497560986,0.11290417600887082,0.020868065513177544,0.3023191273417123,1.0993146576045663,1.0,0.3023191273417123
0,1,0,2,0,4.907024319037211,0.0767437154980141,2.2341060468433125,0.01479485257442513,9.034206840090086,8.181775150481883,0.2543813795347458,122.47991692178134,12901027810.645065,0.0,0.1968242983902616,0.30244507961223227,0.27274845268357617,0.18782276083369745,1534086.8995452495,0.03719585922064249,0.22393810596863184,0.03551172553052534,0.30244507961223227,0.40351641080015105,1.0,0.30244507961223227
2,1,1,3,0,3.6443967630801,0.09841741542166949,9.292037935609068,0.018559675476362038,1.5103041591063626,4.449235706381455,0.12060359191352349,93.14075934706875,18813000225.399357,0.0,0.24896065019908573,0.30251023963412255,0.2299210857274634,0.14815994737161733,1008361.9137621138,0.02643185283104779,0.15039533693676033,0.025445924876584782,0.11880493514759562,0.45118613822600506,0.392730293332506,0.30251023963412255
2,1,1,3,0,3.6443967630801,0.09841741542166949,9.292037935609068,0.018559675476362038,1.5103041591063626,4.449235706381455,0.12060359191352349,93.14075934706875,18813000225.399357,0.0,0.24896065019908573,0.30251023963412255,0.2299210857274634,0.14815994737161733,1008361.9137621138,0.02643185283104779,0.15039533693676033,0.025445924876584782,0.11880493514759562,0.45118613822600506,0.392730293332506,0.30251023963412255
2,2,0,1,0,2.727636466818497,0.08717970916189513,4.873279368317958,0.035878658804884805,9.089886836799904,4.432845803524964,0.19573921981307424,83.46652371293122,18268302442.800087,0.0009233958571090796,0.20630535208723969,0.3027055970583964,0.264627541794495,0.19362878556258462,2621645.2189851855,0.035013867938098596,0.20125167932522936,0.03366982899055735,0.3027055970583964,0.38535358878104486,1.0,0.3027055970583964
3,1,0,2,0,3.3103163285334354,0.0591603159794097,2.27297594212569,0.016559306537065017,5.492968142324862,13.87754715129468,0.469520905160025,128.93280102331235,11420172763.339315,0.0,0.20245879497686342,0.3028324799831639,0.2679740780731271,0.20028341127408056,2655815.941090556,0.03590505325957122,0.2122542776562788,0.034568817768938,1.0,0.38187368454688864,20.707892348093896,0.3028324799831639
5,2,1,0,1,1.0115003796323578,0.08362017515724007,9.647298264554115,0.061642887480631944,5.946515983159613,1.423005614585681,0.47693157100285605,92.89400294857448,11804796903.768442,0.0009577344868030448,0.2281999811057116,0.3029654105254354,0.2457685965836861,0.17842279251740448,4112186.3896015203,0.03020110153335732,0.17909383526434552,0.02882162725360533,0.3029654105254354,0.45634544498175633,1.0,0.3029654105254354
2,1,0,3,0,3.095549857977937,0.03970507904767699,7.9503924992569255,0.0649390697911853,4.806031540500384,7.550836534856889,0.15074164048110683,91.99566038691776,14751821657.567694,0.0006490445901674027,0.2328232527341538,0.3029655490571443,0.24270243200067373,0.17720260197004847,3381233.096748001,0.029452235249520828,0.1632312199103877,0.02840004865966488,0.3029655490571443,0.4415000615076251,1.0,0.3029655490571443
1,2,1,1,1,0.4446582317298455,0.07007432801953169,6.023288407914367,0.03382217327366266,0.5589372774701221,4.589799699613256,0.040230557389870386,95.72691571239456,13910385816.199884,0.0011769126327989168,0.25348125333278293,0.3029793104864781,0.22698864501866403,0.15353871976163128,1445888.1026934902,0.025761922483704534,0.1475987812609849,0.024854812771691135,0.3029793104864781,0.44589626809610317,1.0,0.3029793104864781
3,1,1,2,0,4.345238788119042,0.09557601384328679,4.15565303367746,0.02827244174094686,6.831685085254013,7.5711162846411435,0.19359488230766292,111.79900317405966,11423405643.73433,0.0005887811154694459,0.1959163367943364,0.30299351111800216,0.2741887090514814,0.19213525203801124,1937511.5124550583,0.03758972408565896,0.22486654781203286,0.035894822260480776,0.1761593932746316,0.3759282469343898,0.5813965870906903,0.30299351111800216
3,1,0,2,0,0.9885516914113255,0.08305070466324875,9.242344905250905,0.022476251424353912,1.1526937739861833,8.098270109775303,0.2408606792312353,119.51918937665191,10567098175.98992,0.0012513332821182672,0.27782129584799586,0.3030363766173493,0.2109933872246977,0.18647327404990802,6694830.1862103045,0.022259104726275618,0.12334562184089581,0.022011284579251122,0.3030363766173493,0.5101977296946899,1.0,0.3030363766173493
2,1,0,1,0,2.9900078634277865,0.049852501527235075,9.538855162713551,0.05125644389850289,7.838365485235536,4.878659273609443,0.3095046623169678,62.241068429577865,10455403984.856014,0.0014281572429503495,0.21119955540795443,0.30310182912178213,0.26084754182077025,0.19854169641687547,3227911.041442552,0.034020720036969244,0.19026647094604288,0.03269480651952475,0.061013395695882586,0.6604781819999114,0.201296692509791,0.30310182912178213
4,2,1,1,0,3.7033412886493395,0.07546804935149005,6.112390766861402,0.02218637861971253,6.221893959898842,11.514591795662632,0.7858626257495462,80.1754186596907,15927142569.53942,0.0006034406074849752,0.20280853191246062,0.30341619646353435,0.26818373814503643,0.19230862583116534,2250144.246041955,0.03596125870272274,0.21214046920121465,0.034336448630274796,0.30341619646353435,0.40510157023009846,1.0,0.30341619646353435
1,1,1,2,0,4.972347830817699,0.06243475325991794,5.29175673429348,0.021791302038024016,7.863687474735404,13.304685171169588,0.05644978774764977,89.82873977288278,19346444353.75752,0.001453943705984345,0.20945253868769764,0.3034834138491177,0.2625944786442451,0.1768666588967982,2034707.6194363832,0.03447793010722146,0.1955168621951502,0.03307141512206075,0.06934300488492244,0.39698994736988075,0.22849026246751522,0.3034834138491177
3,1,0,2,0,4.068575144450498,0.08377412463554913,3.462721973062912,0.014199849069971718,5.983259001747421,8.79254253996569,0.2754172223510104,128.16753873530402,14856196992.529247,0.0,0.19580434265364444,0.3035634521011891,0.27472746237401946,0.17725506677303032,331732.1187684995,0.037737589291234136,0.2272439382134921,0.03592641279592808,0.3035634521011891,0.42468768690501607,1.0,0.3035634521011891
5,0,0,0,0,4.558648851714084,0.04472189888204792,2.069785429227375,0.05782939787012602,2.3764824865065033,7.094250802556231,0.4632224750405509,102.46879154993147,9636941547.911877,0.000879272733000806,0.2551284885226751,0.30358040861369506,0.22632846464572554,0.1537564785784238,1850271.9765529612,0.02561228695444572,0.14590871465748767,0.02443390393295644,1.0,0.42427180976242995,7.220779819228094,0.30358040861369506
4,0,1,3,1,0.4149664919011971,0.010710726591816424,9.625084564345084,0.049155435043244204,1.9411813012318617,1.3814293882981188,0.4289605690615443,116.84135879838472,13972808061.826212,0.0,0.22636829280187232,0.30358148029881776,0.24806797540479955,0.15799575687910503,544372.9609413573,0.03076886021071812,0.17661066158116578,0.029356047854738384,0.30358148029881776,1.4302155231222977,1.0,0.30358148029881776
4,0,0,3,0,0.7169174120813245,0.024092844492115278,6.59444179941237,0.0782771860370841,4.1115513807284385,9.645787722135745,0.3046876337936599,87.47191484790021,11039008471.106575,0.0013876113950695088,0.23084767653457625,0.30361554911482763,0.2442717502820735,0.16514432417983863,232901.20220469465,0.02983434399293384,0.1751473909977015,0.028893504888597,0.20504375822590992,0.9858128585879592,0.6753401096343792,0.30361554911482763
3,1,0,2,0,1.4353311550057162,0.04265140906463073,0.8250309470727646,0.00849619818992208,0.588425119530992,7.507580377062936,0.6763799300356732,120.73418241576057,12839756759.675573,0.0,0.20436189662227988,0.3038206549352475,0.2668209524276304,0.1776462349272743,891258.353963839,0.035596710327193894,0.21519378513111054,0.03390468069651492,0.3038206549352475,0.4363497401104247,1.0,0.3038206549352475
3,1,0,2,0,2.109701627970296,0.085414095474687,3.6670718358477226,0.024621393621745834,5.702736134821002,1.192141141095294,0.6848475711194686,106.84350729329769,18669793911.293324,0.0010981057923542797,0.23602156668434668,0.30385723458831493,0.24095335018725564,0.17745077833135786,3435507.1966479393,0.029029258483231124,0.16013704738288959,0.02800403389053679,1.0,0.3806369864685757,4.472466510821564,0.30385723458831493
1,0,0,2,2,0.11667165682697335,0.019520142458749785,8.765278584582187,0.07260183783952734,3.7789936117280885,5.924945682776444,0.25861529232302755,70.25917758669145,10799800483.532263,0.0012379249907342022,0.17827738117874142,0.3039918632093022,0.2928578958901567,0.2088579507547065,1943156.718621813,0.04288287359260493,0.26228519788296345,0.04092523885450405,0.3039918632093022,0.5716724299222591,1.0,0.3039918632093022
1,0,0,2,2,0.11667165682697335,0.019520142458749785,8.765278584582187,0.07260183783952734,3.7789936117280885,5.924945682776444,0.25861529232302755,70.25917758669145,10799800483.532263,0.0012379249907342022,0.17827738117874142,0.3039918632093022,0.2928578958901567,0.2088579507547065,1943156.718621813,0.04288287359260493,0.26228519788296345,0.04092523885450405,0.3039918632093022,0.5716724299222591,1.0,0.3039918632093022
3,1,0,1,0,4.472999676405716,0.0702413696341473,2.096142780469326,0.02923324807204734,5.0466128103099415,9.044522486483375,0.2362798808128083,103.02646459907419,11903281833.851269,0.0006795858875755981,0.2513147527783754,0.304145897011701,0.2293262047388393,0.15330867724838848,1314208.2998519924,0.02629525408996002,0.15252548321610804,0.025354872175700895,0.304145897011701,0.5144740972347726,1.0,0.304145897011701
3,1,0,2,0,1.8381004254227629,0.02691231861660279,6.852156024926268,0.055131667432962134,4.3433228833540785,3.498712592496583,0.1544402259559219,123.15825096856436,10287919112.654018,0.0006837570940888161,0.2703039917582425,0.30441274759018655,0.2166618492543191,0.17768864742074197,6093056.836591144,0.023471178461150648,0.13328214371858071,0.023052054318129272,0.07266635098935237,0.4929861414284791,0.2387099474795284,0.30441274759018655
3,1,0,2,0,1.2221033823799015,0.06369434044015027,4.179282743035028,0.014223029022161118,3.431388789136512,8.07287301949664,0.5523191958733302,128.5799378507828,10859732558.089674,0.0,0.20583220666243188,0.30444069711573546,0.26619666425835753,0.1757243849778757,550188.8498654593,0.03543033203113836,0.21064461022852832,0.03402512297140801,1.0,0.44674698515753075,4.7230526654536655,0.30444069711573546
4,2,1,1,2,2.3639228358239093,0.07661292665109438,2.3427777579144067,0.02000001589638531,7.607852988811242,6.748408475351926,0.4830148740676078,90.0286199048517,12011254536.65152,0.0006349055240953391,0.20739954749766135,0.3044716491251407,0.2651658552869399,0.19366930930027518,2432588.316159479,0.03515646540502718,0.2020007861509482,0.03382217345435206,0.3044716491251407,0.3463085988353655,1.0,0.3044716491251407
4,1,1,1,1,1.1648231967274563,0.03341861738728858,8.884262346218502,0.04809927043549871,9.126115395218523,3.0134576409228937,0.36197189810945574,80.19250896972979,10403897100.978985,0.0012403524412971981,0.22202263350081955,0.30454188439560886,0.25282333154478215,0.2225291467747433,5620178.216384099,0.031959818486701416,0.17659978654685393,0.03133280135027132,1.0,0.5593918266781199,3.976603381832283,0.30454188439560886
4,2,1,1,0,2.1098231417939073,0.08720650862243072,5.97871361645028,0.06065398903667759,1.277248544388391,14.269951095446867,0.601596650870379,98.65611036147139,10427166178.666119,0.0009573963037335797,0.22083291221021806,0.30457194099151874,0.25309982528948705,0.19575915515374245,2573500.073299426,0.032029760780784435,0.19102223117488093,0.03108958232706705,0.30457194099151874,0.5482222084579459,1.0,0.30457194099151874
4,2,1,1,0,2.1098231417939073,0.08720650862243072,5.97871361645028,0.06065398903667759,1.277248544388391,14.269951095446867,0.601596650870379,98.65611036147139,10427166178.666119,0.0009573963037335797,0.22083291221021806,0.30457194099151874,0.25309982528948705,0.19575915515374245,2573500.073299426,0.032029760780784435,0.19102223117488093,0.03108958232706705,0.014962165599041137,0.5482222084579459,0.04912522654034562,0.30457194099151874
2,2,0,0,1,1.018125178760879,0.0672998307447051,7.313998504058595,0.0287773779072227,1.5407718726585236,10.972539849123415,0.29092271022340466,107.2124371371591,19794314515.894356,0.0009040777665432851,0.28562325409062306,0.3046041691391783,0.20709220592616356,0.17508062610786004,6586829.889513252,0.021443590877682266,0.12187033155924332,0.021161764804256817,0.3046041691391783,0.4261937893820736,1.0,0.3046041691391783
2,2,0,0,1,1.018125178760879,0.0672998307447051,7.313998504058595,0.0287773779072227,1.5407718726585236,10.972539849123415,0.29092271022340466,107.2124371371591,19794314515.894356,0.0009040777665432851,0.28562325409062306,0.3046041691391783,0.20709220592616356,0.17508062610786004,6586829.889513252,0.021443590877682266,0.12187033155924332,0.021161764804256817,0.3046041691391783,0.4261937893820736,1.0,0.3046041691391783
1,0,1,2,2,4.1014488868721575,0.04414322045033244,1.184464872539989,0.07667002591616505,0.5288180722016361,7.389739896147985,0.3699699034603001,106.71794232726322,10991753372.47005,0.0008397028868952019,0.20718901488790542,0.30465792159154775,0.26547030404366684,0.18204975827765704,1396031.530239696,0.03523724116451846,0.2033809220716919,0.03385062059803589,0.6958989079981699,0.37075190397735946,2.2841976481778654,0.30465792159154775
2,2,0,1,0,4.070539065833549,0.057852768627402365,5.030489541408871,0.02225741264219032,9.66573945319485,10.932848901651392,0.4264462753462748,88.78490492881883,18103710889.377686,0.0007077034876167983,0.20277105197216355,0.30469982719137745,0.26951179428827876,0.19238035157128874,2521177.476267356,0.03631830363024375,0.2110621829428636,0.03486461436782762,0.30469982719137745,0.37600215395895725,1.0,0.30469982719137745
1,0,0,3,0,3.99612582591548,0.06397877624048155,9.025837336800452,0.08407577689741032,6.174374112476931,12.979121824152749,0.35960031102428314,88.45394379584933,11205849789.850355,0.0013132871524429437,0.19863806696260775,0.3047990103652594,0.2738978527043188,0.18830894883090094,2192767.721340851,0.03751001685801836,0.21073909127266488,0.03575426042560823,0.3047990103652594,0.5485085537874389,1.0,0.3047990103652594
1,0,0,3,0,3.99612582591548,0.06397877624048155,9.025837336800452,0.08407577689741032,6.174374112476931,12.979121824152749,0.35960031102428314,88.45394379584933,11205849789.850355,0.0013132871524429437,0.19863806696260775,0.3047990103652594,0.2738978527043188,0.18830894883090094,2192767.721340851,0.03751001685801836,0.21073909127266488,0.03575426042560823,0.3047990103652594,0.5485085537874389,1.0,0.3047990103652594
2,2,0,2,0,4.97028901174992,0.08198846784702182,7.575597655787244,0.016110072667486434,8.8260079226233,3.7925940186932756,0.32614901240739735,63.748559445435234,14817331858.788105,0.0,0.2055115714143293,0.30481464283042875,0.2671788796072633,0.19383193246403277,2227983.7156487373,0.03569227685409624,0.20534927062810993,0.03424552167732433,0.3549934330032306,0.36931962096685894,1.1646206681767477,0.30481464283042875
3,1,1,2,1,4.152667444396213,0.03306344731390008,5.409153666291488,0.015647358541226848,0.8078554184850193,13.176466741144482,0.2226086419560343,105.39126542129377,14445782470.687775,0.0,0.21393903876252085,0.3048186370418362,0.25942613713641105,0.17211289599869142,655950.6094309381,0.03365096031475998,0.1969081419538533,0.03240463992065984,0.25549812973770253,0.4825517110955385,0.8381972054505169,0.3048186370418362
3,0,0,1,0,0.1810422822050201,0.052535451379460425,2.645086156731228,0.08981082601171102,9.702329107653286,12.769482893239294,0.10328675571517254,87.46171486931622,17080796274.51528,0.0008660416961427065,0.2225106945254209,0.30495754101744477,0.25213493936377424,0.21589129071991267,4765868.33409448,0.031786013823987054,0.1872764318997182,0.031075301089185464,0.30495754101744477,0.703782138006665,1.0,0.30495754101744477
3,1,0,2,0,1.499627088961465,0.06409067269822102,4.451721596336271,0.03753562691733928,4.540720775808684,5.02595855623027,0.6017342779312315,76.33775156413371,10469429584.013067,0.0006172208184785435,0.22705146223200423,0.3049603542725307,0.24864017944141048,0.1864330391321029,3257713.119260881,0.0309109694163284,0.17742314357542832,0.029788592907285794,0.3049603542725307,0.3685235682642032,1.0,0.3049603542725307
3,2,0,2,0,4.815058081891865,0.06438725994907381,1.3411528384598308,0.01072880046086197,2.724652082236239,16.41637832537029,0.31783358171497983,111.6894653031139,10569293263.00212,0.0,0.20583812613075536,0.304986594417719,0.26687771927638887,0.188874641699283,2039970.6835867926,0.03561185852308352,0.20770750641605007,0.03410310920280326,1.0,0.30401272701807713,25.06182594316868,0.304986594417719
4,2,1,1,0,4.268459092729331,0.007739302342315092,4.481272120463068,0.046430298824109234,3.054993008048724,3.0402238281693816,0.750065439396574,75.96893302898978,9586665022.404037,0.00137633679741928,0.25049081864767747,0.30503944541496586,0.2309392090771706,0.15345540381703374,186376.77392180637,0.026666459144594562,0.14848010707917336,0.02594001099688132,0.6210346815144809,0.9800429599198416,2.0359159802091997,0.30503944541496586
3,2,0,2,0,4.870961966165744,0.04674401229903291,4.667205360525952,0.010663953105061914,3.155528379488401,16.940449594586273,0.20576347305473572,107.32684685416984,13277312431.557203,0.0,0.2339358104717344,0.30510627058407236,0.24324442156266052,0.17014909074927256,2222801.461901322,0.029583924310676656,0.16966220141866806,0.028252171748000397,0.30510627058407236,0.38836579207533267,1.0,0.30510627058407236
1,0,0,1,0,4.007400536798634,0.06423735241096158,9.02772833018938,0.08430289491226335,6.188955579366233,12.98647042310003,0.36000222898624423,88.13720790085738,11219689999.087852,0.001311258534215041,0.20248718421101558,0.3051211030830901,0.2702816929590663,0.1902959363627088,2342645.941690773,0.03652609677440949,0.20973563236422332,0.03495315696312386,1.0,0.5024541354395973,4.539570621549798,0.3051211030830901
3,1,1,2,0,4.321509488630822,0.05151182534050845,4.188231299310157,0.05823319343320878,3.0315682345666075,3.5951608339431305,0.03848454684072023,128.94157016514396,12528831920.150555,0.0005968667717311497,0.26102167317825037,0.30516468644311334,0.2232522799346714,0.1844106865557401,5052293.424533523,0.02492079024801444,0.14517274613030606,0.02435247910131796,0.03805179224561737,0.38430260167052727,0.12469264608934597,0.30516468644311334
3,1,1,2,0,4.321509488630822,0.05151182534050845,4.188231299310157,0.05823319343320878,3.0315682345666075,3.5951608339431305,0.03848454684072023,128.94157016514396,12528831920.150555,0.0005968667717311497,0.26102167317825037,0.30516468644311334,0.2232522799346714,0.1844106865557401,5052293.424533523,0.02492079024801444,0.14517274613030606,0.02435247910131796,0.30516468644311334,0.38430260167052727,1.0,0.30516468644311334
3,1,0,2,0,3.6277419786337837,0.07033495623769365,6.754170971732119,0.014009706389628408,6.018422394983681,5.940726666055233,0.04625923353445468,124.2796799876565,9868256848.405846,0.0,0.20094209639101068,0.30532125663521925,0.27137804471078314,0.17871820843982536,493630.9804499161,0.036823021575523904,0.22156564402374768,0.035220282004690934,0.06941407939404619,0.44677362522379527,0.22734768014196355,0.30532125663521925
3,1,0,2,0,3.6277419786337837,0.07033495623769365,6.754170971732119,0.014009706389628408,6.018422394983681,5.940726666055233,0.04625923353445468,124.2796799876565,9868256848.405846,0.0,0.20094209639101068,0.30532125663521925,0.27137804471078314,0.17871820843982536,493630.9804499161,0.036823021575523904,0.22156564402374768,0.035220282004690934,0.06941407939404619,0.44677362522379527,0.22734768014196355,0.30532125663521925
3,1,0,1,0,2.0393510407662583,0.0818086639903491,2.606625008947587,0.03847564664338916,9.611834074817907,1.1738976632424483,0.5847071431389835,94.21591513441942,13455659667.6928,0.0010093223827670552,0.21620639662640673,0.3053271886321499,0.2576152382977896,0.19967452255184737,3641297.6443757666,0.033182805501613455,0.19912473991901602,0.03218168044692461,0.10702542492443505,0.5090479444425665,0.3505270048301412,0.3053271886321499
3,1,0,2,0,2.8233862702569335,0.050393013745173305,3.9342762000985307,0.016327765816271152,2.6337789789142114,3.088621328527701,0.5449326664120683,105.38956706422,15922675524.889677,0.0,0.19093495759442836,0.3054383587265046,0.28127172531747435,0.19123141498979737,885149.8643665127,0.03955689173153437,0.2371438642908721,0.03783107061324122,0.3054383587265046,0.4755502725750901,1.0,0.3054383587265046
2,1,0,1,0,0.7783571994218028,0.07744606628415211,9.158602897599893,0.004523103042684939,7.64861120989776,5.105529364335287,0.3344113144762397,77.11531136560498,17619151287.199276,0.0,0.2514772206797897,0.3055420672841514,0.23022470961406297,0.1696953786689038,4532683.554283783,0.02650170845843981,0.15474253710141717,0.02560714729937374,0.3055420672841514,0.34570491272448595,1.0,0.3055420672841514
3,1,0,2,0,0.5947678050858931,0.098669759621772,1.4747192327875114,0.018583144273243955,0.5738083839084058,5.920892522510528,0.12438688285370773,107.30864629606252,9052459062.51811,0.0,0.3004594595873252,0.30563634567729336,0.19920228698434717,0.17379836785823752,6840798.976546231,0.019840775569897107,0.10933188106367941,0.019633988721035948,0.603028296764144,0.3089821011336469,1.973025477149411,0.30563634567729336
3,1,0,2,0,4.1337119550438075,0.08329718618258843,3.480520457547199,0.01633564503716283,5.772785213557846,9.09439217647148,0.2601577594226702,126.89595395936009,14921827199.2089,0.0,0.20344748490640463,0.30584330297526474,0.2697614946384865,0.19502930976026556,2124634.382631786,0.03638563199479508,0.21369812486826267,0.03490385857583732,0.07651165623343359,0.37992633027880757,0.2501661978180425,0.30584330297526474
1,1,0,2,0,4.32296499282386,0.08544411415960268,5.606805197069217,0.03643123399974203,9.925826001247941,12.338809165655695,0.2283248496212027,99.55499899610342,18935087304.889423,0.0014915466120722894,0.21506135230451456,0.30617793311113534,0.26001273645481504,0.18231974343370724,2768916.4791098116,0.03380331155936055,0.1899396209491373,0.03248970834508031,0.018834403322807666,0.4048342635707083,0.06151456811869987,0.30617793311113534
1,1,0,2,0,4.32296499282386,0.08544411415960268,5.606805197069217,0.03643123399974203,9.925826001247941,12.338809165655695,0.2283248496212027,99.55499899610342,18935087304.889423,0.0014915466120722894,0.21506135230451456,0.30617793311113534,0.26001273645481504,0.18231974343370724,2768916.4791098116,0.03380331155936055,0.1899396209491373,0.03248970834508031,0.30617793311113534,0.4048342635707083,1.0,0.30617793311113534
5,2,1,1,0,2.540325972413521,0.021806480062375705,9.173125054745642,0.017732362129060687,4.862660957984922,19.556288085857382,0.46121317323288646,109.98108424224807,18964827917.984188,0.0,0.21444184839571812,0.30619939433732485,0.26008525911569136,0.19721035963858,3158743.9544902756,0.033822171004638156,0.19922173645123842,0.03260394792829964,0.30619939433732485,0.44343603014551325,1.0,0.30619939433732485
3,1,0,2,0,2.195565160495977,0.08162713457723894,9.320373546466554,0.0340905621874224,9.191065348655778,7.951534807863071,0.05672125082751477,111.32714117557738,17639944657.50701,0.001473439000123158,0.22748839792787018,0.30627039484573604,0.2491534863875296,0.18394715695966754,3528344.455520765,0.03103872988953045,0.18191314891608446,0.02985710465099554,0.30627039484573604,0.4652344041595112,1.0,0.30627039484573604
3,1,0,2,1,0.6764141810241898,0.05894977411408792,2.1773462700967117,0.017289952966176927,2.824414539142343,3.001910604849428,0.09638405312256103,112.90679858909641,9587834550.568407,0.0,0.283278874637864,0.3063463966918213,0.21034857950985938,0.17378061318644666,6735915.027965148,0.022123262450907816,0.11506232862373289,0.021814536977594876,0.3063463966918213,0.35035901387116125,1.0,0.3063463966918213
3,1,0,2,2,2.82832850435859,0.07976242752756495,5.043330777459209,0.012504792341627977,2.3480558427828817,6.143281957376593,0.15668921496969418,107.64801785710502,15886494323.852036,0.0,0.20245972697268352,0.3064145115591936,0.27094598484975935,0.1761123571593206,421430.05568101327,0.03670586335310302,0.22012971140693705,0.035041864032006514,0.31207681436529106,0.43827354933788115,1.0184792253385284,0.3064145115591936
3,1,1,2,1,2.295189381393441,0.0699764083019362,3.726218479000008,0.02437101353626483,1.0652627931117755,3.7386555420235283,0.19208971158437346,117.60641840044757,12522958011.507792,0.0011698363075266223,0.22702628623587479,0.30662808533277064,0.2506034258662008,0.18658591757806708,1442295.44357261,0.031401038527938206,0.16944040945172512,0.030465637944711826,0.7114345957387832,0.5304747646473597,2.3201873206320713,0.30662808533277064
2,1,0,1,0,0.7860448575095192,0.07743406507378751,9.172088007373075,0.0046282767245710565,7.638380063662844,5.113711394522,0.3352328395001772,77.06408090696968,17621027073.755596,0.0,0.25261617956322135,0.30664106715038875,0.23025736185602663,0.16882971804310473,4541705.631489779,0.02650922634444859,0.15458505123512978,0.02562515109606318,0.07812273058358182,0.3472705885095578,0.25476930180805624,0.30664106715038875
3,1,0,2,0,1.1376816655826425,0.05881872600543232,7.918399806834305,0.027256587760972815,2.743429865626748,5.070571680657362,0.5870561452181732,103.47923280439997,12480075494.921537,0.0009245967931871041,0.26349641872146573,0.3067320435537691,0.22277872764844545,0.17446050020764614,4930083.679579712,0.024815180746330115,0.14363937813198235,0.024239499757522175,0.027186235177824265,0.4146842804686211,0.08863187185416645,0.3067320435537691
1,0,0,1,1,1.6691263600445119,0.06154738709200476,5.4564026433921855,0.021039990708881188,4.5643052907086075,7.585142588661456,0.34512316667354054,113.92503782794827,16900481935.19785,0.001246100632780725,0.22640699917312201,0.3067335538230051,0.2513394806638434,0.19906071814221118,2466792.7263530507,0.03158576727018525,0.16787234458216505,0.03067245597858916,1.0,0.599950583508737,9.38950106701868,0.3067335538230051
2,2,1,1,0,2.4459892208485354,0.0759161730007744,4.621930748418264,0.021002366863704842,4.774819542440865,6.797125975085773,0.4685215590866615,89.4613555733222,12115118289.379688,0.000641867043063299,0.23350933606885546,0.306790855187311,0.24496116146467226,0.18678725607008578,3463815.9013969917,0.03000298531306062,0.17158222247829202,0.029070806234595025,0.306790855187311,0.3704159294406603,1.0,0.306790855187311
4,2,1,1,0,0.8469240089708033,0.00704172300266145,2.956841316678113,0.027844444115487407,6.840634903767172,4.182536468122109,0.31130742078882445,71.95402787854651,13356476175.640467,0.0,0.20834449372369282,0.30707974911917113,0.266194795359862,0.18616859927387183,741541.2765341077,0.03542983453833941,0.21040552098259713,0.034144630242038364,0.30707974911917113,1.2496301499037699,1.0,0.30707974911917113
3,1,0,2,1,4.834086427863829,0.07364088146990017,1.3596451177445805,0.024084851304945493,4.028735909110671,6.479671180722136,0.0643210660369981,127.43107724463434,10414172830.427979,0.0010442081087287196,0.19179628615569277,0.30732758430429247,0.28268710042460377,0.19298228153288854,1367945.143963549,0.039955998373235005,0.2286995617753157,0.03819233285122412,0.30732758430429247,0.29886922304280217,1.0,0.30732758430429247
3,1,0,3,0,3.57009697293985,0.08566246572828462,7.318845334230727,0.012938520756351324,4.257945954362481,4.604823586873421,0.013767771996559942,123.59774663394253,13226684998.561174,0.0,0.21481715808170732,0.30751660394562247,0.26272261136135916,0.2100800925305768,5955978.794629997,0.03451158526026588,0.16843774910562948,0.033381627021477914,0.2792153043740054,0.49220682732077975,0.9079682228260378,0.30751660394562247
3,1,0,3,0,3.57009697293985,0.08566246572828462,7.318845334230727,0.012938520756351324,4.257945954362481,4.604823586873421,0.013767771996559942,123.59774663394253,13226684998.561174,0.0,0.21481715808170732,0.30751660394562247,0.26272261136135916,0.2100800925305768,5955978.794629997,0.03451158526026588,0.16843774910562948,0.033381627021477914,0.30751660394562247,0.49220682732077975,1.0,0.30751660394562247
3,1,0,3,0,3.57009697293985,0.08566246572828462,7.318845334230727,0.012938520756351324,4.257945954362481,4.604823586873421,0.013767771996559942,123.59774663394253,13226684998.561174,0.0,0.21481715808170732,0.30751660394562247,0.26272261136135916,0.2100800925305768,5955978.794629997,0.03451158526026588,0.16843774910562948,0.033381627021477914,0.2792153043740054,0.49220682732077975,0.9079682228260378,0.30751660394562247
2,1,0,1,0,2.459162347755776,0.06522994414473733,7.105804103017612,0.030204107614368817,9.817991061996768,1.5017789940850577,0.5460614226709105,77.64938724251408,13104882958.757416,0.0014160044664044775,0.22412672729714792,0.30769273019736976,0.25370427734535306,0.18273110758880884,3009741.4683932997,0.03218293017166392,0.17720571833972953,0.030998494248115738,0.30769273019736976,0.4355029583501477,1.0,0.30769273019736976
3,1,0,2,0,0.5172911384612853,0.040165157791107714,7.124980309144702,0.015793790144351737,0.5092810177026771,1.855005566866782,0.7431392776790186,107.25938273194895,10919893329.40643,0.0,0.28601102828348784,0.3077635092793043,0.20898713730591806,0.16747579577109095,5628763.311779522,0.021837811779661324,0.12582988424630404,0.021442312084189483,0.01977167809123751,0.311794213807887,0.0642430876146988,0.3077635092793043
3,1,0,2,0,4.211896356188988,0.08102090888237654,3.4630395934108433,0.016839476218985742,5.8361537658121465,9.086658871221614,0.27929184141456603,127.05081067537262,14878293857.697496,0.0,0.20582671097472416,0.30793557886710704,0.2693562086828271,0.19481842593199733,2174212.653354821,0.03627638357799336,0.21331950864661176,0.034788221138335705,0.30793557886710704,0.3798531319280784,1.0,0.30793557886710704
1,0,1,2,2,4.3545542554829435,0.041573915103380196,6.069673503733469,0.09688917831980831,4.612497913883588,13.783729264524892,0.4215701990271131,128.61302958878227,14413158615.4281,0.0012607766134401022,0.22961370292406066,0.3080040855192634,0.24915924530608596,0.17960906518174116,3222249.921781687,0.031040164760749157,0.17583679228240123,0.029780113719729908,0.3080040855192634,0.4668372172429454,1.0,0.3080040855192634
4,1,0,2,0,4.599302247650461,0.08757120384141251,6.138183584173742,0.026086257361352033,5.517535580561204,15.650086761757628,0.27032093708795735,124.86461575353972,11749752303.287733,0.0008069056450481634,0.20524064644641654,0.3084070431072908,0.27004663493176834,0.2008673997399275,2497713.3454019544,0.036462592518985884,0.21937118569471192,0.0349714016975644,1.0,0.40382344804543446,16.125287890124234,0.3084070431072908
2,1,0,2,0,2.10371147675431,0.09697050772395209,4.16447059207729,0.036796242254167666,0.7668444353989488,1.416327127863919,0.2146681852259134,85.70352554055768,16719489913.16438,0.0010318140727788266,0.22812155114449137,0.3085313295371905,0.25063106275180586,0.2057976613912753,4831411.314074422,0.031407964808049825,0.1812216169875639,0.030621484660355917,0.3085313295371905,0.550428729216121,1.0,0.3085313295371905
5,1,1,1,1,0.9507162092382652,0.097752983746074,4.668658462418167,0.07079587210520083,6.13343918857998,2.39559131078438,0.11766287806690955,98.67996260612632,14768661283.350504,0.0006454666095023339,0.22709270069686482,0.30855292168147347,0.251231105778917,0.17789550978355126,3930418.742818015,0.03155853425544869,0.18701744856138125,0.03001070035829685,0.30855292168147347,0.40320636824238254,1.0,0.30855292168147347
4,2,1,1,0,1.1370191889885717,0.015154018882369794,8.639369062591651,0.09676326057162528,3.842731942489535,1.9128746015208264,0.6782932572650563,64.23241252681143,11639816827.65456,0.0010177850063671629,0.20440308363184181,0.3085977539387511,0.27110684879448066,0.17235327338051176,224731.0622502812,0.03674946173163669,0.2189309563804308,0.03492032118854562,0.3085977539387511,0.8836430334210452,1.0,0.3085977539387511
4,2,1,1,0,1.1370191889885717,0.015154018882369794,8.639369062591651,0.09676326057162528,3.842731942489535,1.9128746015208264,0.6782932572650563,64.23241252681143,11639816827.65456,0.0010177850063671629,0.20440308363184181,0.3085977539387511,0.27110684879448066,0.17235327338051176,224731.0622502812,0.03674946173163669,0.2189309563804308,0.03492032118854562,0.3085977539387511,0.8836430334210452,1.0,0.3085977539387511
2,1,0,3,0,2.153193899920866,0.07998215153656535,8.219789619413168,0.0259942335853696,4.5393118592835275,18.67716777964741,0.5639752612863154,87.89045195376143,13977767700.598133,0.0014442962980136763,0.2331604634418146,0.3086756575132022,0.24664539309607011,0.17776902739312037,3722330.679640182,0.030416974967757474,0.175988220338252,0.029181583339797947,1.0,0.5280953163306761,4.191195659313201,0.3086756575132022
3,1,0,2,0,2.4593635889012946,0.04207926010885063,6.645942596718102,0.04663062927261842,9.461628015724145,3.3302389657634928,0.49819125852360896,112.07467020218179,9651142870.2518,0.0006323783027769519,0.20032505482957164,0.30871180293647743,0.27520964519740704,0.18876562708465566,1903743.1365720793,0.03787017440484133,0.2228686485057102,0.035981392088594716,0.1659872668023499,0.3888520062243499,0.537677099558466,0.30871180293647743
3,1,0,2,0,2.4593635889012946,0.04207926010885063,6.645942596718102,0.04663062927261842,9.461628015724145,3.3302389657634928,0.49819125852360896,112.07467020218179,9651142870.2518,0.0006323783027769519,0.20032505482957164,0.30871180293647743,0.27520964519740704,0.18876562708465566,1903743.1365720793,0.03787017440484133,0.2228686485057102,0.035981392088594716,0.30871180293647743,0.3888520062243499,1.0,0.30871180293647743
3,1,0,2,0,4.976767424365347,0.03974191262845668,6.401761954651678,0.016367159795863062,6.952326571841242,4.564235728573017,0.472574661717867,107.1501680220167,14751509415.910162,0.0,0.19767798526995395,0.3087258740446528,0.277550632623024,0.18596660669593043,732221.8882620179,0.03851717683472042,0.2310118666366353,0.03685454287969831,0.36117330249221735,0.4991403151835463,1.1698834884178797,0.3087258740446528
2,1,0,2,0,1.8507778137111621,0.07277385036869465,9.320220364739795,0.02328510025074166,8.241912869341451,5.77026451543808,0.19452836561746312,115.57681986398661,17304217826.18389,0.0014662775414510903,0.2451358786443091,0.30874116500360793,0.23759815221549926,0.18469996664877658,4024483.9167613247,0.02822644096810978,0.1602171335296555,0.02738239014150341,0.07330678467235269,0.46314061742940216,0.23743767589753062,0.30874116500360793
3,1,0,2,0,0.9098200276028583,0.06472815103200864,4.948919610063469,0.018599879578201018,2.964535572157203,9.109932398662,0.3550149017901025,102.70571725348438,12370786295.478317,0.0,0.28793479351420054,0.3089970338641681,0.2093007155744368,0.18282180703386866,6736154.037685323,0.021903394769985644,0.11463949233450776,0.021657411256546105,0.3089970338641681,0.36392168496402966,1.0,0.3089970338641681
3,1,0,2,0,0.9098200276028583,0.06472815103200864,4.948919610063469,0.018599879578201018,2.964535572157203,9.109932398662,0.3550149017901025,102.70571725348438,12370786295.478317,0.0,0.28793479351420054,0.3089970338641681,0.2093007155744368,0.18282180703386866,6736154.037685323,0.021903394769985644,0.11463949233450776,0.021657411256546105,0.15052620936544467,0.36392168496402966,0.48714451230497713,0.3089970338641681
3,1,0,2,0,4.154387179594491,0.08012909913730575,5.877514203327814,0.013714322443275183,2.2947109891552446,8.794773786819237,0.09256381335151859,125.48261907058327,12885619767.202358,0.0,0.2060830604842177,0.30900343692328536,0.2698895472782905,0.17484138207626668,375960.40871742467,0.036420183865040305,0.21708007199638713,0.0347946388912054,0.30900343692328536,0.4393133428372156,1.0,0.30900343692328536
4,0,1,1,2,1.8273096086452245,0.03164693847350265,2.3458568816447385,0.037000140932902645,1.6384085624771698,1.070549685011673,0.49703308064820956,85.60790550146713,9655162311.110107,0.0008804904857995313,0.2562911328948225,0.30908105307671807,0.22964724482369664,0.1728985154464217,4907719.733476937,0.02636892852755743,0.15081566028248838,0.025464842354717864,0.30908105307671807,0.4152673751990581,1.0,0.30908105307671807
2,2,0,1,1,4.532305755434683,0.0895430204800987,3.120808451252875,0.010031327219088726,9.857497080284771,12.121770715578357,0.1700771567505739,118.91079219436351,17361592056.354794,0.0,0.20295384731966118,0.30919500375268966,0.27335213670707514,0.19149627350373827,2660426.949691436,0.037360695321161756,0.21570420305902605,0.03561409003889021,0.30919500375268966,0.3666074648153573,1.0,0.30919500375268966
3,1,0,2,0,0.9063519462700113,0.0648941964945504,4.952574803416653,0.018639038525097865,2.954928686476696,9.119758626951054,0.3569980568503631,102.89601796390673,12388678976.648355,0.0,0.2879884042763996,0.3093380980122273,0.20951039475806266,0.18312215341299423,6733957.558979257,0.021947302755839625,0.11482241624983058,0.02170059092878921,0.3093380980122273,0.36392624694683856,1.0,0.3093380980122273
3,1,0,2,0,0.5947678050858931,0.09823778102394708,1.4747192327875114,0.018583144273243955,0.5738083839084058,5.920892522510528,0.12438688285370773,107.30864629606252,13215812025.291422,0.0,0.30024964073786264,0.30938060414443586,0.20220219032502507,0.1736722435395687,7275399.488063933,0.02044286288611883,0.10671575545354628,0.02021028779805946,0.3702220577103422,0.3096960978884932,1.196655681548486,0.30938060414443586
1,0,0,1,0,1.7861430703780368,0.050794440654814935,5.718126566860875,0.004920521555896825,9.942983033640257,1.0264362249987211,0.6024474757926727,71.55283265329533,18151835602.14305,0.0,0.21972114452280983,0.30951626130683085,0.2584814789244332,0.17401680583177864,1037748.4229559535,0.033406337473481096,0.19309700526033569,0.03214427213072552,0.12987968157069762,0.317832242320468,0.4196215120405089,0.30951626130683085
2,2,1,1,2,2.444980471886998,0.07589243468969159,4.622340189659546,0.021033028283744287,4.773404655072827,6.79664302937449,0.46858650727113993,89.4577635381987,12112087298.803885,0.0006418020659650106,0.23287009277975387,0.3095528806775508,0.24767867550772937,0.18744304409373924,3413959.287901262,0.030672363150631553,0.17567513594704065,0.029685328361130737,0.3095528806775508,0.37306537722231486,1.0,0.3095528806775508
3,1,0,2,1,3.04039263919692,0.05988859185889098,3.3557874540471433,0.04002438195246526,8.12385343012325,1.909208189220024,0.5520816826589444,87.67561596563398,14443608663.345482,0.0005084249255628182,0.19932511897687588,0.30980834874847046,0.2769157109436149,0.19799434482542216,2274120.952853074,0.038341155483703836,0.22988107371964828,0.03652777764537691,0.08909802917665155,0.3625114352933071,0.28759079455598896,0.30980834874847046
3,1,0,2,1,3.04039263919692,0.05988859185889098,3.3557874540471433,0.04002438195246526,8.12385343012325,1.909208189220024,0.5520816826589444,87.67561596563398,14443608663.345482,0.0005084249255628182,0.19932511897687588,0.30980834874847046,0.2769157109436149,0.19799434482542216,2274120.952853074,0.038341155483703836,0.22988107371964828,0.03652777764537691,0.08909802917665155,0.3625114352933071,0.28759079455598896,0.30980834874847046
3,1,1,2,1,0.6106120636573943,0.0318647398139388,4.496162063372571,0.03536153248763653,5.630889011081768,10.450673181995729,0.6060225516632514,80.12277771770441,18498463055.240654,0.0014280103948699928,0.22840336275815296,0.30990143323332525,0.2512743117232573,0.20169950709840434,3738251.5683300532,0.031569389865998346,0.18666875821646123,0.030596563310073304,0.30990143323332525,0.4302965670707428,1.0,0.30990143323332525
3,2,0,0,0,0.9100685520895574,0.019967908301903484,7.1828258091297705,0.020773199820431663,0.24913978476680484,7.715384393560681,0.0947443977108857,128.91247926371116,9487441819.99981,0.0006087880720632732,0.25432795787843304,0.3100097830712044,0.2358124326692404,0.1950907105581521,8537364.552128723,0.02780375170069252,0.08367339104422211,0.027348956120964715,0.3100097830712044,0.38102774387525296,1.0,0.3100097830712044
3,1,0,2,0,2.374116202853758,0.09111428284832016,2.0186812773007423,0.035093279599621406,2.9390861458342497,7.570258601036123,0.3522345958314259,123.22591290831188,10213386347.401344,0.000580420449777164,0.26146753740104545,0.31010363704140914,0.22688044317124154,0.13582530662381087,1108070.0434375165,0.025737367746789478,0.14533636816420326,0.024755362043854378,0.31010363704140914,0.48098204953254725,1.0,0.31010363704140914
5,2,1,2,1,4.339973448819905,0.08374166533009664,8.37692454448186,0.03646733877849169,6.8495986037814385,18.271810629467442,0.6610351740355817,83.09197454421178,10093634277.258957,0.001206343774689577,0.21044160521284672,0.3101326372843891,0.2667185383696937,0.1925931709921145,3297819.549339205,0.0355693893550329,0.21479758831572127,0.03374281025684936,1.0,0.4676760941632713,21.5995356917757,0.3101326372843891
1,0,1,2,2,4.356639938886771,0.029497023871683244,1.4085680568224492,0.054023534073193866,8.653914781208323,9.98724891976249,0.6228036665727207,129.80656790462234,11790154654.568327,0.0009729513265816766,0.19879432902597144,0.3103263882874352,0.27855530169573933,0.1918770587053303,2107892.0722152637,0.038796528051402185,0.21994555583627196,0.03696791842873014,0.03663710930333416,0.29966928785941355,0.11805992234666031,0.3103263882874352
4,0,1,1,0,0.24311340092227876,0.03162578131658369,9.701831767734683,0.014556371707191984,0.5754407520929975,8.509181467639388,0.26991864365763385,73.35179794479734,15880713209.947716,0.0,0.20329534134939842,0.3104075481569153,0.2736126765709673,0.17744394485296755,1415944.6215789246,0.037431948390164366,0.2251060719205359,0.03530524390215099,0.3104075481569153,0.47029577805952866,1.0,0.3104075481569153
3,0,0,2,1,1.9360929230010413,0.039028213625598406,0.4288241324648133,0.035245543529716976,4.875276407207633,1.0764507546540438,0.6140833109307297,66.78306248410973,10126335222.002737,0.0009660144547917128,0.192114607397851,0.3104779431651527,0.2845257798621388,0.2060539795185868,2306867.80275149,0.04047745970307912,0.24478698944486255,0.038655288682651646,0.3104779431651527,0.26646041491436073,1.0,0.3104779431651527
3,1,0,2,0,1.4761009232977027,0.05412959500805486,4.5347895247198045,0.01886852761609966,7.986145482511328,4.111280066201944,0.7239720178813995,120.88297470525534,11420592030.586079,0.0007071617869316416,0.24055275997313746,0.31055221372463404,0.24255459672580199,0.1843638083254692,3577597.364839106,0.02941636619640822,0.16613432379060267,0.0284419948795545,0.31055221372463404,0.3608032883572692,1.0,0.31055221372463404
3,1,1,1,0,1.080424287909513,0.05579922940813325,4.550447726886442,0.04990799717337176,8.58271390489806,3.7238291849355125,0.675060805822524,85.3279629810451,19313524717.9595,0.0007775290996352291,0.24164028711467356,0.31055510947125725,0.24172422219937253,0.17708687797167777,3480621.747863196,0.029215299798945816,0.16489247179034838,0.028200886989293322,0.31055510947125725,0.36931404416921054,1.0,0.31055510947125725
3,1,1,1,0,1.080424287909513,0.05579922940813325,4.550447726886442,0.04990799717337176,8.58271390489806,3.7238291849355125,0.675060805822524,85.3279629810451,19313524717.9595,0.0007775290996352291,0.24164028711467356,0.31055510947125725,0.24172422219937253,0.17708687797167777,3480621.747863196,0.029215299798945816,0.16489247179034838,0.028200886989293322,0.05883169883936435,0.36931404416921054,0.18944044726724868,0.31055510947125725
3,1,0,2,0,1.1520364312302125,0.057556387160218984,5.248836965533455,0.014688750786221338,2.5225599878383407,5.705728306576615,0.5167635021765753,124.9902726721173,11163573616.833511,0.0,0.19973124083364938,0.3106645027103296,0.27728970284396226,0.1850960688479515,687915.144126104,0.038444789651646445,0.23028344406352563,0.03677643611107562,0.14857858670576096,0.4612128579224377,0.47826058468063504,0.3106645027103296
3,2,0,0,0,0.901668281621499,0.04822492097595929,7.079108872574957,0.04855625943986979,0.7768133224041293,1.2312166839730414,0.5282207598565065,86.08813270880702,10894113976.34433,0.0009489754774579444,0.2696641469804648,0.3106882156521003,0.22270560688496308,0.1863663459562269,7568635.921273109,0.024798893668999854,0.12184551989209114,0.024426495827012867,0.23225015993150766,0.42752447739662325,0.7475344999617709,0.3106882156521003
3,1,0,2,0,1.1203245516017795,0.07942862432225808,1.5131921191906508,0.006763520491275389,4.73920839200668,5.024444713413791,0.3099966931975702,123.39936415960582,11434927173.391592,0.0,0.21513209187659443,0.31081647056664796,0.2634642407916338,0.19166712720655166,2789679.1663103807,0.03470670308795599,0.20279589953114652,0.033389265901829855,0.31081647056664796,0.3057204486629441,1.0,0.31081647056664796
5,1,0,3,1,0.8795300828983803,0.06720233101144196,7.489734153614139,0.047913546708408375,5.578889218465839,2.5970964029036856,0.1628373249488586,64.21523917662662,19106473120.830418,0.0012948722483292444,0.21481847682746702,0.3108546704598636,0.2643400312103725,0.21827207221724107,3689409.503434301,0.03493782605015034,0.193509327121694,0.034003241540216084,0.3108546704598636,0.5858522030839798,1.0,0.3108546704598636
2,1,0,2,0,0.40935395953270337,0.087820632889948,1.3897401360099273,0.004264315212900056,0.9634272225916423,6.441799238236057,0.27350302363258033,127.6025081455977,14399864935.14944,0.0,0.22888113592172318,0.31093483688829116,0.25206458695327344,0.18713738814402933,3221350.2633569734,0.03176827799796217,0.18141392737181994,0.030535000640570516,1.0,0.3218436699025649,3.5794767794952285,0.31093483688829116
2,1,1,2,0,4.027200365201996,0.0627995904848496,5.2908760164210165,0.07325388943783503,4.577923568545531,5.6791154962992545,0.28052380278371014,93.82528343426027,19137502079.6379,0.0008095366325443727,0.21774410799178928,0.31107935816025617,0.2615223227078522,0.18704893725415556,2910174.95219219,0.03419696263725499,0.19730338641141298,0.03277240577746896,1.0,0.37619101187767734,5.713352858965015,0.31107935816025617
3,1,0,2,0,2.899105793649904,0.0728545488341036,8.460265234313708,0.015361286681730337,2.2890396299232716,9.330154164402964,0.3885314836660593,113.02349539875883,14298750568.412613,0.0,0.20786219366179423,0.3110929775592982,0.26996407217631924,0.17596607198122116,379009.9286897439,0.03644030013301045,0.2187795466127752,0.034871538462092455,0.3110929775592982,0.4380547020773681,1.0,0.3110929775592982
1,0,0,3,0,3.946224283633402,0.08390851814816341,5.97632166458783,0.04913256435199978,7.985079475665015,6.845545374051123,0.3226735326890752,118.72810568124025,18915816282.499146,0.0008203632874754503,0.21111497081414687,0.3112140718145283,0.2682507115065099,0.1830392497949976,1479550.814948441,0.03597922211187441,0.19423638635327245,0.034521661201117666,0.3112140718145283,0.42903939441993677,1.0,0.3112140718145283
3,1,0,3,2,4.346461016250606,0.08136810356364416,3.130483140759463,0.01734913923505505,4.284536677139409,9.358593853192158,0.29287384610518485,120.35315116128676,14720694532.133476,0.0,0.2630578024921268,0.31123337275832286,0.22669949733325076,0.14360077883554992,656582.2729923469,0.025696331045574283,0.14363294130298387,0.024788207606140162,0.0372341511107504,0.44618518163637594,0.11963418569403626,0.31123337275832286
4,2,1,1,0,2.053340930211615,0.05860606703512694,3.1917967882549068,0.023372871076181863,5.263205602011045,6.582501976060122,0.49911752887241756,85.70847248905707,10368920854.376617,0.0006237028254962932,0.21946101430683865,0.3113336723509955,0.2601899856212424,0.19383295306696313,2799634.549614204,0.03384941430879117,0.19625584426074594,0.03257254949256203,0.3113336723509955,0.36987829076019063,1.0,0.3113336723509955
2,1,0,2,0,2.3276449846693423,0.0829139039020679,8.478662593052036,0.025592080844684773,5.059859040630042,1.544899082682214,0.38612704339167997,71.8399867996953,16768438116.916748,0.0013915110295441243,0.25819101698347724,0.3113743746888053,0.230036834949382,0.18421300255117523,4523630.548671239,0.026458472716764613,0.15120929100775615,0.025801685068632396,0.3113743746888053,0.46037298180724556,1.0,0.3113743746888053
2,1,0,2,0,2.3276449846693423,0.0829139039020679,8.478662593052036,0.025592080844684773,5.059859040630042,1.544899082682214,0.38612704339167997,71.8399867996953,16768438116.916748,0.0013915110295441243,0.25819101698347724,0.3113743746888053,0.230036834949382,0.18421300255117523,4523630.548671239,0.026458472716764613,0.15120929100775615,0.025801685068632396,0.13768008389800154,0.46037298180724556,0.4421689615132979,0.3113743746888053
3,1,0,2,1,3.0489511899349817,0.0599060939302478,3.369678652310768,0.04018909815534447,8.116215332418408,1.908571493600309,0.5530019177647806,87.59412455552504,14437438389.299337,0.0005084550421185445,0.20071129012586986,0.31173002980821973,0.277291845883859,0.19799088699683312,2274743.198640366,0.03844538389683891,0.23009321942495387,0.036616461905792895,0.08961498860579875,0.3629396754366145,0.2874762776654242,0.31173002980821973
3,1,0,2,0,4.538890266539621,0.02721018854612596,7.259070203386432,0.035602308530253854,5.419760239680339,1.7792529087679103,0.44179555777726565,122.25880618998491,10436384334.506405,0.0005900054641093754,0.21294082139594017,0.31180069843777103,0.2661713436868008,0.18633426577600853,1891016.352156847,0.03542359210001852,0.20850647288807422,0.03370749213970273,0.31180069843777103,0.4010363115464549,1.0,0.31180069843777103
3,1,0,2,0,0.45383942862527543,0.05260354712013668,4.079716402990719,0.050879997905571836,5.878909419202253,1.742747444487565,0.6113763745804465,115.77425215105129,9434229996.416546,0.0006675152702174519,0.2787838351553119,0.31200662394842604,0.2164939685929611,0.17444136705112673,5536380.201059815,0.023434819218565012,0.1359152817701521,0.022991604310391787,0.22060839589991288,0.3485095427551355,0.7070631806085595,0.31200662394842604
1,0,0,0,1,1.0477777297609157,0.06487694710105427,7.655652176678513,0.04103984236673572,1.7105784558790298,8.332952716710903,0.3738317793075476,72.756092037167,11974788533.880236,0.0012186875439077207,0.25453892292722335,0.3121845023757376,0.23345896205203934,0.15751459581427926,1047556.5852198219,0.027251543481207775,0.15209024377363922,0.02625842533458218,0.3121845023757376,0.49874052961016124,1.0,0.3121845023757376
3,1,0,2,0,0.4458613462222889,0.05261673613622185,4.072766270824602,0.0508177831241447,5.876046663827857,1.7594862585987658,0.6116337645109451,115.78845440229694,9439095860.99168,0.0006681748137200431,0.27988204348807066,0.31232273054091375,0.21601696765729153,0.17471202221602375,5575313.751719061,0.02333166515792567,0.13528349023536523,0.02289644748115561,0.04977249046325946,0.34830222725505045,0.15936236974189538,0.31232273054091375
3,1,0,2,0,0.4458613462222889,0.05261673613622185,4.072766270824602,0.0508177831241447,5.876046663827857,1.7594862585987658,0.6116337645109451,115.78845440229694,9439095860.99168,0.0006681748137200431,0.27988204348807066,0.31232273054091375,0.21601696765729153,0.17471202221602375,5575313.751719061,0.02333166515792567,0.13528349023536523,0.02289644748115561,0.04977249046325946,0.34830222725505045,0.15936236974189538,0.31232273054091375
4,0,1,3,1,1.0473540021877497,0.021913892854572337,1.2414158941025402,0.06326589310115015,1.4293977844900476,1.6839107452152875,0.1490738606489902,128.00182925701054,16157202899.286283,0.0006633176391879546,0.2373481462124074,0.31255449965124704,0.24622856143383628,0.1645826151291879,172757.97801010255,0.030314252232888247,0.1789734325074358,0.029340798824983912,0.3529536439007276,1.0540330420092687,1.1292547197194682,0.31255449965124704
2,1,1,3,1,1.224340440228451,0.0170426634337332,3.7847534119776554,0.0077953329765439085,5.918549525827817,5.418134945993202,0.19349308324447018,111.19539257519465,10597834105.467255,0.0,0.22599402512190528,0.3126195830198298,0.2568699377340603,0.21097344859238704,5821858.175647482,0.032991082455750005,0.16909271119952163,0.03205405854951507,0.30254417032789677,0.3712637150708384,0.9677710123127702,0.3126195830198298
1,0,1,3,0,0.6167882464085075,0.04859775064949243,9.653859257090529,0.036434754222265546,1.308754100791253,3.218491959053544,0.41131234341372197,97.02631701120964,11279183119.990816,0.0011127737232055858,0.2196657391205142,0.31275242199742215,0.2614180578724847,0.22231751973715264,5087921.819312817,0.03416970049091088,0.19392404397770469,0.03330642816225876,0.31275242199742215,0.738668795352173,1.0,0.31275242199742215
3,1,0,2,0,1.3006586145131052,0.0776755449380997,5.6471582593523095,0.04041414640687831,0.8373760339805485,13.678149203901835,0.19936300342563062,98.21938151899448,10452303541.338945,0.0014032937889224778,0.271990923115313,0.3129852131114867,0.2228622765257862,0.1822220482581504,7088722.189583764,0.024833797149127992,0.12140972675802209,0.02445727642761061,0.3129852131114867,0.4505205188964187,1.0,0.3129852131114867
3,1,0,2,0,2.000612756819659,0.08057306895387743,2.6007781385858304,0.03719849399318342,9.293779443604596,1.0009806419671463,0.5865458624436387,91.34587030285091,13382685902.654728,0.001019616386115891,0.2268692329908811,0.313694008817754,0.25627358005007383,0.19227084896142344,2953901.402604341,0.032838073915840794,0.1821052108143545,0.03165771733005986,0.0880204633235207,0.3411985909384104,0.28059338351806945,0.313694008817754
3,1,0,2,0,3.285981824563314,0.05392417532337403,0.4859831837645141,0.02022272188043638,1.2921589715396438,4.742702525193056,0.6023232251654573,123.1368665975953,10116287699.759476,0.0005504926402012755,0.25202361742810775,0.3139667578086766,0.23710135238829805,0.15102371511204546,1010109.3064229375,0.028108525652179944,0.1486007417869547,0.02704216066306013,0.09910775376681305,0.49568187426640664,0.3156632073361308,0.3139667578086766
3,1,1,2,0,0.8960153931830878,0.04858202814860626,9.065592464213902,0.030723942584593704,2.093954168663558,4.707643685845481,0.708506408298326,106.90926778139975,11848641337.709301,0.0007550398249041528,0.282054374793995,0.3140330882208821,0.21584972443776884,0.17826544270046132,5780166.917720738,0.02329555176993037,0.13500049571078698,0.0228643248205804,0.3140330882208821,0.4092598070821448,1.0,0.3140330882208821
3,1,0,2,0,3.554882342868939,0.09868332399565817,2.5218426238761955,0.0056965320447154395,7.875605357650181,2.7344199870315418,0.02264930944075488,124.68516810693656,14851353267.905933,0.0,0.29393599128799414,0.3140959440561408,0.2092532608575021,0.1737259595345603,7508548.986050701,0.021893463589748908,0.11350191198532844,0.02160931771993172,0.08627092953039088,0.35818117734948973,0.2746642583674083,0.3140959440561408
3,1,0,2,0,4.32612858708424,0.0697450662128541,6.010584520399057,0.01615743894856775,7.358867151647343,7.748617166482591,0.6464426048265485,122.88889671837622,9097597486.507818,0.0,0.2107438245273775,0.31413682331774334,0.2703633946003857,0.19022512185841955,1886382.462819013,0.036548182569921935,0.2111250750435686,0.034926237755532996,0.31413682331774334,0.3826711991828222,1.0,0.31413682331774334
2,2,0,1,0,4.830261362499013,0.08896285026592551,9.251075075930144,0.018975079475628046,8.627753774357243,1.4617133328332255,0.6876515618530336,77.07778441564217,19957370524.26043,0.0010211758870403316,0.22482778493895697,0.3142364809419154,0.258159198160609,0.19126485911032381,3155397.6102849673,0.03332308579746429,0.19011323399454183,0.03211399004532243,0.032200155951461695,0.4372358680137222,0.10247109391927568,0.3142364809419154
4,1,1,3,0,1.6840849608661723,0.08978248432351829,3.6708205636849476,0.07457337456503443,7.291350327108288,4.261439405830261,0.6948633028167867,83.98799470236894,11871553710.264437,0.0013633223362984007,0.2681736510422553,0.31428072195950124,0.22531690697116918,0.16527770535924316,4259279.810709019,0.025383854283527255,0.14415955715870787,0.024546292889538097,0.31428072195950124,0.4184496580815806,1.0,0.31428072195950124
3,1,0,2,1,4.034827472957677,0.058461144530331265,4.126777042204622,0.024316518693215723,7.465920877961803,15.263611909540964,0.8030334988752165,63.743158207056986,19795681844.270958,0.001482862686971867,0.2249036196277118,0.31462533213909244,0.25833456818449513,0.19165751664442704,2741261.449295079,0.03336837455953478,0.1918659394414055,0.03216840472585186,0.31462533213909244,0.43320732255505495,1.0,0.31462533213909244
3,1,0,2,0,3.8200500816126968,0.022651660384998273,9.163335110580748,0.07812091131558174,9.19398635134655,9.211596987097739,0.36221865565766465,104.65024562296192,19936080987.052467,0.0008934905376539627,0.2560676572185644,0.31499035591539387,0.23405186348366241,0.15936398286260467,1290573.7521038412,0.027390137400087472,0.16084176053393395,0.0264210926543222,0.16578499172517172,0.9224381755444782,0.5263176748487545,0.31499035591539387
3,1,0,2,0,3.8218475695917893,0.028937788641599783,2.2818433047809,0.00902818945788325,4.626765098486674,4.919073812151774,0.15445063154095345,121.64524110767431,11353595897.347105,0.0,0.2670947234677892,0.31501127374738486,0.22638338658201046,0.18288899025775038,5238863.369349152,0.025624718860169995,0.14936229992226302,0.025044684570471595,0.16813429369304356,0.4907384596066602,0.5337405601168246,0.31501127374738486
3,1,0,2,0,3.8218475695917893,0.028937788641599783,2.2818433047809,0.00902818945788325,4.626765098486674,4.919073812151774,0.15445063154095345,121.64524110767431,11353595897.347105,0.0,0.2670947234677892,0.31501127374738486,0.22638338658201046,0.18288899025775038,5238863.369349152,0.025624718860169995,0.14936229992226302,0.025044684570471595,0.31501127374738486,0.4907384596066602,1.0,0.31501127374738486
0,1,1,1,0,2.8807979348300914,0.05577387686882133,2.029683592149127,0.012126163363325719,9.62733681353203,17.492655421351703,0.45548454875715116,79.28918688464711,16018329342.70746,0.0,0.19261030391853162,0.3150192772734695,0.2880772960177209,0.1956999904124616,1063204.4652351313,0.041494264240440795,0.2514963730530948,0.039464992772278176,0.19184564982744165,0.4233210994762516,0.6089965397923875,0.3150192772734695
3,0,0,0,2,1.2185713499338635,0.06487861837816111,7.041734948856678,0.04103406059014923,1.5991370038432964,6.918233059966234,0.5840910450771633,101.63158588055452,12794624391.026999,0.0012759992803918392,0.2168828652923136,0.31509226850582056,0.2664932198928099,0.2118977117133304,3618760.616633312,0.035509318124418765,0.18896978700646427,0.03419698243986072,0.31509226850582056,0.6985309175194265,1.0,0.31509226850582056
3,1,0,2,1,4.079012681389247,0.08994183733092957,2.4229028752847057,0.010314158759366074,6.547588355636247,3.5473286904434476,0.09937989601309974,122.13052375433028,10671377117.566725,0.0,0.2020967310648072,0.3150982512255303,0.27865244879322776,0.18623035211339528,583766.5774915486,0.038823593609231204,0.23717607708685007,0.03697732221575332,0.07596722065619463,0.43564011609447273,0.24109058162249652,0.3150982512255303
4,2,0,2,0,0.9161866612042274,0.09714386992494257,6.392928663864642,0.053878745364409834,1.9399864238534672,7.399645388697298,0.5339899270964034,129.09991067568046,11676307386.650782,0.0005299626044158648,0.2577137271334161,0.3151130423466556,0.23334181615725985,0.17440458575837553,4573340.968538809,0.02722420158378423,0.15279341074040698,0.026339741501679403,0.3151130423466556,0.3860306468969233,1.0,0.3151130423466556
2,1,0,2,0,1.482425933217928,0.09075964183329584,3.245442668477832,0.016792126427764818,7.702800818641869,5.456709589182505,0.18322586104969413,91.00937412846422,9843383353.762169,0.0,0.2701366477363047,0.3153563778719035,0.22463784585505325,0.18813434791029404,4878789.548953298,0.025231080895199334,0.14578827044818599,0.024752942475671436,0.4105202813624324,0.34546037557399933,1.3017662243989372,0.3153563778719035
3,1,0,2,0,4.444526460921778,0.07945169681910692,3.9029911136716784,0.0384664266351393,4.125241018813342,15.107146683700154,0.4902743003717959,126.65927564105586,14953805996.643827,0.0008296680123884315,0.2345159484133831,0.31538857001138676,0.2508930018172836,0.19081400562979808,3018974.188325224,0.03147364918044373,0.18293301152237373,0.030404738502082022,0.31538857001138676,0.3850679542050354,1.0,0.31538857001138676
2,2,0,2,0,1.2474813783401804,0.08726088043593933,3.0125029890710056,0.004124311388064172,7.4676123239919425,7.488567445642726,0.2061240144779599,100.48557654678932,10055827260.927837,0.0,0.24311303742867804,0.31548064816260635,0.24431551128921516,0.18841318408866914,3747284.3560520816,0.02984503452825531,0.17100643045630792,0.02888135490168306,0.31548064816260635,0.34613681891509557,1.0,0.31548064816260635
2,2,0,2,0,1.2474813783401804,0.08726088043593933,3.0125029890710056,0.004124311388064172,7.4676123239919425,7.488567445642726,0.2061240144779599,100.48557654678932,10055827260.927837,0.0,0.24311303742867804,0.31548064816260635,0.24431551128921516,0.18841318408866914,3747284.3560520816,0.02984503452825531,0.17100643045630792,0.02888135490168306,0.31548064816260635,0.34613681891509557,1.0,0.31548064816260635
2,2,0,2,0,1.2474813783401804,0.08726088043593933,3.0125029890710056,0.004124311388064172,7.4676123239919425,7.488567445642726,0.2061240144779599,100.48557654678932,10055827260.927837,0.0,0.24311303742867804,0.31548064816260635,0.24431551128921516,0.18841318408866914,3747284.3560520816,0.02984503452825531,0.17100643045630792,0.02888135490168306,0.12249548358349574,0.34613681891509557,0.3882820841687843,0.31548064816260635
2,2,0,2,0,1.2474813783401804,0.08726088043593933,3.0125029890710056,0.004124311388064172,7.4676123239919425,7.488567445642726,0.2061240144779599,100.48557654678932,10055827260.927837,0.0,0.24311303742867804,0.31548064816260635,0.24431551128921516,0.18841318408866914,3747284.3560520816,0.02984503452825531,0.17100643045630792,0.02888135490168306,0.12249548358349574,0.34613681891509557,0.3882820841687843,0.31548064816260635
4,1,1,1,0,3.387406104167907,0.06283127663367533,1.6488319390634687,0.012850384228573486,7.6655193092996985,15.780952315801613,0.5406762996443226,66.4453592224135,19864082502.846287,0.0,0.19674150129328982,0.3155574313907093,0.28460792873522683,0.19344448812494547,1412566.230620845,0.040500836549477975,0.24146531658284087,0.03831126122993178,0.3155574313907093,0.3173497241671843,1.0,0.3155574313907093
5,2,1,1,1,4.391526575715386,0.08462231871412625,6.880237380500873,0.01640988022225652,4.500177638532708,1.3177644684853806,0.4239775778002301,116.2605353225432,15160288100.943306,0.0,0.20581025351936888,0.31557238603189475,0.2756328892718823,0.1972086882653468,2191645.0837010527,0.03798674482418286,0.2300548257896715,0.03628667927712662,0.12033841007750337,0.4507476013273078,0.38133377761811144,0.31557238603189475
5,2,1,1,1,4.391526575715386,0.08462231871412625,6.880237380500873,0.01640988022225652,4.500177638532708,1.3177644684853806,0.4239775778002301,116.2605353225432,15160288100.943306,0.0,0.20581025351936888,0.31557238603189475,0.2756328892718823,0.1972086882653468,2191645.0837010527,0.03798674482418286,0.2300548257896715,0.03628667927712662,0.12033841007750337,0.4507476013273078,0.38133377761811144,0.31557238603189475
5,2,1,1,1,4.391526575715386,0.08462231871412625,6.880237380500873,0.01640988022225652,4.500177638532708,1.3177644684853806,0.4239775778002301,116.2605353225432,15160288100.943306,0.0,0.20581025351936888,0.31557238603189475,0.2756328892718823,0.1972086882653468,2191645.0837010527,0.03798674482418286,0.2300548257896715,0.03628667927712662,0.12033841007750337,0.4507476013273078,0.38133377761811144,0.31557238603189475
3,1,0,3,0,2.5109478721784346,0.024827016610851363,9.903773445695581,0.0981867629940637,8.02705716022647,8.163313419573038,0.24236179364721128,71.22020213752978,15882732081.887794,0.0005150654973829238,0.24919708736793547,0.3155806574179167,0.23954079696949687,0.16447120562760875,932369.5837758152,0.02868989670639086,0.16858054501217268,0.027638919007251673,0.3155806574179167,0.6770468054109942,1.0,0.3155806574179167
1,1,0,2,0,4.8429589560137405,0.07988452711920965,2.1761686492935897,0.003168857858881753,3.040907250189463,3.7970709279576433,0.0738635002136243,118.50410195531519,12278358541.052914,0.0,0.22894313219601603,0.31560033240680296,0.2561514350349635,0.17542359466728732,1258025.0763056406,0.03280677883523556,0.1808625247251735,0.031525875847769835,0.31560033240680296,0.3069483331220024,1.0,0.31560033240680296
2,1,0,2,0,1.5040269778896098,0.07821785263142245,3.0566331027839744,0.01327613549714681,5.345530494394355,9.134264059463893,0.11578073026811089,117.44046070679924,12905054955.695454,0.0,0.26678865224008397,0.31568938563750404,0.22707136666304642,0.18397328320185571,5091332.578263866,0.025780702779111837,0.1506409733363725,0.02520043947011474,0.31568938563750404,0.34042590508609283,1.0,0.31568938563750404
3,2,0,0,0,0.9984075380232803,0.06772054902208699,6.15642144771655,0.05485786195679499,0.19982966752626313,4.8458897162620485,0.40205001669479135,103.10729612087745,9387818055.446377,0.0005758471153113321,0.2794398453099193,0.31574097256731193,0.21967805156152476,0.18903024053910128,5956554.899239426,0.024129223168933966,0.12252366925717761,0.023759658726699412,0.31574097256731193,0.3981044431844136,1.0,0.31574097256731193
3,1,0,2,0,4.212003738348799,0.07204083642432786,5.853185210333117,0.017827629188178252,9.667233427204616,6.439285550533506,0.19258608798824894,116.94569959826634,14109313459.669285,0.0,0.2136928146802346,0.3160158989002209,0.2693970220167201,0.18850537454275146,1829562.4031555264,0.03628737773573859,0.20729844464193814,0.03467711282230143,0.2225083550251701,0.38639894021432725,0.7041049383892709,0.3160158989002209
3,2,0,2,0,0.9970074976162299,0.06216069884831671,0.5623010425322181,0.013102724541371161,0.27966652364503686,1.3313858118550743,0.06737818255359007,115.12902880495052,10184103950.131063,0.0,0.27051009615896077,0.3160939729730191,0.2250056471280121,0.1829494046881388,4628743.440588991,0.02531377061974775,0.1447395061071166,0.024695542279584495,0.14056325146090123,0.18706801212813406,0.4446881733898144,0.3160939729730191
2,2,0,2,0,1.358813759503738,0.06179222351923748,5.341248404866124,0.05422599686070258,6.04473484909126,8.740525988725524,0.5871484996635508,124.20396996496328,14410293623.91919,0.0005516463305214948,0.2510579601853958,0.3162152278150578,0.2388476439629372,0.17603820451711488,3657948.9394680946,0.028524098513323003,0.16375472065508745,0.027490741722792464,1.0,0.3618027004209758,6.853780506708674,0.3162152278150578
3,1,0,2,2,1.6406480306205524,0.09736388327219504,2.0126164118157552,0.033984310700876895,9.027931564344282,1.4747195331891787,0.40571272438442235,90.36222121718617,14538035883.505487,0.0010078773809900816,0.240730827580074,0.3162425642299022,0.24725637218078686,0.1860445078813041,3259221.731200948,0.030567856792001896,0.16599388703515394,0.029513524477965968,0.05102359210490219,0.3242380303391319,0.161343215228324,0.3162425642299022
3,1,1,2,1,0.3860209180081545,0.04724925866108196,5.513997727710116,0.010218532402121703,1.026638856679503,1.8609227866700564,0.028505746949526893,85.9223649523529,13742173476.77671,0.0,0.237998061760059,0.31677022388869674,0.24918293571340625,0.15774335992159164,1823709.7838373724,0.031046067725375777,0.18082289235449933,0.0296707362334723,0.31677022388869674,0.3967905252396737,1.0,0.31677022388869674
3,1,1,2,1,0.3860209180081545,0.04724925866108196,5.513997727710116,0.010218532402121703,1.026638856679503,1.8609227866700564,0.028505746949526893,85.9223649523529,13742173476.77671,0.0,0.237998061760059,0.31677022388869674,0.24918293571340625,0.15774335992159164,1823709.7838373724,0.031046067725375777,0.18082289235449933,0.0296707362334723,0.11221574589571033,0.3967905252396737,0.35424966563504867,0.31677022388869674
3,2,0,0,0,1.7918546912064017,0.07516236568547688,5.126241792945266,0.030813633880404506,7.679194196190591,5.467488302873026,0.539750133603177,121.65171381094207,10114017278.95406,0.0009507296679727871,0.22916507362489957,0.31686674539268844,0.25658732564714254,0.186804016421251,3173969.442985263,0.03291852784137638,0.18912090934129377,0.03169819642382618,0.6126778134780155,0.4027769231326334,1.933550372156386,0.31686674539268844
3,1,0,2,0,0.8342712971563373,0.05217766978078119,2.8101269135593925,0.07168800549003501,5.587309537595891,2.2696958571889345,0.35546829937665664,91.94496105400135,10001075905.238535,0.001141498649016347,0.2913861157017956,0.3169491061523751,0.21212061401488996,0.17408448166019783,5643236.944985632,0.022497577445026964,0.12912501297021428,0.022098529051785852,1.0,0.3570489458911073,4.817490377249251,0.3169491061523751
3,1,0,2,0,4.2543911813978506,0.09216834888021153,4.010821292018017,0.01666738845998097,4.169879502973502,2.446871269596458,0.3825885831920825,111.78306389587965,12834489066.320581,0.0,0.19557187884470006,0.31698332410769553,0.28665657058613564,0.19245332374178795,906534.0147964314,0.04108599473010208,0.25238412030832846,0.03910789937749435,0.31698332410769553,0.43252099702011837,1.0,0.31698332410769553
3,1,0,2,0,0.46363051091700347,0.0472596996388866,4.948285712944596,0.012363864337651641,2.0446144434473212,7.031308376499658,0.0765903916057797,128.97223492295532,10060173103.14526,0.0,0.29690872878952623,0.31701020960794063,0.20877473777501335,0.17230332516605976,5841895.706314395,0.021793445566512793,0.12561730540329397,0.021434388398701026,0.31701020960794063,0.3597781169827153,1.0,0.31701020960794063
5,1,1,1,1,1.8461880295259667,0.057952229722879285,2.040927880587811,0.019038679000990454,5.249770662914977,13.257553016823469,0.4472862266077596,88.56931146902078,10719516831.506308,0.0010504121499555021,0.22426905334170852,0.31703803020097926,0.2611239933520896,0.18590397425520686,1977511.9133560788,0.03409286995207106,0.19103291506233944,0.032765039728446126,0.31703803020097926,0.3651194291806826,1.0,0.31703803020097926
3,1,0,2,0,1.874236195752188,0.0624754550702983,8.81438376223484,0.048787928467522924,6.687149573201514,5.8740332287948815,0.5926640255534018,127.85420261791117,16424083071.433672,0.0007232359895024518,0.22901439901428566,0.3170478364156836,0.25664178960225764,0.18643661969382616,3057277.134416993,0.032932504085124735,0.19328797924072894,0.03149377384755713,1.0,0.39229562700216897,12.913912277866542,0.3170478364156836
5,2,1,1,1,1.5564923565936937,0.0452023442049369,4.266390622469237,0.015616347895828366,5.2190311481782246,4.672664618242551,0.37478964470883674,123.21516699066258,11113533918.720716,0.0,0.1967479940133108,0.3172184328860343,0.28608544703041056,0.19199443176787423,751913.8902061526,0.04092244150129492,0.24378980828497665,0.03906661649512038,0.4320534163624921,0.47051771393987957,1.3620060235204368,0.3172184328860343
3,1,0,3,0,3.352897752810118,0.09205765056786035,6.408859032394212,0.004157681992410154,4.49807073705596,7.957060566029654,0.14497402509939855,110.32582889212408,19132479528.021614,0.0,0.2145635955048253,0.317443894578321,0.2695884429537194,0.20855048797972509,3159411.982350751,0.03633896428710542,0.21187637043615803,0.03503470272615666,0.02213735455204938,0.410749992842703,0.06973627444136452,0.317443894578321
3,1,0,2,1,3.0325681410173795,0.060844845962402756,3.3027481898196265,0.042266990207748455,8.102243467204408,1.8407957924288996,0.5351330406160874,88.2910608178525,14675013544.991564,0.0005064026900841989,0.19434984169405967,0.31760243103871955,0.28858680712854634,0.20365665020723459,1945154.7923157522,0.0416411726243244,0.2530154600163814,0.03960059960255536,0.05660965636004136,0.35913284018363645,0.17824062673229338,0.31760243103871955
1,0,0,3,0,0.7562958891889631,0.0784189083655298,3.976255928086556,0.032141947278095474,8.952659177685534,1.5822933526948117,0.26828479521876814,87.95501426360279,9417248209.313696,0.0005179086445262769,0.24229198999337492,0.31766033645695535,0.24728119937661328,0.15969045879724666,1289676.1596534157,0.030573995782568184,0.16354892216270622,0.029357096090791974,1.0,0.399788794465343,3.4013955003987015,0.31766033645695535
3,1,1,3,1,1.626161705889532,0.05216781629700476,3.700061386951591,0.0036830654519769083,8.445084903966913,6.973859527047915,0.512726819388129,94.7597787268307,18085505364.919796,0.0,0.2161378881875078,0.31778982223484914,0.2682216977283221,0.1901984131052534,2230535.611839935,0.03597143956613169,0.21424860725762807,0.03436071377005685,0.6905162231499916,0.37724493110032237,2.1728707933248246,0.31778982223484914
3,1,1,3,1,1.626161705889532,0.05216781629700476,3.700061386951591,0.0036830654519769083,8.445084903966913,6.973859527047915,0.512726819388129,94.7597787268307,18085505364.919796,0.0,0.2161378881875078,0.31778982223484914,0.2682216977283221,0.1901984131052534,2230535.611839935,0.03597143956613169,0.21424860725762807,0.03436071377005685,0.6905162231499916,0.37724493110032237,2.1728707933248246,0.31778982223484914
1,0,1,2,2,1.0500229770073075,0.044103267419738926,6.179692699935218,0.07667002591616505,0.5361719600004718,7.389739896147985,0.3903624880301706,106.71794232726322,10991753372.47005,0.0008124580928695775,0.21276659846620682,0.31779321696046664,0.2715580599202125,0.18081578723549874,1196680.6944507079,0.03687188995381485,0.21423183478345265,0.03537169597599624,0.6406528413147509,0.44556990251820244,2.01594246548833,0.31779321696046664
4,2,1,3,1,1.2725364890363464,0.04641968373718037,0.7944083091192822,0.009690398374097244,1.3373266604024387,6.362563216336701,0.2142536188667833,121.36596778621372,14440412293.797972,0.0,0.26865174117711443,0.3184910229232496,0.22804037740167912,0.1469389138468091,806727.1157815814,0.026001206862750124,0.14833402091338477,0.025025705708755053,0.3184910229232496,0.4365469285920069,1.0,0.3184910229232496
3,2,1,1,0,3.82535596043343,0.06432416372926426,9.160601988217408,0.042820694157942506,2.3257637936425177,4.102402313990109,0.5725548550043301,71.71503709372443,15389898328.720182,0.0006275640773484301,0.22933304070729799,0.31849368362735686,0.25763505266472986,0.17312217861719023,1739686.7663912158,0.033187910180779066,0.19311786973522393,0.03136440480106689,0.31849368362735686,0.41418569349899337,1.0,0.31849368362735686
3,1,0,2,0,3.199107078259168,0.01055999879556434,4.305017618255608,0.005847174459498429,7.529647837222862,11.015888119266904,0.07686917731370073,98.72884030895196,12640637388.668526,0.0,0.2633300487568504,0.3185055513706359,0.2317177593935781,0.1673427812535036,516626.6924528564,0.02684656000919008,0.15376502362582745,0.026204871577235177,0.3185055513706359,0.7382538026675901,1.0,0.3185055513706359
3,2,1,2,0,3.7312886480901954,0.04403825711267906,3.3683181249435123,0.029234548554279188,5.058732945883519,15.079361923179533,0.11122429923764231,106.97345563128874,16507858896.526997,0.0011844714889713728,0.22720272327124794,0.3187170980010362,0.2595007168566131,0.19547843225728495,2620396.4423989886,0.03367031102454804,0.1979455455642658,0.03252460992488751,0.3187170980010362,0.3808591155517985,1.0,0.3187170980010362
3,1,1,2,1,0.1488385039800278,0.06763174703753819,3.776797920055016,0.003715346184474602,1.5635173333547994,2.9728859284883122,0.1845263434817903,96.25456175930276,14842302757.729576,0.0,0.22645794406196362,0.3187327795252865,0.26018169558192017,0.17692559979237305,870569.9486140035,0.03384725735794149,0.19828806050457037,0.03264432043565637,0.3187327795252865,0.3451016684198991,1.0,0.3187327795252865
3,1,1,2,1,0.1488385039800278,0.06763174703753819,3.776797920055016,0.003715346184474602,1.5635173333547994,2.9728859284883122,0.1845263434817903,96.25456175930276,14842302757.729576,0.0,0.22645794406196362,0.3187327795252865,0.26018169558192017,0.17692559979237305,870569.9486140035,0.03384725735794149,0.19828806050457037,0.03264432043565637,0.02391374495684573,0.3451016684198991,0.07502756695581272,0.3187327795252865
2,1,1,0,1,1.4827824254473474,0.05873430377514636,6.421024278412123,0.041074241159798776,4.895409117521366,7.397159703395335,0.47922345414822026,64.13844147661545,19993412093.52543,0.0010252126862374993,0.2556191090470821,0.31873522290345735,0.23752287563492933,0.18418806712277375,4226992.6670873985,0.02820855822494305,0.15969649244712747,0.02736795890670436,0.31873522290345735,0.4428161419355846,1.0,0.31873522290345735
3,1,0,2,0,0.2872724510379804,0.06171497760571363,1.2999434619684564,0.004121141052548936,1.4065083461925227,2.2685869164009347,0.5557028839691924,126.3766409752979,10191385856.739952,0.0,0.2721251107783482,0.31893160014092237,0.226322677608791,0.17168275215779943,4616101.201288237,0.025610977200006373,0.14005222804755557,0.0248658722488991,0.31893160014092237,0.2942605395748356,1.0,0.31893160014092237
3,1,1,2,1,4.145076937098576,0.032901389777264325,5.4285396282232625,0.01573991779975525,0.8292394815085127,13.176665148144506,0.22561080817639986,105.26293328249368,14469243398.583454,0.0,0.21162531082076227,0.3192994962782147,0.2736556665036077,0.1822930937415021,753003.6988745658,0.03744371190476687,0.22191626007984722,0.03589992551458393,0.2676359454821573,0.48237478122007915,0.8381972054505169,0.3192994962782147
5,1,1,1,1,4.9790184386877945,0.06633919924438744,0.9387330210083588,0.010604404239258097,0.5722303688138464,6.948427499564293,0.4567730581410386,109.59933168545165,10282110949.00491,0.0,0.20487275958500106,0.3193579333924436,0.2796796248626645,0.18503899097604534,487831.4171651359,0.03911034628166038,0.23902424325115756,0.03720666316643317,0.3193579333924436,0.39394122457831815,1.0,0.3193579333924436
4,2,1,1,0,1.0716207056858456,0.0306084543231991,8.351213599051185,0.052658740478791516,4.372455207171526,7.382107088912534,0.7993393163225134,62.42037669866424,12889858874.075651,0.0010753657669684855,0.20400637694365867,0.3197661569782988,0.2821133313641915,0.23417219576430875,4914499.705057835,0.03979396586670105,0.21947449524845852,0.03847333996480339,0.22105076239009278,0.5672377379116955,0.6912887982861006,0.3197661569782988
4,2,1,1,0,1.0716207056858456,0.0306084543231991,8.351213599051185,0.052658740478791516,4.372455207171526,7.382107088912534,0.7993393163225134,62.42037669866424,12889858874.075651,0.0010753657669684855,0.20400637694365867,0.3197661569782988,0.2821133313641915,0.23417219576430875,4914499.705057835,0.03979396586670105,0.21947449524845852,0.03847333996480339,0.22105076239009278,0.5672377379116955,0.6912887982861006,0.3197661569782988
3,1,0,2,0,0.5914330782183107,0.08663560005796885,1.3737538073641722,0.0052162436287128125,0.7715264996499926,5.9765074408738625,0.29049100020845303,127.18477999442732,10351344180.173073,0.0,0.23308849217708008,0.3197823056936025,0.2554525641688589,0.19380248966174954,3362467.5070787664,0.0326280062702225,0.1918504000717498,0.031498282818750854,0.024112465898768608,0.32270415295622573,0.07540275202678606,0.3197823056936025
3,1,0,2,0,0.5914330782183107,0.08663560005796885,1.3737538073641722,0.0052162436287128125,0.7715264996499926,5.9765074408738625,0.29049100020845303,127.18477999442732,10351344180.173073,0.0,0.23308849217708008,0.3197823056936025,0.2554525641688589,0.19380248966174954,3362467.5070787664,0.0326280062702225,0.1918504000717498,0.031498282818750854,0.024112465898768608,0.32270415295622573,0.07540275202678606,0.3197823056936025
1,2,0,1,0,3.797685361674284,0.0792815817924652,3.807886250144513,0.019959941095201335,5.786630022170445,10.887161260324426,0.6488685405988233,112.16026201344391,14669430422.457016,0.0005713991689673121,0.2719055494374928,0.3198615524925005,0.22677010248821067,0.14795154726597626,967309.8549871343,0.025712339691256785,0.14759662880751645,0.024813271850149324,0.21784036503278212,0.5022000977549664,0.6810457941421066,0.3198615524925005
3,1,0,2,1,0.5934450989832594,0.08660412495886965,1.3740992587964223,0.005225199628553613,0.7686568183352352,5.96958743252311,0.29036566651706114,127.17513551431632,10356748263.180456,0.0,0.23293451563684062,0.3199120405796009,0.25568596718230724,0.19380661611584568,3351866.193425141,0.03268765690697595,0.19214526783058705,0.03155179183118782,0.02411916176424676,0.3228167292205207,0.07539310405619261,0.3199120405796009
3,1,0,2,0,1.6441729167114778,0.09646701406076928,5.283027203766148,0.022137209606889585,5.277718421489189,16.82679264694255,0.056237929039909554,112.85458122252814,15364603925.082111,0.001447058432605272,0.2683775388248553,0.3199383393360633,0.2292938265514715,0.18152256273164555,4390213.520344469,0.026287829447308154,0.14987279175170598,0.02567018483338756,0.3199383393360633,0.4224795764284873,1.0,0.3199383393360633
2,2,0,0,1,1.0136478923554328,0.06685177168280501,6.9851420676109885,0.028923471654554906,1.72739225611462,10.95957462036185,0.2898105719828558,108.3011450404414,19493028714.062366,0.0008775486280007518,0.28912057220882487,0.32047273888174105,0.21593518116916713,0.18314793372331287,6357670.96566651,0.023314001233280517,0.13457785784562937,0.022970122572142603,0.32047273888174105,0.4326176355259192,1.0,0.32047273888174105
2,1,0,0,1,4.375358175986331,0.07847824487050802,1.8060337483696793,0.099332264815968,3.8039741465195833,2.335191278861018,0.46131845575746605,75.94921167741707,19148564108.416462,0.0011208442235578883,0.23364743887569786,0.32047826756560227,0.2559166131379938,0.1854599384117782,3052302.2615899644,0.032746656440010784,0.1856718793828689,0.031374397899800864,1.0,0.34179257887641745,3.6024120429974698,0.32047826756560227
1,1,0,2,0,4.159315409043297,0.07692290968786289,3.002724453577112,0.037936011993145995,7.400550932925269,7.724228864592746,0.2787460141150453,81.93172559289278,18776823093.69499,0.0013118053184898012,0.21074750603674747,0.3205585810308669,0.27577501118276504,0.18945954074994767,2481910.541051316,0.03802592839642709,0.22091386515843714,0.03631705724237992,0.09044688891951809,0.3702895530538917,0.2821540095063276,0.3205585810308669
3,1,0,2,0,0.5916644001831591,0.08791574366654409,1.1530417864615976,0.01697968802658874,1.1851576924230356,5.198741871306811,0.10752526270546861,126.4024388701529,12139937604.201763,0.0,0.29039846302016975,0.3205797969988143,0.21533234087464637,0.1860677155233077,6014350.727459425,0.023184008513277447,0.13157023239290067,0.022847294373082392,1.0,0.26485039923708803,3.654264082021931,0.3205797969988143
3,2,0,0,0,1.5462838308585338,0.09825010275097734,5.0860831269668765,0.023746026324317118,8.115843775757087,8.632625835757816,0.027613763379428086,129.909121530885,11153546467.842205,0.0006377626175121179,0.2590180247666121,0.3206717943703089,0.23637131759196928,0.18355029585360644,4114337.954751031,0.027935699890081805,0.1606906284341093,0.027181779830518955,1.0,0.3936538834559262,3.4933187458746358,0.3206717943703089
4,2,1,1,0,4.163622981704328,0.02562300897508599,7.734960804763607,0.09682156962180917,3.138337951325675,7.893962236441562,0.8183966758507208,81.32593885003527,9594842175.769932,0.0012827655862116527,0.2674513453316467,0.32091442285011806,0.23083557847375236,0.1497685940596968,253080.22840468198,0.02664253214465594,0.14846204369960592,0.02589598287018846,0.4685926120740602,0.9342017285557409,1.4601793459838193,0.32091442285011806
3,1,0,1,0,4.254402989759865,0.03132372042609214,5.007572984418512,0.03466521393445994,6.006252580845164,12.23677711906521,0.41000457550294017,91.17198591726964,10104893496.162283,0.0005927273754762952,0.20404011729519203,0.32092902709904,0.2819696712723553,0.20430060781349185,2356491.015769326,0.03975344775872005,0.24046349299602587,0.03793223555916367,0.32092902709904,0.38656255644089693,1.0,0.32092902709904
1,1,0,2,0,4.600267348978652,0.04106427453354006,3.08847742186532,0.024906974340111836,7.648065209467188,10.858214555735714,0.035093834354960565,91.13578968802884,19055381241.12805,0.0013634387170278707,0.21373668796138773,0.32096181104037347,0.2735749660787995,0.18625838306430142,1982517.5789253875,0.03742163103250815,0.2132135468355194,0.03582275985484052,0.04207802602407104,0.3715200067987664,0.13109978999582006,0.32096181104037347
3,1,0,2,0,2.972352331914547,0.04186258331145279,6.052637063238362,0.03891756314667921,6.343307986481664,14.065215712095739,0.38808322116577765,120.22678162783518,13314543019.6141,0.001088191210819824,0.24147835469166448,0.32096349234056504,0.24982235103891598,0.18939402347297524,3295531.593168649,0.031205603539305682,0.17995301806246877,0.030147707839963275,0.32096349234056504,0.40602890648995865,1.0,0.32096349234056504
2,2,1,1,0,1.4399940364484483,0.042036764287824636,3.4501150027903775,0.03060619022966586,4.058668113914517,3.428191422921766,0.7107364659721415,95.73243192582508,18031920184.173367,0.0010843782732135312,0.2658544249476274,0.3210713421817957,0.23203723609759838,0.17962124965052925,4245892.297101495,0.026920639467906304,0.1505577395829255,0.026151145263562155,0.3210713421817957,0.38153959189356207,1.0,0.3210713421817957
1,0,0,1,0,4.81821410956038,0.050794440654814935,5.718126566860875,0.004920521555896825,9.942983033640257,1.0264362249987211,0.6024474757926727,71.55283265329533,18151835602.14305,0.0,0.21387891772403114,0.32109828840787624,0.2733000397046099,0.18566089101673358,954078.6930784627,0.037346455851270687,0.2176764297298912,0.03580251652261827,0.32109828840787624,0.31690285274518554,1.0,0.32109828840787624
2,1,0,2,0,1.7714046847249303,0.07199673620471186,9.138602731790105,0.024394047284636716,8.199147823035284,5.519527479687779,0.19961327632033102,114.63939525189515,17358552006.96774,0.001447978264721867,0.24541461244850107,0.3211814113987983,0.24706304122938486,0.1887674593249179,3806539.5690406864,0.03052007317075636,0.17320936498164075,0.029521980132481796,0.03780221371845335,0.46523494935034454,0.11769738962730887,0.3211814113987983
5,2,1,1,1,3.1991821569303847,0.016826903416578883,6.551547432639706,0.020111663864476312,8.140078620745976,13.448925780069862,0.7357452660041365,92.64474410754657,13511912896.911182,0.0013876734336052906,0.28982777555460953,0.32121414722911645,0.21653106528915594,0.14321920316786976,301376.643682283,0.02344285111762836,0.12565073048284214,0.022778049472418783,0.6049488104929769,0.5394921304752787,1.8833193236083636,0.32121414722911645
5,2,1,1,1,0.8754011497557479,0.0461356646999962,2.491302821205775,0.03843428442887618,7.300165245971159,2.1673662821741857,0.8161081949778785,103.05014114923475,14044701636.151207,0.0011330619288778016,0.26019808281687246,0.3215322195133544,0.2360489604574626,0.18304485358937475,4348337.542420724,0.027859555866524367,0.16237947960205878,0.027051411658690433,1.0,0.3812454841238481,16.444059208265532,0.3215322195133544
4,1,1,1,1,2.117251580334653,0.09591214677695287,6.089250264156948,0.05612716460604304,5.310850850591765,5.233947055893452,0.5048317826988444,117.70958731636769,9133744812.298481,0.0005544776008424277,0.21853491360128147,0.32166499135551846,0.2692748926685567,0.19167157846147806,2439431.959162079,0.036254483910831366,0.2166698396239134,0.034402502544534,0.32166499135551846,0.4036249652088379,1.0,0.32166499135551846
5,1,1,1,1,1.1136020330492882,0.06974914916902165,5.0019513520454515,0.020898959636640426,9.45520575623549,5.855866713909943,0.04956970236978137,129.32629110535512,12570647631.26955,0.0013359770989837228,0.2499450965360663,0.3218034398003939,0.2439887148129741,0.19461687782226172,3872498.1231603823,0.029765246478043402,0.17039476335593262,0.02885245641341692,0.3218034398003939,0.4331762828435336,1.0,0.3218034398003939
4,2,1,1,0,0.7850673412540015,0.007816972170933734,2.956841316678113,0.027844444115487407,7.327173319966484,4.182536468122109,0.31130742078882445,71.95402787854651,13356476175.640467,0.0012044472809781743,0.27290082163596774,0.32187915151595475,0.2281082498320311,0.14884113737613178,1224464.075060108,0.026016686820716155,0.1391237447911191,0.025222633275559445,0.4802270840185768,1.1576651712620216,1.4919483966477807,0.32187915151595475
3,1,0,2,0,2.174056933705906,0.022651660384998273,9.163335110580748,0.07812091131558174,3.562581954120248,8.673285675414174,0.36221865565766465,106.16046398742789,19550295914.22019,0.0008934905376539627,0.28108524654222816,0.32194930522757514,0.2220795572867096,0.14554349857235577,663157.9701590823,0.024659664882330467,0.14301399330731723,0.02388676419910899,0.32194930522757514,0.8833878623173804,1.0,0.32194930522757514
5,2,1,1,1,2.777291722859487,0.04528898792403357,2.729791325557527,0.04089826788665141,7.205226776354216,9.500529666625154,0.820291022163225,86.51787681208727,14020218979.491089,0.0014881937421898131,0.24365733060917552,0.32206492667823594,0.24904034077795775,0.18966441705945664,2491531.5275060874,0.031010545667400663,0.1774903092565122,0.030040366942121147,0.32206492667823594,0.36475802440821004,1.0,0.32206492667823594
4,1,0,2,0,2.694439197062591,0.06927403584308041,3.0164969259408068,0.04276725473294557,9.901700621321778,1.5567109961734147,0.18671717324185566,93.69007475822066,11420163343.516722,0.0006918844015992791,0.20864950126680415,0.32211083410582014,0.27863763269662695,0.19989704624683133,2375363.0278916885,0.03881946517739019,0.23375955230562362,0.03698795444103833,0.32211083410582014,0.3597172560614057,1.0,0.32211083410582014
3,1,0,3,0,3.313651206647385,0.07156677798492274,9.728164829813183,0.018181608635983844,7.0775464511791615,11.502153785672286,0.4931100152532067,105.47686004602066,17784959738.645958,0.0,0.27941870728241824,0.32225008464611676,0.2236849787794632,0.13724995697951303,579094.1423550346,0.025017484865784447,0.13954800451453597,0.024106649142704616,0.32225008464611676,0.45410802093028574,1.0,0.32225008464611676
3,1,0,3,0,3.313651206647385,0.07156677798492274,9.728164829813183,0.018181608635983844,7.0775464511791615,11.502153785672286,0.4931100152532067,105.47686004602066,17784959738.645958,0.0,0.27941870728241824,0.32225008464611676,0.2236849787794632,0.13724995697951303,579094.1423550346,0.025017484865784447,0.13954800451453597,0.024106649142704616,0.32225008464611676,0.45410802093028574,1.0,0.32225008464611676
5,2,1,2,0,2.4467349394174938,0.07240413565453503,9.028582940866528,0.030652932731455994,3.517075511991,6.846297283592303,0.7727739549540007,105.60349145290235,18602374612.97451,0.0006835886228954383,0.24901884927768048,0.322472007436606,0.24487063607903195,0.17954178127116016,3416201.6856603036,0.029980814206874852,0.1778928162989768,0.02858919582630608,0.322472007436606,0.4042988400800236,1.0,0.322472007436606
4,0,1,3,0,4.85206176334098,0.0402471426415402,2.7874725764218855,0.06859753558706772,6.145715004190069,11.216126788468861,0.7440156842681926,92.06412031873201,10973231553.982817,0.001179583641385213,0.2330140655191495,0.32272903413751364,0.25768140471171413,0.18524453856051162,2240093.4865792734,0.033199853167101105,0.19877882324704366,0.031515932420240325,1.0,0.4205589705625744,363.8250365872958,0.32272903413751364
1,1,1,1,2,3.8908027393679747,0.06460201242744804,5.466547269373641,0.03512783483897871,7.558297870306222,10.339940647551346,0.8201610254108456,80.23911302836409,10491483771.505154,0.0007580035140634455,0.22290846009874737,0.32284787005285803,0.2674582570867573,0.18138264279600377,1460625.7629516486,0.035766959641942986,0.19359601748884114,0.03428102283117822,0.32284787005285803,0.3672396146589295,1.0,0.32284787005285803
3,2,0,0,0,0.7749100010093087,0.09798897965780344,8.900893507495262,0.03080917556146525,1.1611807780784291,10.906436130156434,0.18838460358049244,114.92766778243774,10780202499.45025,0.0005653865913347636,0.2965959073990425,0.3229342143555051,0.21367600468288514,0.17318317848856568,7425461.677634579,0.022828717488620174,0.11940889834894408,0.022501688520817777,0.6715736785197811,0.4188134241021961,2.0795990287373916,0.3229342143555051
2,0,1,2,2,3.6364306742373143,0.07776031181577077,2.763435593453208,0.022299482973572964,0.6641655177391532,6.914723151250152,0.3965797909111483,86.48239455612959,11955708744.454006,0.0007139529380451047,0.2562039973742875,0.3230029306392778,0.2403514069523812,0.18517882022590126,5771613.666434126,0.028884399411994575,0.16289762118696471,0.027930060643789667,1.0,0.39981332454962704,5.181215671010613,0.3230029306392778
1,1,1,3,1,1.1921042970790285,0.045362078440813025,5.085559819776878,0.020878960152162004,4.136433773853782,1.615900444386096,0.24720797887773013,119.64049898039954,10873128740.401432,0.0008522121348457944,0.2380791277040308,0.3234774345717972,0.2541524450110965,0.20968091768252844,4407160.669054046,0.032296732652559224,0.19308175206302813,0.03139617197478746,0.3234774345717972,0.5704546224567869,1.0,0.3234774345717972
2,2,0,2,0,2.4136114922070706,0.08198846784702182,7.575597655787244,0.016110072667486434,8.8260079226233,4.102828781736037,0.32614901240739735,63.748559445435234,14766332964.583736,0.0,0.21583917024320032,0.32378315992800416,0.2732294065928363,0.18045552875331908,614860.9053806592,0.03732715431353672,0.22769380887629376,0.035481059852151164,0.39363026310076366,0.44034742306947183,1.2157218528236322,0.32378315992800416
3,1,0,2,0,0.1436349987865272,0.05644929114634631,5.12522675704494,0.010754812083736666,1.9476152730155203,8.61207496055808,0.67152592790408,103.75833601875483,12116122282.690723,0.0,0.2243255266471013,0.3238386758667838,0.26610312669715763,0.17979344919176593,2850430.9654270904,0.03540543701900177,0.20901029411008665,0.03376552693880908,0.3238386758667838,0.3441388146624317,1.0,0.3238386758667838
4,2,0,2,0,4.763822191871259,0.08656437634554773,5.480961432493072,0.05400932353048869,7.41538728330084,6.010004900264444,0.3863916133296776,120.70628030596515,19174701662.04565,0.0011538004898015693,0.2408289982485802,0.32389392818698487,0.25239294515318955,0.18288458005798525,2808370.6491414187,0.03185109938155047,0.18820043922389884,0.030454432005019138,0.32389392818698487,0.4128310933487249,1.0,0.32389392818698487
3,1,0,2,1,3.3302259448149694,0.0817661659189614,3.4437026553471624,0.01834520639336983,6.763511702488184,11.916924978988996,0.31845518153777475,127.20234241782344,18855922748.812897,0.0,0.21955313214967417,0.3239068869262292,0.2702621313355651,0.2046050032650146,2936680.9351402908,0.03652080981702111,0.2175923742655026,0.035178659642167626,0.3239068869262292,0.37635093730955715,1.0,0.3239068869262292
3,1,0,2,0,1.2450351459054976,0.09083046994534102,4.53134360432077,0.006785093059991743,0.2896703155856052,4.050471394811912,0.17958515993566504,121.70969564165621,9800255849.585197,0.0,0.263989434702487,0.323937131494377,0.23512741471805662,0.1460572695587546,1338014.8535703956,0.027642450575998498,0.1610170949858698,0.026526532686909826,0.323937131494377,0.33784246779885985,1.0,0.323937131494377
1,0,1,3,0,0.6264054001271641,0.04741434214359292,9.52839838983385,0.03431599671463668,1.3236097926090546,3.20599470302702,0.39504828071983905,97.233701885682,11408332992.89949,0.0011226217969127466,0.22680917379412166,0.3240073197084876,0.26486403107161344,0.22520454897235284,5555780.396172268,0.0350764774777523,0.19255899928432751,0.03416552647685139,0.3240073197084876,0.7326634027613459,1.0,0.3240073197084876
1,0,1,3,0,0.6264054001271641,0.04741434214359292,9.52839838983385,0.03431599671463668,1.3236097926090546,3.20599470302702,0.39504828071983905,97.233701885682,11408332992.89949,0.0011226217969127466,0.22680917379412166,0.3240073197084876,0.26486403107161344,0.22520454897235284,5555780.396172268,0.0350764774777523,0.19255899928432751,0.03416552647685139,0.3240073197084876,0.7326634027613459,1.0,0.3240073197084876
3,1,0,2,0,1.1853888636613688,0.06584411416781288,6.294109114415631,0.03137978799283462,4.450080047193257,9.935730049693834,0.1888184267701395,110.00132370810566,12920777405.229671,0.0013648523551584178,0.2776992888041306,0.3240171796152624,0.22581829760716168,0.18706176052030152,4874484.393020342,0.025496951767098323,0.14724654878865162,0.024976215830718955,0.3240171796152624,0.44475263181919883,1.0,0.3240171796152624
3,1,1,2,1,0.26943192889787604,0.05368357340317043,5.747572378989222,0.010747762917907874,0.9296373386608143,2.8408159291324773,0.491394590606159,101.48935695893687,12675968158.690916,0.0,0.22936246925048032,0.32435087382713496,0.26210484315001603,0.1730258586215443,2133053.863611153,0.03434947440134725,0.20442547851946014,0.03276623189936296,0.32435087382713496,0.34276269543012505,1.0,0.32435087382713496
1,0,1,0,2,3.02368982480075,0.0273928653813473,3.3717546596603456,0.047664091561838755,7.07429973387938,3.975109848970966,0.5072994428910644,123.72638018753247,9028114368.817486,0.0010149802027699137,0.22132913829317685,0.32435738141008763,0.2699391735457566,0.18264761689272566,1489112.454769939,0.03643357870728305,0.2003919133978671,0.0348792584528235,0.32435738141008763,0.3781254680079303,1.0,0.32435738141008763
3,1,1,2,2,2.605185400432448,0.09042688862311227,5.065901071825954,0.01205415548628002,2.247113091594304,4.979955163851025,0.10736191933477533,123.25724249337597,12243209573.218645,0.0,0.21483883259893305,0.3244563389057117,0.27480556608294293,0.1804589399112753,414412.1832177622,0.03775904957508336,0.22844447141761437,0.03607078103483829,0.3244563389057117,0.43179532700738055,1.0,0.3244563389057117
2,1,0,2,0,0.40042428152586407,0.08760404150759132,1.4204270136359352,0.004485373935863011,0.9923392739465747,6.327656924246909,0.28011865805993885,128.37386048823075,14337950146.926275,0.0,0.2450551470813431,0.3250737365119491,0.2501812790255113,0.18806121317114466,3655939.5745630777,0.031295336187420364,0.1810283947604141,0.03012167338613162,0.7847354223357739,0.3241367557456924,2.4140228329609412,0.3250737365119491
3,1,0,2,2,4.791787937916652,0.09214713165157662,7.113055896352182,0.047432064106644516,7.430229320210008,3.7527224758171003,0.08513600688555054,127.36898214059039,9030877977.010225,0.0007211241491678106,0.22679389397929783,0.32511457549489353,0.2649560650036103,0.17668101951533122,1568017.3475229652,0.03510085819109868,0.2081582954329001,0.03311063415692295,0.32511457549489353,0.42017846866569175,1.0,0.32511457549489353
3,1,0,2,2,4.791787937916652,0.09214713165157662,7.113055896352182,0.047432064106644516,7.430229320210008,3.7527224758171003,0.08513600688555054,127.36898214059039,9030877977.010225,0.0007211241491678106,0.22679389397929783,0.32511457549489353,0.2649560650036103,0.17668101951533122,1568017.3475229652,0.03510085819109868,0.2081582954329001,0.03311063415692295,0.7442026013240974,0.42017846866569175,2.289047177264393,0.32511457549489353
3,1,0,2,0,0.4237163925185865,0.05248060657587878,4.035877585851003,0.05015911989584901,5.797243004759562,1.5785136285543016,0.600861123773631,116.15314145823002,9322555779.099451,0.0007157828162552164,0.2920343749139722,0.32520652784970255,0.21735951532860426,0.1784795570246204,6014495.372872164,0.023622579451942877,0.1369100175705119,0.02319997322613837,0.3783191665333378,0.34990236711957623,1.1633197188101396,0.32520652784970255
3,1,0,2,2,4.8417251070168525,0.09156696939442881,7.163299712896415,0.04771132595307401,7.512569507180118,3.939039762394001,0.09303593117841888,127.56418549872302,9091726555.271662,0.000718189083702211,0.22579671740858365,0.3255473563358224,0.2661990526430801,0.17718286488465815,1544201.127154161,0.03543096781403666,0.20956147716209828,0.033425003797558785,0.3255473563358224,0.4183922746709058,1.0,0.3255473563358224
3,1,1,2,1,0.30723942485355377,0.05382748168376024,5.465744062956873,0.01055692893963993,1.0685134108766927,2.813959233396552,0.48652551092111135,102.12954547705627,12718222267.779573,0.0,0.2344390304418384,0.3263604362047649,0.2594837766877032,0.16946704144117242,2037033.1819960843,0.033665915182056916,0.1998925697171562,0.03210722725129687,0.006877508350554446,0.3429984925515551,0.021073351998584053,0.3263604362047649
3,1,1,2,1,0.30723942485355377,0.05382748168376024,5.465744062956873,0.01055692893963993,1.0685134108766927,2.813959233396552,0.48652551092111135,102.12954547705627,12718222267.779573,0.0,0.2344390304418384,0.3263604362047649,0.2594837766877032,0.16946704144117242,2037033.1819960843,0.033665915182056916,0.1998925697171562,0.03210722725129687,0.3263604362047649,0.3429984925515551,1.0,0.3263604362047649
3,1,1,3,0,2.437613126646619,0.036860503171220846,6.358345562956228,0.00828757398340568,2.6645037720059177,5.445716174765609,0.6117658925345326,92.33821418746861,9627553154.239126,0.0,0.27060605234161506,0.32636445012135323,0.2322827835987302,0.1405748642800204,1156784.9958231454,0.02697764577818726,0.15672717128814562,0.025842864263546702,0.32636445012135323,0.5035123311923837,1.0,0.32636445012135323
4,0,0,0,1,4.246334592096577,0.027496469457157256,6.006232529929086,0.01971266420452661,1.0868878222763594,12.93686106138079,0.3061691234350606,65.6781638387595,15764998749.324305,0.0005661772898854533,0.24464699386838729,0.32637929913159597,0.2534410723098055,0.19855842991333472,3383404.4762554164,0.032116188566772036,0.14971821873462676,0.03097972545800064,0.32637929913159597,0.4469750000924301,1.0,0.32637929913159597
3,1,0,2,0,2.70600536046313,0.06801961042366442,3.8378873861720315,0.026796737739656795,1.05949987371453,7.2926268328240855,0.5187826420182077,117.70087432642312,10976653029.125605,0.0007740142421853487,0.2707833977033255,0.32653259593688705,0.232193341982518,0.15866897674723454,1177157.3777217497,0.026956874030505278,0.15825253764609903,0.026075371062412374,0.32653259593688705,0.5291941445040859,1.0,0.32653259593688705
1,0,0,3,0,2.789336258040974,0.08325222787627695,6.389654177418756,0.05023078791230861,6.943749819797038,8.871452306075055,0.3556098253377115,91.0292584589379,15044707626.264652,0.000763404004528281,0.23143372380625143,0.3265342504777788,0.26323356073138354,0.17739769199584446,1208312.2910403975,0.034645953747661495,0.185036470749124,0.03331102416612287,0.3265342504777788,0.4375540591667723,1.0,0.3265342504777788
3,1,0,2,1,4.804938381104456,0.09551896603570331,3.248910689206833,0.0247797579126907,1.1769415077379999,7.515222465877679,0.527138627207958,109.09200290629633,14629201052.64041,0.0008136401073754731,0.23592757841268272,0.32694287818821827,0.2611853338323032,0.1791615801940652,1125797.3416367965,0.03410888930454583,0.15608313677366958,0.03270182723743882,1.0,0.4933916752315942,8.462233911399686,0.32694287818821827
3,1,0,2,1,4.804938381104456,0.09551896603570331,3.248910689206833,0.0247797579126907,1.1769415077379999,7.515222465877679,0.527138627207958,109.09200290629633,14629201052.64041,0.0008136401073754731,0.23592757841268272,0.32694287818821827,0.2611853338323032,0.1791615801940652,1125797.3416367965,0.03410888930454583,0.15608313677366958,0.03270182723743882,1.0,0.4933916752315942,8.462233911399686,0.32694287818821827
3,1,0,2,0,1.0336147010913224,0.06453221653568564,0.5426937913013246,0.01245505740687386,0.22651731434660363,1.3516740873823034,0.07635450224861719,113.5082437115024,10034954195.195938,0.0,0.26741914543547796,0.3271109797913698,0.23539592882729082,0.18861777948778796,4136238.7042978387,0.02770562165423148,0.1546133422645649,0.026967831029467086,0.1738137864221653,0.20995713880362205,0.5313602940904738,0.3271109797913698
3,1,0,2,0,1.0336147010913224,0.06453221653568564,0.5426937913013246,0.01245505740687386,0.22651731434660363,1.3516740873823034,0.07635450224861719,113.5082437115024,10034954195.195938,0.0,0.26741914543547796,0.3271109797913698,0.23539592882729082,0.18861777948778796,4136238.7042978387,0.02770562165423148,0.1546133422645649,0.026967831029467086,0.1738137864221653,0.20995713880362205,0.5313602940904738,0.3271109797913698
2,2,0,1,1,2.562356295324187,0.03248495484421637,0.7934296725508854,0.06529210487062298,6.671507789918437,2.380836328214413,0.3552500451247876,74.55784820299397,14373025182.466629,0.0013714013919745504,0.21094215301741348,0.3273024259334306,0.28128491557192903,0.18805070212809652,2170470.573762044,0.039560601864153624,0.23072950908685186,0.03759892418660888,0.3273024259334306,0.28727061408883797,1.0,0.3273024259334306
3,1,0,2,0,4.091258727384372,0.09699138329610044,3.762939329884554,0.04562371023487281,8.492253379352958,13.281839229168082,0.12921941039793544,107.93847306996877,10976011907.81699,0.0006503369069451039,0.21153018076153407,0.32759416770536337,0.2805483743175801,0.20030046198873666,2054340.443556338,0.03935369516611853,0.2376176881106431,0.037452147282650214,0.32759416770536337,0.36565224706338556,1.0,0.32759416770536337
3,1,1,3,0,2.1469389703242814,0.0361251568658477,6.358345562956228,0.00828757398340568,2.6645037720059177,5.445716174765609,0.6494319406778221,94.07876357109566,9307603553.573967,0.0,0.26935847592711426,0.3277143376891084,0.23414007248023797,0.14080260184640842,1180973.2577152723,0.027410786770525546,0.1591134471870751,0.026251611965953815,0.3277143376891084,0.5112829016522588,1.0,0.3277143376891084
3,1,1,3,0,2.1469389703242814,0.0361251568658477,6.358345562956228,0.00828757398340568,2.6645037720059177,5.445716174765609,0.6494319406778221,94.07876357109566,9307603553.573967,0.0,0.26935847592711426,0.3277143376891084,0.23414007248023797,0.14080260184640842,1180973.2577152723,0.027410786770525546,0.1591134471870751,0.026251611965953815,0.3277143376891084,0.5112829016522588,1.0,0.3277143376891084
5,2,1,1,1,2.642810164067321,0.024626355435569843,4.635550227163189,0.05198309650383648,8.925498925278186,2.8690210103943583,0.8406840354557857,82.48479154235747,13751048191.492027,0.0012632491806040716,0.23042615766719154,0.32772300729979703,0.26409244498158657,0.17216672880647207,212243.5698986841,0.03487240974817616,0.20422586703890988,0.03344451355628361,0.32772300729979703,0.43638685262170573,1.0,0.32772300729979703
3,1,0,2,0,4.940266055172819,0.0824749851545334,3.7563995452546632,0.01814364221304039,8.955343885305675,4.067690805490269,0.3591119070899264,109.9434579204116,9706808560.24733,0.0,0.2148840254057467,0.32796782023746246,0.27810938561721427,0.1917377551896321,1456272.508107028,0.03867241518419219,0.2263397770922656,0.036853072280083006,0.32796782023746246,0.3834435516127191,1.0,0.32796782023746246
2,1,0,1,0,1.5230504227882968,0.060146866444762935,6.872733375574988,0.026256026811329186,9.800467607927944,3.9011443733498954,0.6280637618912637,60.131112552105876,14250750126.802172,0.0013325761742712593,0.2548456385973759,0.32806668941381406,0.24519953496475977,0.1842810291691344,3893718.6368198213,0.030061405973467223,0.16936849068527993,0.02904174180248754,0.32806668941381406,0.4322731279801165,1.0,0.32806668941381406
3,2,1,3,1,4.449642808020344,0.07262033052331832,9.574570183614846,0.034112431282145785,8.703706904657986,1.1942302924528434,0.10839643461571956,117.3641959427635,10750699568.473757,0.000601615122432534,0.23624699749795774,0.32810645474493866,0.25930899052532874,0.1897098505031755,3718450.6858535605,0.03362057628363251,0.20082954351652338,0.03205372297973748,1.0,0.4659783038443283,46.424779279397804,0.32810645474493866
4,0,0,3,1,0.1482576966884807,0.011478243911444107,8.688954768821857,0.09172945322775702,3.8695323642770343,1.037810274101019,0.7261117365185324,79.8155419878733,14973145862.645369,0.001119475239640956,0.21501858015666342,0.3282380399269457,0.2777978375681771,0.1723024450280944,698206.5669062923,0.03858581927877766,0.23365268049926624,0.03599420575255018,0.3282380399269457,0.9317791136384886,1.0,0.3282380399269457
4,2,1,1,0,2.6352047423262195,0.06132860230807314,4.022769331582312,0.04655536081727051,0.3551930364745054,8.788660275918904,0.5160070348806153,65.99335854281497,11261054605.032986,0.0013825090588770132,0.2537609779835628,0.32848145085186264,0.2485478001548806,0.21615378118135076,4601848.631195399,0.030888004480915228,0.13274169897032306,0.030299239483538715,0.32848145085186264,0.46580742478897635,1.0,0.32848145085186264
1,0,0,0,0,2.6573237431428867,0.05534759926530675,4.2467339135832445,0.043578091527058535,0.6270744683657438,2.141257073824681,0.20550904229008485,115.7417591204473,18358055338.983017,0.0012849068060647713,0.2557861602601168,0.3286420010841042,0.244908365925274,0.16647729828036475,1257945.8537786251,0.02999005385009396,0.16931423719876015,0.028824708966985198,0.3286420010841042,0.5170635428208562,1.0,0.3286420010841042
4,2,1,1,0,1.4510373357370596,0.04167681220541332,3.446242595271387,0.030609464757681296,3.9739813043310006,3.420140434421498,0.7145592578040079,96.0202741422031,18068802466.901833,0.0010856055071837092,0.22720927839953076,0.3291698582809375,0.267803972529564,0.2064446530284874,2584359.1437881063,0.03585948385130774,0.214222816709971,0.03464420249582686,0.3291698582809375,0.5730101768877289,1.0,0.3291698582809375
1,2,0,2,0,2.3718521956964094,0.07643111984613975,9.394349766896102,0.015305601109107173,5.943239503849019,4.3958106475787195,0.5484782951412894,112.63778062804968,18639695919.21205,0.0,0.24337183630965112,0.3292881300650527,0.2550000609500317,0.1735662542002471,1177099.3451099473,0.032512515542259944,0.18403509243121885,0.031251438831473785,0.3191641394064539,0.314012166957195,0.9692549177020175,0.3292881300650527
5,1,1,1,1,1.2667406199348465,0.03750697218958997,6.80098645745458,0.011931619133664167,8.225713264939621,14.68558580267069,0.5555044910558594,118.70948376522266,11845874809.264431,0.0,0.2407426409218282,0.32932259012459814,0.2568097879492437,0.1723957251704216,588805.8491435286,0.03297563359326776,0.19293943250393886,0.031802401479091635,0.32932259012459814,0.4712797297802363,1.0,0.32932259012459814
1,0,0,1,1,3.3062903797805454,0.07566335916421313,4.585065697292953,0.038258559296990666,1.9848565327738132,1.4209731518532176,0.2648228324061213,68.2787564219818,11218484879.143782,0.0012994097967871678,0.27194131004221633,0.3295274561977485,0.23365642220404267,0.14621022202982153,1198437.6584431168,0.027297661818596924,0.1584332151987281,0.026171194885124798,1.0,0.5021632114008576,4.120234046314605,0.3295274561977485
5,2,1,1,1,1.3000212633015655,0.025079504522273734,7.779830865864957,0.012199301333500001,8.791376589407204,3.4240848191338715,0.11183806831719183,118.81483795198398,11900061885.292166,0.0,0.2766954862945157,0.32987809149655656,0.23059572423423808,0.19017652561658305,4942294.523213731,0.02658719401755639,0.1551677116957365,0.026029871799205517,0.32987809149655656,0.47778003194830027,1.0,0.32987809149655656
2,2,0,1,0,1.2822907155995966,0.06622538321636945,8.568522906310546,0.013988296723235562,2.0238549192285125,5.225700706022647,0.3882421111076783,126.83738478550353,15042001264.313782,0.0,0.29266283401762383,0.33036539265353443,0.22154501264648185,0.1881209544475503,7655878.022119724,0.024541096314264904,0.12326197401154493,0.02420465925287743,0.33036539265353443,0.33604394695683354,1.0,0.33036539265353443
2,2,0,2,0,1.156583607501593,0.0865804842392132,3.0628685369380886,0.006329621279023307,7.474882509848523,7.1430963366237865,0.21151443054219465,100.96006636432604,10277034102.795254,0.0,0.2768696591578309,0.330389180863643,0.23081399663454993,0.18381756846650257,5232302.401840605,0.02663755052120701,0.15598968008480418,0.025876779678014505,0.020532481554405128,0.3474966353843061,0.06214634964962493,0.330389180863643
2,2,0,2,0,1.156583607501593,0.0865804842392132,3.0628685369380886,0.006329621279023307,7.474882509848523,7.1430963366237865,0.21151443054219465,100.96006636432604,10277034102.795254,0.0,0.2768696591578309,0.330389180863643,0.23081399663454993,0.18381756846650257,5232302.401840605,0.02663755052120701,0.15598968008480418,0.025876779678014505,0.330389180863643,0.3474966353843061,1.0,0.330389180863643
2,1,0,1,0,1.4803074748766416,0.09380112747930648,8.970068662124264,0.013183221089866002,7.235220827747769,12.792468552122855,0.28249623287775966,92.56531104414395,16825905607.842384,0.0,0.2810218006846692,0.3304418401823478,0.2281117554203437,0.18433005942582006,5902535.334026705,0.026017486480475353,0.15131984049818425,0.025491478939390702,0.3304418401823478,0.34441683421164365,1.0,0.3304418401823478
5,1,0,1,0,0.5193980459998199,0.06220314865270232,3.3450623331195066,0.029397181887135405,9.480137726569549,2.96441671618839,0.37477647528123126,89.30239651304093,14254979957.227144,0.0007728406130714463,0.2831419663959465,0.3305001986837507,0.22675843208513916,0.1721402369064268,4295691.603907522,0.025709693260855336,0.14928029192379133,0.024947047446377324,0.3305001986837507,0.3581682711282971,1.0,0.3305001986837507
2,1,0,1,0,1.935107191655577,0.046751358722618104,5.961828903482071,0.01975889071635496,9.219175365315357,4.631056504215245,0.4976756208927755,65.50678129228697,14126414572.39979,0.0014484056668669456,0.2500234126044388,0.33069669603648677,0.25087703149422313,0.1817667785499109,3682858.8611443685,0.03146964246567672,0.17751992625137747,0.030235708735347318,0.838213259367353,0.42734170429987967,2.5346889443215677,0.33069669603648677
4,0,1,1,1,4.245352778551548,0.03242927924017028,3.908692347314106,0.03678452243521553,2.7559883001662793,1.6470468494214927,0.18523072573328828,78.07384866106064,10556693013.99327,0.001198575283930171,0.2485109096910445,0.330841316213329,0.2536943749177232,0.17880373458522025,2701559.137081768,0.03218041793244715,0.15300300245454035,0.030718604077771598,0.330841316213329,0.5552008334383955,1.0,0.330841316213329
4,0,1,1,1,4.245352778551548,0.03242927924017028,3.908692347314106,0.03678452243521553,2.7559883001662793,1.6470468494214927,0.18523072573328828,78.07384866106064,10556693013.99327,0.001198575283930171,0.2485109096910445,0.330841316213329,0.2536943749177232,0.17880373458522025,2701559.137081768,0.03218041793244715,0.15300300245454035,0.030718604077771598,0.330841316213329,0.5552008334383955,1.0,0.330841316213329
5,1,1,2,1,4.1202832677235435,0.041658251041498666,5.178357604425823,0.03745095692715778,5.101740681632012,14.606103820600202,0.7423023536111913,88.90708151253345,14310540740.967752,0.0010046119970422607,0.24466835004577678,0.3311586861865915,0.25506368816698227,0.19207120428157365,3701901.975661987,0.03252874251067178,0.19073958175891492,0.03123767020059726,0.3311586861865915,0.43360223318362523,1.0,0.3311586861865915
2,1,0,1,0,1.315269524244219,0.060785900805917434,6.930337805694591,0.02612763565881366,9.579957351312856,3.350043839960536,0.6304855005019058,60.533067878613544,14052925133.166798,0.0013331133387707527,0.2662112076188704,0.33192815069341675,0.23951279201709919,0.18456079238251089,4477068.937564764,0.028683188769913107,0.16531048068790255,0.02779055510280845,0.33192815069341675,0.43427105797155,1.0,0.33192815069341675
3,1,0,2,0,0.5679594015651896,0.039511874075061855,2.959432022222249,0.0363915922671566,2.316659513060023,1.138922777855506,0.5759477237366902,123.49267076942226,10692755848.09537,0.0005637125771884849,0.2850396074605117,0.3319920220945992,0.22650212827369504,0.1808801254298677,5569713.872164839,0.025651607056256697,0.14991379215160827,0.025074828584756,0.3319920220945992,0.34017094483574434,1.0,0.3319920220945992
3,1,0,1,2,1.4681706989655792,0.08364108870051416,2.630545439145999,0.0360733441018006,5.669038279352691,4.9430914522694165,0.21180884846208736,116.74298790184454,12529959167.555197,0.0005317316544067381,0.23049405419622582,0.33206585623811624,0.2676715830959913,0.19134410274019348,2934357.122945996,0.0358240381985571,0.2070445762083909,0.03438175976313109,0.33206585623811624,0.34545469515568983,1.0,0.33206585623811624
3,1,0,2,0,3.868274664052845,0.09840375663828131,5.098394566602793,0.001400941465367218,4.621018337886452,7.758356050810788,0.14815088829318918,126.60599065641762,13452095957.63185,0.0,0.2750811716984791,0.3320688318664735,0.23323302946986357,0.16673714711863785,2736440.3911391897,0.027198823017845125,0.1593847511263422,0.026267101137271546,0.3320688318664735,0.3552267911568823,1.0,0.3320688318664735
3,1,0,2,0,3.868274664052845,0.09840375663828131,5.098394566602793,0.001400941465367218,4.621018337886452,7.758356050810788,0.14815088829318918,126.60599065641762,13452095957.63185,0.0,0.2750811716984791,0.3320688318664735,0.23323302946986357,0.16673714711863785,2736440.3911391897,0.027198823017845125,0.1593847511263422,0.026267101137271546,0.192123407085644,0.3552267911568823,0.5785650101690295,0.3320688318664735
3,1,0,2,0,0.5676178064475795,0.039446397964204793,2.959437921525074,0.0363058756703998,2.3312567377500546,1.1583153067330016,0.5763776980179416,123.52016848013872,10679555507.513325,0.0005659793599980989,0.2850881190334508,0.33223285408663356,0.22663796615390844,0.1809253447937894,5572543.23089356,0.025682383851190073,0.15010913522636415,0.025104816787021558,0.08309866199550948,0.3401654535773619,0.2501217473628919,0.33223285408663356
3,1,0,2,2,0.8040366711528181,0.034743329969110524,4.82337066046408,0.021746248971692406,0.50446932626228,1.1391154952760807,0.591878387495606,126.66353429469072,15957681912.364862,0.0010447831960086857,0.2741547708506468,0.3324176904856511,0.23591642236094817,0.19634060295061662,8044385.937896252,0.027828279169794645,0.12968622400445595,0.027359788280848542,0.4476888416185325,0.43269849270015487,1.346765994807539,0.3324176904856511
3,1,0,2,2,0.8040366711528181,0.034743329969110524,4.82337066046408,0.021746248971692406,0.50446932626228,1.1391154952760807,0.591878387495606,126.66353429469072,15957681912.364862,0.0010447831960086857,0.2741547708506468,0.3324176904856511,0.23591642236094817,0.19634060295061662,8044385.937896252,0.027828279169794645,0.12968622400445595,0.027359788280848542,0.3324176904856511,0.43269849270015487,1.0,0.3324176904856511
3,1,0,2,2,0.8040366711528181,0.034743329969110524,4.82337066046408,0.021746248971692406,0.50446932626228,1.1391154952760807,0.591878387495606,126.66353429469072,15957681912.364862,0.0010447831960086857,0.2741547708506468,0.3324176904856511,0.23591642236094817,0.19634060295061662,8044385.937896252,0.027828279169794645,0.12968622400445595,0.027359788280848542,0.3324176904856511,0.43269849270015487,1.0,0.3324176904856511
3,1,1,3,0,3.5647915564834176,0.06632560918021176,4.623041773254358,0.0076538456862980725,3.0319198767012696,5.5658745075879175,0.34003528808897066,110.85747664949969,9504041874.487127,0.0,0.285788408195517,0.332457312192163,0.2265980345762944,0.1369990924331301,663321.7016942399,0.02567333463691976,0.1451754738601191,0.024683867291025598,0.332457312192163,0.4580437736419225,1.0,0.332457312192163
3,1,1,3,0,3.5647915564834176,0.06632560918021176,4.623041773254358,0.0076538456862980725,3.0319198767012696,5.5658745075879175,0.34003528808897066,110.85747664949969,9504041874.487127,0.0,0.285788408195517,0.332457312192163,0.2265980345762944,0.1369990924331301,663321.7016942399,0.02567333463691976,0.1451754738601191,0.024683867291025598,0.332457312192163,0.4580437736419225,1.0,0.332457312192163
2,1,0,2,0,0.5453478457037646,0.08760404150759132,1.4204270136359352,0.004485373935863011,0.8736666439310974,6.327656924246909,0.28011865805993885,128.37386048823075,10236666313.630924,0.0,0.26539625592259236,0.33259822552907486,0.240444887736624,0.18615619436044936,4457494.608656162,0.02890687201933886,0.1693329258208236,0.027970039966422323,0.8570378281573829,0.30519516846913114,2.5767961533591013,0.33259822552907486
1,0,1,2,2,4.4575367142492315,0.041573915103380196,9.644919244101539,0.09688917831980831,4.612497913883588,13.783729264524892,0.4215701990271131,128.61302958878227,14413158615.4281,0.0012607766134401022,0.23258148296642664,0.3326258149786115,0.26652466186888263,0.19111456588914824,2934912.4701404055,0.035517697692161114,0.20164805104070516,0.03402160988857954,0.20655073537760593,0.5234828303447555,0.6209702496809743,0.3326258149786115
4,2,0,2,0,4.768378814370654,0.08679829329502739,5.497407274153968,0.05406185840162682,7.4192522602143445,6.140786345735415,0.37870338292730205,120.59129162128497,19153351836.392277,0.0011540555117874767,0.24641209120937743,0.33271073089683073,0.254766183770739,0.18431398805652566,2774667.476264818,0.03245290419655298,0.192348880511494,0.031051377179158582,0.33271073089683073,0.41292092584141354,1.0,0.33271073089683073
4,1,0,2,0,3.0617558965004137,0.08757120384141251,6.138183584173742,0.02746625335678076,5.606237177483729,18.222500584153448,0.27032093708795735,124.92714806180288,11749752303.287733,0.0008069056450481634,0.22664476803356448,0.33323312429096263,0.2715376281050561,0.20659027585374315,3558086.651357535,0.036866341738459874,0.22119816062908082,0.03543663701008684,0.33323312429096263,0.39840246952339864,1.0,0.33323312429096263
5,2,0,1,0,4.583582834821677,0.06945322673498355,5.716085515776652,0.013057304132774158,5.927757471299963,8.116724239824546,0.05294303139099935,70.16333170299535,17689199602.150547,0.0,0.25322037387934393,0.33330550060600883,0.2501996635983313,0.16519614972562224,1779136.8723391865,0.03129993583235907,0.18018104082366015,0.029596325224429933,1.0,0.4220199614079099,9.55079502416449,0.33330550060600883
5,1,0,2,0,0.8333180429027198,0.06115392899002178,7.432613991279951,0.029107348621634384,3.9030629347239234,4.339010049246989,0.3684861448601583,129.0367119956258,11476141805.280357,0.0005068637655039519,0.28085020024540575,0.3335788058770404,0.2303792765591683,0.18860743092217008,4835196.510990032,0.026537305533962875,0.1555612806527399,0.025972990054900884,0.43834328544926715,0.36566281400691614,1.3140621578064036,0.3335788058770404
3,1,0,0,0,2.4779662768560544,0.0585405372243741,4.967822333496789,0.012181965302920074,5.193798804404981,11.448028748398388,0.22165192294284533,112.41671437761835,9231199824.317142,0.0,0.2457620172203844,0.3336792870157998,0.2561026776728878,0.173292645663148,437762.5752854588,0.03279429075561153,0.192972065147326,0.031652921215006874,1.0,0.45392932762653,4.284476781688618,0.3336792870157998
3,1,0,0,0,2.4779662768560544,0.0585405372243741,4.967822333496789,0.012181965302920074,5.193798804404981,11.448028748398388,0.22165192294284533,112.41671437761835,9231199824.317142,0.0,0.2457620172203844,0.3336792870157998,0.2561026776728878,0.173292645663148,437762.5752854588,0.03279429075561153,0.192972065147326,0.031652921215006874,0.3336792870157998,0.45392932762653,1.0,0.3336792870157998
5,1,0,2,0,0.2875709906774288,0.02056116720552408,6.384687589530011,0.022867201154533428,1.3110563907529431,6.3330341406059105,0.2538841825568207,118.3725806304278,11029528263.8288,0.000599645755249205,0.3070849374713341,0.3338543322985116,0.21519849053203854,0.17571643723862115,7861512.473230752,0.02315519516363394,0.11193435201667012,0.022826167395104194,0.058144528118129,0.37455464208732886,0.17416137067270349,0.3338543322985116
1,2,0,0,1,0.10792233465496882,0.08216784342131893,5.063160814026364,0.013391008187009844,5.629139503757363,4.404404943896849,0.8356448523057516,60.478450410819306,12486476931.623455,0.0,0.2406942736612408,0.333871049420369,0.2604536811384235,0.1815012346790852,1809457.8221788136,0.033918060009277794,0.19753803202160625,0.032602695380037496,0.333871049420369,0.33110626286202927,1.0,0.333871049420369
2,1,0,2,0,0.546407964209407,0.08764681863778453,1.4208056715635131,0.004523474982430929,0.8743794641391078,6.331987540724251,0.280310360519327,128.34750362267903,10235337591.385674,0.0,0.2658610596281255,0.3341616817015464,0.24124019059201346,0.1872044342995017,4460035.376273799,0.02909841477843549,0.17074121767548,0.02814625199635945,0.8626970739685549,0.3052178379932604,2.581675641491011,0.3341616817015464
1,0,0,1,1,3.258883831277649,0.07530817768787738,4.606116799675648,0.03627042117644954,2.1502012355641473,1.5158300093613846,0.254934314629341,67.51651297365395,11238291434.62362,0.001291510146657056,0.2709920939939918,0.33430751522706137,0.23785099249487324,0.15157647640886712,1137482.7244739102,0.02828654731539812,0.16284261927549226,0.02711915620605214,0.33430751522706137,0.5008734755949761,1.0,0.33430751522706137
1,0,0,1,1,3.258883831277649,0.07530817768787738,4.606116799675648,0.03627042117644954,2.1502012355641473,1.5158300093613846,0.254934314629341,67.51651297365395,11238291434.62362,0.001291510146657056,0.2709920939939918,0.33430751522706137,0.23785099249487324,0.15157647640886712,1137482.7244739102,0.02828654731539812,0.16284261927549226,0.02711915620605214,1.0,0.5008734755949761,5.14190292180755,0.33430751522706137
1,2,0,1,0,4.3089160364007,0.04870968624683479,7.591270057987421,0.005585183017227001,7.198375275902911,3.660014502388955,0.5506098324059608,64.3485807219986,19859846222.40054,0.0,0.2588339643996594,0.33434001886798637,0.24698306238022882,0.15807245837777184,1281692.209827991,0.030500316551358004,0.17065450686387562,0.029239597584364452,0.33434001886798637,0.3199466270418825,1.0,0.33434001886798637
1,1,0,2,0,4.124865094980269,0.06457917191332839,0.8425509367733904,0.004076720703806638,2.5567761684527417,2.761033851164703,0.25257763415103657,129.33111353401077,10368450263.000605,0.0,0.22776906389986284,0.33434155396956056,0.2724083750379362,0.1858466485897659,1174798.255591907,0.03710316139540444,0.20444638756643418,0.03558127498606506,0.33434155396956056,0.250436900601529,1.0,0.33434155396956056
3,1,0,2,0,2.079477011070047,0.09649572727991768,9.214224292566929,0.04902793925083648,3.6146397823808134,17.26664934094426,0.7177670365013947,97.049198346651,9313385159.227995,0.0013163103076085656,0.27010201425514496,0.3343981673035337,0.23834604891966535,0.18286100131690977,3990781.139574814,0.02840441951780775,0.16725930746706075,0.027472049508143664,0.3343981673035337,0.47801969809861194,1.0,0.3343981673035337
2,1,0,2,0,3.248778776481075,0.05149375665446209,5.694388125914679,0.05388518706549369,3.173761603432739,2.950399417164633,0.3398866405765146,69.28924538650274,18902446945.05071,0.0014330161833037535,0.26437729190190296,0.3348069241443176,0.2431999460323774,0.15857683395217304,957705.4654063701,0.02957310687507564,0.16588473119392022,0.028449767477919437,0.3348069241443176,0.42457623180724496,1.0,0.3348069241443176
1,2,1,2,2,2.6287016990370273,0.020538540131103813,7.474529358612589,0.014261384370923419,7.592744856397056,16.004482668859687,0.47856225081829695,61.57530742618013,17786403750.625652,0.0,0.24215886950735996,0.33494720685689355,0.2598869284214953,0.19659364110833985,3731957.106037201,0.03377060778217972,0.20060802950011658,0.032510567272794125,0.18316568455637472,0.46634604010639386,0.5468494162861683,0.33494720685689355
2,2,1,1,2,2.0983263315797878,0.07067525306222565,5.57676130212288,0.031063474650292112,6.616724191272683,6.5872271670447615,0.5996461790470197,99.95188187641398,13358901216.937302,0.0006898768511951664,0.2359306176822437,0.335179403896313,0.26556487180302496,0.19503754495508355,3161584.756159286,0.03526235056787854,0.20302312568394543,0.033867249273864294,0.335179403896313,0.3860843165864373,1.0,0.335179403896313
3,1,0,2,0,4.705907704920883,0.09326368782204557,4.1534982720599825,0.0488129911680901,9.90191562330525,6.9498453050092825,0.3300239839820388,124.34827647766772,10128696090.462952,0.0006206850222714194,0.21013511363803627,0.3352242452294402,0.28821275192911733,0.19737029952314752,1540064.5232178136,0.04153329518727747,0.25320192525427354,0.03941839333938643,0.3352242452294402,0.3660611581266059,1.0,0.3352242452294402
4,2,0,2,0,4.695903500466759,0.09714386992494257,6.392928663864642,0.053878745364409834,1.9399864238534672,12.121313986004719,0.5283409252723973,129.09991067568046,11676307386.650782,0.0005299626044158648,0.25898938230111634,0.3352643808431495,0.24703224747448582,0.1715786969372411,1972597.1157729072,0.0305124656461478,0.18050839674499564,0.028930451861789486,0.6108423589462203,0.3740409919411305,1.8219721325898843,0.3352643808431495
5,1,1,2,0,2.0439257238450437,0.013991264952020115,9.303501627222309,0.08893449678332356,4.694063202767995,10.04002507343342,0.7276359137266573,94.05686192368358,15116821539.937122,0.0009272418470755157,0.28319064538279054,0.33543045434026114,0.23021751243493108,0.15051817380460777,331393.45232942177,0.026500051515863824,0.15342060808082847,0.02571252555719171,0.33543045434026114,0.913170095525568,1.0,0.33543045434026114
1,1,0,2,0,1.056509060112364,0.05963079231246007,7.493696115596485,0.07498153122800158,4.348688237849542,6.990972832415927,0.010466337626413793,60.07084647180945,12653404007.106943,0.0014388732670718254,0.2643162543514316,0.3354406747021614,0.24365706773671383,0.1828568525141462,4155208.198688975,0.02968438332902678,0.16753094926607337,0.028697614572378644,0.6387259060563288,0.4531492897259874,1.9041397010766663,0.3354406747021614
2,2,1,1,2,2.0980605581549043,0.07066712561484967,5.570496039071237,0.031032770900437545,6.617848409126078,6.574557597273192,0.5993449676865624,99.938640635386,13366888901.003717,0.0006895613026740939,0.2362074534896956,0.3354868791713095,0.2655733673628738,0.19505482435887542,3166411.078924512,0.035264606726227964,0.2030644789140701,0.033870002604309966,0.11688760340701643,0.3859651359545025,0.3484118475683521,0.3354868791713095
2,2,1,1,2,2.0980605581549043,0.07066712561484967,5.570496039071237,0.031032770900437545,6.617848409126078,6.574557597273192,0.5993449676865624,99.938640635386,13366888901.003717,0.0006895613026740939,0.2362074534896956,0.3354868791713095,0.2655733673628738,0.19505482435887542,3166411.078924512,0.035264606726227964,0.2030644789140701,0.033870002604309966,0.3354868791713095,0.3859651359545025,1.0,0.3354868791713095
5,2,1,1,1,3.192521428579138,0.03194969893931402,7.974055957392619,0.015985517466067887,7.618478886587523,14.771583697266987,0.7899961952988124,65.15656783331987,18397065104.081223,0.0,0.2435837432214647,0.3355577210844005,0.2594406295198281,0.18876797393435005,2009773.2177796147,0.033654720122822356,0.195472204275007,0.03228338509807788,0.3355577210844005,0.40193305842079974,1.0,0.3355577210844005
5,2,1,1,1,3.192521428579138,0.03194969893931402,7.974055957392619,0.015985517466067887,7.618478886587523,14.771583697266987,0.7899961952988124,65.15656783331987,18397065104.081223,0.0,0.2435837432214647,0.3355577210844005,0.2594406295198281,0.18876797393435005,2009773.2177796147,0.033654720122822356,0.195472204275007,0.03228338509807788,0.3355577210844005,0.40193305842079974,1.0,0.3355577210844005
3,1,0,2,1,1.701495630706648,0.0573349585492393,4.004601370599773,0.026286204579366375,5.153257414618204,14.133405246751511,0.7352208047860935,115.01884618763177,14691846592.800848,0.0009324002963687155,0.2620911839382573,0.33566342693704787,0.24521296381149366,0.1948899253763373,3951647.4283880815,0.030064698810608446,0.17429138704801905,0.029245562877797525,0.33566342693704787,0.40543898519011823,1.0,0.33566342693704787
3,1,0,2,1,1.701495630706648,0.0573349585492393,4.004601370599773,0.026286204579366375,5.153257414618204,14.133405246751511,0.7352208047860935,115.01884618763177,14691846592.800848,0.0009324002963687155,0.2620911839382573,0.33566342693704787,0.24521296381149366,0.1948899253763373,3951647.4283880815,0.030064698810608446,0.17429138704801905,0.029245562877797525,0.33566342693704787,0.40543898519011823,1.0,0.33566342693704787
3,1,0,2,0,3.9914611315759094,0.08571026518205228,5.754219230051202,0.00118136232532965,4.3404182543644945,11.342922174850143,0.4727242641148561,122.26690366881425,11617594131.220982,0.0,0.26282461683874886,0.3356748242389354,0.24456487218131068,0.16449101804386593,1493443.1037989673,0.029905988352530416,0.17552171454135712,0.028769423322532083,0.3356748242389354,0.34159163900213274,1.0,0.3356748242389354
2,1,0,2,0,1.2854851892454928,0.08197619011117789,9.192444989825281,0.020996049150278112,4.552652727498421,6.824123883789729,0.16416975695584834,121.06816685004087,16122224611.467003,0.0014467746743843473,0.28038031154434184,0.33598621107537496,0.23238604351574896,0.19124770307673014,5631029.856222522,0.027001636610451785,0.15850643846822876,0.026401288056514382,0.33598621107537496,0.4907975986063087,1.0,0.33598621107537496
3,1,1,2,1,0.6058320234210417,0.06783569886356203,8.85949055568486,0.04552769061223005,5.744384357784357,4.16723868025473,0.08838384240066502,116.87044678562258,15308848746.605831,0.0011956972384590259,0.2758046507730104,0.33604686385895444,0.23572938085509984,0.1997345420387735,5822008.824755031,0.027784170499164356,0.16004290574389912,0.027107148565813848,0.33604686385895444,0.45043415123932035,1.0,0.33604686385895444
3,1,1,2,1,0.6058320234210417,0.06783569886356203,8.85949055568486,0.04552769061223005,5.744384357784357,4.16723868025473,0.08838384240066502,116.87044678562258,15308848746.605831,0.0011956972384590259,0.2758046507730104,0.33604686385895444,0.23572938085509984,0.1997345420387735,5822008.824755031,0.027784170499164356,0.16004290574389912,0.027107148565813848,0.33604686385895444,0.45043415123932035,1.0,0.33604686385895444
3,1,1,2,1,0.14790574685007812,0.06759443508695764,3.7760978820099362,0.0036929226665150983,1.5662878133260207,2.974969817992016,0.18486658106540357,96.2331563850581,14840885065.245121,0.0,0.2368489074633099,0.33605823281726904,0.26521030872969115,0.1801622397528313,887631.2369711619,0.03516825392824905,0.2076712504305408,0.03387046441809772,0.33605823281726904,0.3457476057076441,1.0,0.33605823281726904
1,2,0,2,0,1.0607336874272857,0.09814629372075895,5.448299582732394,0.024326200393308156,5.5808561409875574,2.121693241667978,0.7838620496745943,107.04063159856818,18302386803.02094,0.0007946238751157734,0.24938218152621305,0.33607653134678644,0.2553863565383384,0.1677785290675927,1557625.4826629248,0.032611095552963654,0.18602182194479533,0.031316522232745114,0.33607653134678644,0.3739905301004394,1.0,0.33607653134678644
1,2,0,2,0,1.0607336874272857,0.09814629372075895,5.448299582732394,0.024326200393308156,5.5808561409875574,2.121693241667978,0.7838620496745943,107.04063159856818,18302386803.02094,0.0007946238751157734,0.24938218152621305,0.33607653134678644,0.2553863565383384,0.1677785290675927,1557625.4826629248,0.032611095552963654,0.18602182194479533,0.031316522232745114,0.31820992323430325,0.3739905301004394,0.9468376799746031,0.33607653134678644
4,1,1,1,1,0.9269589645840298,0.03722703334031353,8.88368612605327,0.022039682655664774,0.5598179692313522,7.204816113298925,0.6688664206985805,88.83836015675395,9703592280.943115,0.0010358098008753224,0.26997315337003436,0.3361889538047206,0.24263566404335873,0.21359464951214271,7598624.7187224105,0.029436032732880823,0.11920815931319273,0.028962488959650673,0.3361889538047206,0.43692902358373203,1.0,0.3361889538047206
3,1,0,3,1,4.81514378302587,0.06924193523936752,3.3450711744386745,0.002829244106958924,6.203685062119254,8.279267221053047,0.23169278383240074,118.29393126768599,12507775167.604101,0.0,0.23473705793459188,0.3365438324523969,0.267441742443157,0.19593025343911605,2683012.117113263,0.03576254280051597,0.20997874447971154,0.03433410500171338,0.3365438324523969,0.3863312188689964,1.0,0.3365438324523969
3,1,0,2,0,0.9303266071467197,0.0545109840984738,2.7911431100824196,0.07228939911224413,5.698155877704298,2.3396278257155023,0.3555211203081973,93.10629107197452,9721246407.122335,0.001150011998242129,0.2531949981704054,0.3366272816475969,0.2528660597134971,0.21761493968737597,5909480.731216161,0.03197062207751495,0.18157071981407524,0.03130880913759023,0.3366272816475969,0.5678651713040607,1.0,0.3366272816475969
2,1,0,1,0,1.316743282414324,0.060651510488317066,6.929675043577822,0.026347466414283583,9.560088614010558,3.3794012833104135,0.6307268384379046,60.75011572280002,14050381380.169647,0.0013322273994476406,0.2698909531678261,0.33670482340651875,0.2403673246888019,0.18480527066145516,4488132.971938961,0.028888225389025954,0.16638287876528524,0.02798565857724103,0.33670482340651875,0.4344169795480314,1.0,0.33670482340651875
2,1,0,1,0,1.316743282414324,0.060651510488317066,6.929675043577822,0.026347466414283583,9.560088614010558,3.3794012833104135,0.6307268384379046,60.75011572280002,14050381380.169647,0.0013322273994476406,0.2698909531678261,0.33670482340651875,0.2403673246888019,0.18480527066145516,4488132.971938961,0.028888225389025954,0.16638287876528524,0.02798565857724103,0.12328988962738152,0.4344169795480314,0.36616609284069607,0.33670482340651875
5,2,1,0,1,1.214198300730811,0.0563840407405452,3.65696130322274,0.07060441786498269,2.6809643598999355,5.938182761313748,0.8157955569236981,105.11664686382387,11369304555.730206,0.0012476355693035964,0.2602789415668867,0.336935346873909,0.2500254370808656,0.22089502707068567,5896735.56959284,0.031256359593738944,0.13406669624089596,0.03072271438948544,1.0,0.5627983526772768,43.86741173140998,0.336935346873909
3,1,0,2,0,4.774289644090301,0.08584551566029597,0.8890587485126915,0.017194722879425733,2.8817993849084678,7.6262818931542355,0.16360893499178222,121.35333422497926,11980797832.181051,0.0,0.22382948866399155,0.3372214879248745,0.2772202233772205,0.1932127926533824,1733448.0270694296,0.038425526124658015,0.23177666269642028,0.0366533828574623,0.3372214879248745,0.24147545674922583,1.0,0.3372214879248745
1,0,1,3,2,0.4512337880529941,0.042668453940438764,5.542656295521854,0.010363678172952074,9.532342578525995,3.841386987736052,0.5034459001158831,85.13206412038505,18667254318.808884,0.0,0.2554825437475105,0.33748798317432427,0.25151816032015334,0.1945265734903855,3782893.00489853,0.03163069248541718,0.18397755716599695,0.03066325646739874,0.7519342379686549,0.4586865759572497,2.2280326276987905,0.33748798317432427
3,1,0,2,0,0.4109965464041194,0.025738746870596043,6.9006050792828555,0.009763159920901657,5.51686037930908,5.431945618473538,0.595119037853957,99.45761838988626,9795886228.834272,0.0,0.2797273818845491,0.337502149828592,0.23391135735938298,0.19346036160633753,4934186.337893721,0.027357261550854484,0.1604282437536495,0.026753572954285352,0.337502149828592,0.4734330930590867,1.0,0.337502149828592
1,2,1,2,0,1.6976420795095588,0.03694315675259206,7.07453626069421,0.07852753433539052,4.164914474435782,5.740544777310071,0.6040485449899904,76.36104108248784,12742879728.0646,0.0012067653160021384,0.20928902656958814,0.33780386384286576,0.2916610112623182,0.23966017138866283,4422090.749288708,0.04253307274527905,0.2509146660056295,0.04105204036938106,0.33780386384286576,0.5732527569424273,1.0,0.33780386384286576
2,1,0,1,0,0.9111742343015873,0.056236476818065234,5.045636158822901,0.008611214935885493,7.696808501275459,2.408676626808066,0.4728744622928742,85.01047154052914,12019478825.824205,0.0,0.2818265532889259,0.33787855565118474,0.23296090948814205,0.17626439096470095,5942932.589620669,0.027135392674771153,0.1552057177931283,0.026331152282065815,0.33787855565118474,0.3397474061023803,1.0,0.33787855565118474
2,2,0,2,0,4.629487249825503,0.09562679756553044,9.153895580479096,0.0076379772193917415,8.456554992022175,2.324650035501164,0.4480382149941826,73.86805321221837,18367152565.383385,0.0,0.2564989509908943,0.33792824714061676,0.250893023944253,0.1916840070712281,4137833.6718391264,0.03147365473194576,0.1863865412901653,0.03010590315590423,0.33792824714061676,0.43861694278521435,1.0,0.33792824714061676
1,2,0,1,0,3.245001773524506,0.06363157273746481,5.693789797882835,0.008314835970132085,9.377746071325408,2.886736183088679,0.427368535329457,88.57111668781491,18663510236.69017,0.0,0.2616735179947564,0.3379871118698776,0.24754366911133976,0.1608877426192477,1277712.4045450506,0.030638934058552232,0.17198954046842085,0.02939091960838272,0.3379871118698776,0.3252999152353588,1.0,0.3379871118698776
3,1,0,2,1,1.2477363891234776,0.08222143535774662,1.6651498329390988,0.014887184083726919,3.695437970791581,2.823624741042571,0.309267680884726,105.55682596515638,11713795308.66465,0.0,0.2017704645480638,0.3379979704294495,0.2986430023969773,0.20061916099122304,880047.6233411445,0.04459382144034049,0.27695403722311385,0.042314095939268374,0.46123052355989536,0.4401517022704581,1.36459554172432,0.3379979704294495
2,1,0,3,0,3.1092104890795103,0.04016319751580889,8.000440395132548,0.06355171936890508,4.653083450431583,7.704487407180397,0.1552202249199588,92.06509722289927,14940808302.371172,0.0006763698485509309,0.26086533071023,0.3380935609899257,0.24814553971462963,0.18503599022640246,3844987.2540105805,0.030788104440132417,0.174356215350152,0.02970979528284623,0.3380935609899257,0.4450229448529793,1.0,0.3380935609899257
4,2,1,1,0,1.364925215494969,0.04391912091467008,1.524837902313963,0.0033305271777176538,4.245401112818981,2.1991816736855,0.7742988656155815,106.42350130136587,19211594535.491585,0.0,0.2663172294822884,0.338124237625236,0.2437496770614411,0.18414937128235026,2691412.959138089,0.029706952533778412,0.17541468469600707,0.028817609117565632,0.10761287186221744,0.3047050983691244,0.31826429426656905,0.338124237625236
4,2,1,1,0,1.364925215494969,0.04391912091467008,1.524837902313963,0.0033305271777176538,4.245401112818981,2.1991816736855,0.7742988656155815,106.42350130136587,19211594535.491585,0.0,0.2663172294822884,0.338124237625236,0.2437496770614411,0.18414937128235026,2691412.959138089,0.029706952533778412,0.17541468469600707,0.028817609117565632,0.10761287186221744,0.3047050983691244,0.31826429426656905,0.338124237625236
1,0,1,2,0,0.6964685472029817,0.04411887660526922,9.819612299389664,0.06882948000062947,3.014336189945753,2.517009458679786,0.46512923663709405,91.99295054543862,12839482193.576366,0.0010407734266147323,0.23200593442846634,0.33812469703899956,0.2713944683167927,0.18155566213302915,1060733.2919434991,0.036827478716477305,0.20960901765218387,0.03531840173186913,0.39491509448398826,0.48966074905207985,1.1679569636359288,0.33812469703899956
1,2,0,1,0,2.11177580871167,0.0792815817924652,4.275999497419591,0.019959941095201335,5.786630022170445,10.887161260324426,0.6488685405988233,112.16026201344391,14669430422.457016,0.000571218668010401,0.2855871889723518,0.338266350155216,0.23057886277645628,0.14799086668312658,1019177.3034794496,0.026583305979641928,0.1543683627586473,0.025582850568343862,0.338266350155216,0.5007549981339838,1.0,0.338266350155216
3,1,0,2,0,1.2662458276148443,0.05635704974127255,5.043540877216325,0.06511804743821792,0.38985122288771445,3.9505635427271586,0.680943893586738,109.60205896444678,11218523735.970585,0.0008917788982916363,0.2751826406554651,0.33845877449576156,0.23947326390093962,0.2023804393527613,7819615.635798396,0.028673722061684538,0.1356849668234834,0.02815854482025245,0.33845877449576156,0.39787679133462955,1.0,0.33845877449576156
1,1,1,2,0,4.597143279225975,0.042892740889405416,3.2717175926816116,0.02398015746731028,7.5998955603253915,11.403828034244189,0.035626541518613164,89.83851836826513,19050897516.9447,0.0013733142017589462,0.23560181628199434,0.3387543675543873,0.2688439917820211,0.18005839548276972,1700861.340564693,0.03613854595864572,0.2048804039658777,0.03462571650339219,0.16263254678098063,0.3717026776414562,0.4800898891875389,0.3387543675543873
1,0,0,0,0,2.7136594753294627,0.05609676764784513,4.186248672790169,0.046016505045004465,0.8469982708092022,2.2008472792749485,0.18979679117601667,111.9829443445894,18565573454.978508,0.001298743783179696,0.26282960747126316,0.33909022868038674,0.24744966913828867,0.16448471820120206,1221969.0543852218,0.030615669378324266,0.17276809835178542,0.02937973770911566,0.33909022868038674,0.49940499061779214,1.0,0.33909022868038674
2,1,0,2,0,1.056279630917417,0.09046181359924073,8.779642383455094,0.025722136151557214,8.911514511499337,4.667429755510227,0.1694348842753486,125.57303177787162,12812164425.318,0.001065310183138656,0.28044219523243324,0.3393805723200922,0.23492097604496417,0.18567030456865175,4912537.974486462,0.027593932492959317,0.1586507505169723,0.026870469629593222,0.4229088954378642,0.4154790266694954,1.2461199312227893,0.3393805723200922
2,1,0,2,0,1.2854851892454928,0.08197619011117789,8.299155659742716,0.020996049150278112,9.148140260402952,6.824123883789729,0.16416975695584834,119.02299208019919,16122224611.467003,0.0014467746743843473,0.27278754658114385,0.3394294514159878,0.24011238637549515,0.18748911922906944,4900809.674125252,0.028826979045467535,0.1690606150475148,0.027971423251689415,0.5396266417966183,0.4435137867662292,1.589805008214443,0.3394294514159878
2,1,0,2,0,1.2854851892454928,0.08197619011117789,8.299155659742716,0.020996049150278112,9.148140260402952,6.824123883789729,0.16416975695584834,119.02299208019919,16122224611.467003,0.0014467746743843473,0.27278754658114385,0.3394294514159878,0.24011238637549515,0.18748911922906944,4900809.674125252,0.028826979045467535,0.1690606150475148,0.027971423251689415,0.5396266417966183,0.4435137867662292,1.589805008214443,0.3394294514159878
1,1,0,2,0,0.5316440789225312,0.04414040812146949,5.583648076727196,0.05126093484423026,4.7132901487131615,3.1514311370920183,0.692679653186762,81.21010192633321,11702338854.008347,0.0008972230773054632,0.2598872622741303,0.33944152098745234,0.2501158762011127,0.15828895457788103,1279238.5568098002,0.03127897576392516,0.1728062819888947,0.03001218995935744,0.33944152098745234,0.38239677760180496,1.0,0.33944152098745234
4,0,1,0,1,2.207202556544142,0.06668291635669324,9.660375795152415,0.008181182728708186,5.600114571943785,2.0131169132019195,0.38727352567713846,122.42409763461606,19003473776.667656,0.0,0.24732851641822895,0.3395125338106813,0.259200686541846,0.17545263634314218,1562864.5806621949,0.03359249795188216,0.20015160899718543,0.03181594361645196,1.0,0.4778718601485045,4.794907192069797,0.3395125338106813
1,2,0,1,0,4.329793176934156,0.059151920674510014,7.696683134283027,0.03177525804758585,7.954392249661935,6.306636129985726,0.6799112866045356,84.75272409738515,19846802597.22681,0.0010043381555398501,0.23514075891751718,0.33969501316560996,0.2703459111057968,0.18162207418273643,1418053.0715277006,0.03654345582581169,0.2003806914438434,0.03496571751637941,0.33969501316560996,0.40907942913409345,1.0,0.33969501316560996
3,1,0,2,0,2.608337750171767,0.0317125688045444,0.7499076493657308,0.029100676383372742,7.605725447622295,3.992142727791394,0.8127253699539547,102.52935076065685,13887425581.823906,0.0006890314841897128,0.24745119508319183,0.34012199053502296,0.2601393123907287,0.19648929530236497,3284163.9525334225,0.03383623092556057,0.19087326984121,0.032618444640840585,0.1947333458182965,0.26596428296295177,0.5725397099786891,0.34012199053502296
3,1,0,3,0,0.8636797530681406,0.03827047421104953,0.8350656028241931,0.00712344838883086,2.7411897212388414,8.22073034382166,0.43306049987441547,110.55384040724877,12124116421.195496,0.0,0.2411649233119113,0.34030391110596503,0.26471155188579226,0.19813598320928164,4320934.964657562,0.035036102850892245,0.21108388236411635,0.03359865461798342,0.34030391110596503,0.2604417564073892,1.0,0.34030391110596503
3,1,0,3,0,0.8636797530681406,0.03827047421104953,0.8350656028241931,0.00712344838883086,2.7411897212388414,8.22073034382166,0.43306049987441547,110.55384040724877,12124116421.195496,0.0,0.2411649233119113,0.34030391110596503,0.26471155188579226,0.19813598320928164,4320934.964657562,0.035036102850892245,0.21108388236411635,0.03359865461798342,0.34030391110596503,0.2604417564073892,1.0,0.34030391110596503
1,0,1,2,0,1.6844289941650585,0.04042913661698786,6.652295597437764,0.07425481265289387,1.3699921062817741,2.065285606862531,0.17385189222394173,87.34879457219962,16872725707.628979,0.0009897622352641508,0.2501435283794031,0.34043779127672386,0.25821275437682567,0.17427805688150547,1051422.349791251,0.033336913261433454,0.18830618259601573,0.032035808559719346,0.2719200463319412,0.4444297381907424,0.7987363721053866,0.34043779127672386
3,1,0,2,1,1.2970329328612729,0.07154222428064745,4.36874425781363,0.08660097813377987,3.1836321556146876,6.176004964689211,0.058420237241012696,82.27274684091937,15970808340.413328,0.000667429325191862,0.2697655012035262,0.3404555494679714,0.24349066395864327,0.18044954950637082,4719890.05125083,0.02964385171751047,0.16491774366105738,0.0285363109068529,0.3404555494679714,0.3916574224064478,1.0,0.3404555494679714
1,0,0,3,0,3.787979050372756,0.08443005266638848,5.947418489096256,0.024529771122691654,7.805092586794539,3.5483841197188855,0.012715017173433138,129.50678523563536,18178538762.88476,0.0007024389108122823,0.24251773636249346,0.3405691433051673,0.2646394784649913,0.17690391213463363,1144615.3719985455,0.03501702678111129,0.19514896200760112,0.0335921318065628,1.0,0.4370823090196513,5.0453039129956485,0.3405691433051673
5,2,0,2,2,2.962452897996584,0.08844486734185926,1.121191143717463,0.005172075274038676,1.5457590487154942,6.047234488607563,0.49783160816714983,126.88473999957081,12662846414.748657,0.0,0.24866908822982436,0.34057929466903525,0.2589026855002481,0.15819116385221843,500189.27726645244,0.03351530027962018,0.20046033978558875,0.03146834398363209,0.34057929466903525,0.40476644924674016,1.0,0.34057929466903525
3,1,0,2,1,2.5715376795566103,0.06986569557201947,2.006688111211344,0.03765452850275105,4.906350592167338,12.607071385674368,0.39232878376616315,123.37743289236964,15396347501.37694,0.0009415803221791395,0.24778680050032412,0.34060454230758336,0.26010806961866606,0.19744129874316524,3028158.5095441425,0.03382810394037441,0.19329128783415384,0.03264449977498716,0.34060454230758336,0.3480717647436142,1.0,0.34060454230758336
2,2,1,1,2,1.387415214343992,0.0444056895182307,6.723451641855493,0.017552487634368286,8.229825769365618,6.668299990561907,0.3644960551296352,89.47151022151327,10474775720.40561,0.0,0.29459984949504936,0.340621997923945,0.22625853083868633,0.1915334385420784,5732846.006867318,0.025596461388640385,0.14945184581553872,0.025150970575509524,0.340621997923945,0.36140348700664415,1.0,0.340621997923945
2,2,1,1,2,1.387415214343992,0.0444056895182307,6.723451641855493,0.017552487634368286,8.229825769365618,6.668299990561907,0.3644960551296352,89.47151022151327,10474775720.40561,0.0,0.29459984949504936,0.340621997923945,0.22625853083868633,0.1915334385420784,5732846.006867318,0.025596461388640385,0.14945184581553872,0.025150970575509524,0.340621997923945,0.36140348700664415,1.0,0.340621997923945
4,1,0,2,1,0.6224930053835256,0.07052260447116364,0.8945188069943022,0.009905011165546092,2.311818939629729,3.223152046164495,0.4815834276451045,105.98989723939577,10594680817.437914,0.0,0.27055447574373503,0.3407917164872219,0.2426060234962159,0.19490170872034696,4336045.291450941,0.02942884131832323,0.17411666149572813,0.028560895571001072,0.3407917164872219,0.24368370168916165,1.0,0.3407917164872219
3,1,0,2,0,4.326986986224741,0.08186452590331618,4.764988449010065,0.046388597661602006,8.712759078083785,14.767143347601786,0.1577344632130841,108.11146027364944,11295294577.661411,0.0007784337555738264,0.22552784128638925,0.3411349704045708,0.2789121074858127,0.20117462770695285,2186470.971848249,0.03889598185108876,0.23379069205593483,0.037044204901959636,0.3411349704045708,0.3755585529548579,1.0,0.3411349704045708
3,1,1,2,1,0.31641439770609014,0.05378875242725733,5.471662382059737,0.010499258732570151,1.0399336626078357,2.8498465969655693,0.4834236394501906,102.30089579772849,12745159257.579872,0.0,0.24597506086270687,0.34200336729444625,0.262186318120473,0.1724881553833051,1953573.4735677317,0.034370832704784936,0.2050881454604938,0.03279084726053391,0.34200336729444625,0.34397864656112176,1.0,0.34200336729444625
3,1,1,2,1,0.31641439770609014,0.05378875242725733,5.471662382059737,0.010499258732570151,1.0399336626078357,2.8498465969655693,0.4834236394501906,102.30089579772849,12745159257.579872,0.0,0.24597506086270687,0.34200336729444625,0.262186318120473,0.1724881553833051,1953573.4735677317,0.034370832704784936,0.2050881454604938,0.03279084726053391,0.007909573145362087,0.34397864656112176,0.02312717915011748,0.34200336729444625
3,1,1,2,1,0.31641439770609014,0.05378875242725733,5.471662382059737,0.010499258732570151,1.0399336626078357,2.8498465969655693,0.4834236394501906,102.30089579772849,12745159257.579872,0.0,0.24597506086270687,0.34200336729444625,0.262186318120473,0.1724881553833051,1953573.4735677317,0.034370832704784936,0.2050881454604938,0.03279084726053391,0.007909573145362087,0.34397864656112176,0.02312717915011748,0.34200336729444625
3,1,0,2,2,0.4759623114220787,0.07875551271975315,4.4155832414966945,0.04010230642268039,0.778085652738916,5.359599045634283,0.7327346966410118,113.00615426769406,9114124232.146255,0.0006874207358039607,0.2976543969133531,0.34201698037896267,0.22547642680838362,0.19026338779163932,6347722.036240671,0.025419809523138187,0.14425654731848536,0.02498247782887897,0.34201698037896267,0.37357155430867717,1.0,0.34201698037896267
4,2,0,2,0,1.3673573132928196,0.06136929392286884,5.655394356999222,0.0536992604476563,5.971785340505699,8.234254599242945,0.5843455438291294,123.49966211702078,14350449710.720373,0.0005511057345117243,0.2566185272302442,0.34246914692142066,0.25419959578250656,0.19144790327140537,3243290.970702379,0.03230871724799487,0.19129705272536468,0.030959720479164836,0.34246914692142066,0.38367117964811515,1.0,0.34246914692142066
4,2,0,2,0,4.380291197079579,0.0787161773284166,5.421984674340229,0.019679355663627482,4.378180492585299,5.186976385090783,0.6260701089964841,122.95901256985424,16451043809.137032,0.0007138267443043877,0.2718367762915799,0.3425199400558967,0.24293692278000442,0.16603808877172432,1127447.5135779858,0.029509174224908917,0.17450989272750328,0.028508659194457595,0.3425199400558967,0.5053100973142559,1.0,0.3425199400558967
3,1,0,2,2,2.991351868011161,0.008754311755975285,4.562097113362761,0.0072435056318907445,9.590483998891747,15.101101543403098,0.3410497918564004,84.33454997054064,11037109629.39178,0.0,0.2270530026545784,0.3428960471753797,0.2806860489519708,0.21118571023032615,3241446.742155752,0.039392329038134076,0.20410096418878743,0.0377403789473126,0.3428960471753797,0.6607700370575991,1.0,0.3428960471753797
4,2,1,1,0,1.1536004431466367,0.029062092355971313,2.6673859710012287,0.03242381688588774,9.016232882764772,1.241702079174377,0.7660027341497435,98.68675265634438,19297433463.866306,0.000633235448315623,0.2515767678497646,0.3430415536511449,0.25871283721148114,0.19217640484683277,3675965.188985879,0.03346616606900717,0.19545404673206546,0.032244810455121,0.076135293363572,0.34327189782373935,0.22194189757255345,0.3430415536511449
4,2,1,1,0,1.1536004431466367,0.029062092355971313,2.6673859710012287,0.03242381688588774,9.016232882764772,1.241702079174377,0.7660027341497435,98.68675265634438,19297433463.866306,0.000633235448315623,0.2515767678497646,0.3430415536511449,0.25871283721148114,0.19217640484683277,3675965.188985879,0.03346616606900717,0.19545404673206546,0.032244810455121,0.076135293363572,0.34327189782373935,0.22194189757255345,0.3430415536511449
3,1,0,2,1,1.180198153179854,0.024219561816923415,6.501673205100042,0.006882966819045016,0.2349421641563321,1.20208957493084,0.6683330324142074,112.95032228692001,9067233203.282177,0.0,0.2939543335337864,0.3431696211248732,0.22844127047530594,0.14865445932992866,622862.1957092517,0.02609270702818594,0.15190060907427838,0.025149672611598072,0.3431696211248732,0.49998295192461295,1.0,0.3431696211248732
3,1,1,2,0,0.6806540659403296,0.05290404112971172,8.334856308171206,0.020064531694535807,1.039859796496795,11.409209662399869,0.20580369374459334,124.17303152252876,14342352083.41188,0.0005944742457913313,0.31338052560922464,0.3433104815393424,0.21747890658874938,0.18069908110597935,7829485.888890058,0.023648537405518987,0.11830479014998363,0.02332401777840275,1.0,0.37295414085150663,9.252614802100066,0.3433104815393424
4,1,0,2,0,3.4182290563998965,0.03526916636028823,5.925443231502156,0.06512866068898568,6.3608244048756415,6.061706650010599,0.16080298148131322,122.50315510389079,12797375370.550632,0.0010601387212941884,0.22094941687955014,0.34332148108168065,0.2847812899750639,0.23594824558016592,4318785.711438931,0.04055019155993071,0.24574790347157227,0.039345965661685856,0.34332148108168065,0.5482462180851486,1.0,0.34332148108168065
3,1,1,2,2,1.7772523250492218,0.09049714959752236,6.162441290682594,0.008066966372514516,0.8767158892834479,4.66596871311293,0.34080067500930444,126.77835838175545,10742322609.288733,0.0,0.2682623776036199,0.3437547066782971,0.24667370093981747,0.16791907763777827,1219789.0853050197,0.030423957367673254,0.1751133328644624,0.029374361308913938,0.3437547066782971,0.36140847516674907,1.0,0.3437547066782971
5,1,1,1,1,0.9996961263244466,0.08063238723410279,2.9344487939702177,0.05182262454333058,6.589419554466749,1.0545535576973135,0.2471860054827526,91.88802408411968,13747685407.976717,0.0007346027300308501,0.2611978689979533,0.3437911151679134,0.2518707480182592,0.19146481219446435,4218866.743363622,0.031719436853638705,0.18432127730178016,0.030567572707344715,1.0,0.365048660851159,5.845582266719271,0.3437911151679134
4,2,1,1,0,1.3991632585472702,0.06915246838826475,2.4609939704577135,0.032782839810971194,6.2467063359131725,3.770785587748336,0.3109281977708481,82.41379084438145,13273572923.264292,0.000719135234280448,0.24274033763534042,0.344009551260429,0.2666989877783567,0.19467438474374776,3041597.2119696764,0.03556417504100003,0.20632836841217972,0.03409244665477076,0.344009551260429,0.36257487591536164,1.0,0.344009551260429
3,1,0,2,2,0.5960420625170101,0.07086352149469011,3.439576001713523,0.03968254790812084,1.1542731233505337,8.567157369291232,0.7014024071204077,124.17540833212271,11844497018.71615,0.000716589115685517,0.3066468051456478,0.3442894175003476,0.22131875066878057,0.18605352501975153,6593332.888207995,0.024490994698794927,0.1397167996458949,0.024139537686347714,0.3442894175003476,0.36355958521808945,1.0,0.3442894175003476
4,2,1,1,0,1.1499889097961997,0.02985681010806038,2.9765415867197733,0.036146517075296015,3.4348220982717343,1.0038802441683579,0.6805098883817804,107.70386337425465,19268578702.923584,0.001445482073259767,0.2826821452458261,0.3444011340287455,0.23671416029083048,0.17791215327213464,5326731.746190727,0.02801679684109649,0.16499313556169903,0.027169346739150346,0.013703868121471617,0.3884182478343716,0.03979042682341406,0.3444011340287455
5,2,0,1,0,4.583582834821677,0.06945322673498355,5.4695279940590815,0.013058870773822041,5.908799290160888,17.291906243547846,0.14639948525508198,70.16333170299535,17689199602.150547,0.0,0.2404971233296752,0.3444245617927446,0.2686426545528669,0.18397278495574582,1177901.9065362327,0.03608443792260548,0.21416543534027366,0.03424995364035692,0.3444245617927446,0.41650011076049787,1.0,0.3444245617927446
1,2,0,1,0,4.287441168249544,0.04846756945782481,7.661729247037015,0.005233642533078903,7.142144630408759,3.5321360854146695,0.5493572012111119,64.3023600229904,19841256642.46451,0.0,0.2675196537074146,0.34453604753720796,0.24800290936432717,0.15893592444270976,1218623.650490107,0.03075272152658534,0.17299276305918831,0.029465346723203233,0.34453604753720796,0.32009638481121977,1.0,0.34453604753720796
4,1,1,2,0,3.3361502739029207,0.07931945743059063,8.818657546666621,0.018037445662838623,1.7897447948376703,1.9494808187684958,0.1016316936073986,63.63148227569394,16129940871.211254,0.0,0.27716195892233353,0.3446212261663238,0.24440515585597974,0.20938484870069632,6709891.867776729,0.029866940104492878,0.10669407099475858,0.029247794184757734,0.3446212261663238,0.44142184168547405,1.0,0.3446212261663238
1,1,0,2,0,4.0911087731469795,0.07849805558449781,2.166685375299372,0.003591397225410589,2.5174577702340692,2.354960336476968,0.25150130134392823,129.7523638857249,10408008747.11771,0.0,0.26436968104781366,0.34468568862659393,0.25046948755144277,0.16869172916202677,999752.9384293221,0.03136748209714118,0.17617136306917003,0.030147308500315242,0.34468568862659393,0.3131271509082616,1.0,0.34468568862659393
4,0,1,1,0,4.852643174557177,0.039064404425895045,0.8282701033766559,0.0755706214622468,7.398481916925769,3.4612091103514366,0.8295561455185707,83.273685834939,14272415576.245657,0.0008288138643248649,0.2247259749762884,0.3450417068847961,0.28287444560221364,0.20203989201268258,2901311.0841913605,0.04000897598737987,0.23921294537255633,0.038031390370658676,0.3450417068847961,0.2876857786608971,1.0,0.3450417068847961
5,1,1,1,1,4.200803010940776,0.0354559660802209,0.6942320170663755,0.08858005620166182,1.6799386362457296,11.292139988613476,0.07848732042996295,120.84582255395496,15182441403.759117,0.0008062689791027323,0.3015085734055278,0.345048998257273,0.22491795309246515,0.19076318996309313,5539793.896241253,0.02529404281165218,0.14649916043959643,0.024817228520430532,0.345048998257273,0.21041955593926367,1.0,0.345048998257273
5,1,1,1,1,0.39851119238606325,0.01347024906864722,8.33987913123567,0.05569038915384174,1.4797094732964493,12.391551920466611,0.7960767633208241,64.35615371975467,17018092639.835686,0.0011951818780757152,0.26121177105080384,0.34561260910576663,0.2531725501841738,0.1739147646457393,385043.1747874485,0.03204817008337899,0.18687849969028192,0.03100707657687385,1.0,1.1220703267267325,136.01825149560844,0.34561260910576663
2,1,0,2,0,1.056279630917417,0.09046181359924073,8.779642383455094,0.02695007636180027,8.911514511499337,4.667429755510227,0.1792431110846965,125.57303177787162,17296269011.14383,0.0013268695647116425,0.28181661000851643,0.3460241998773177,0.23863641882426995,0.18791276135815274,4930626.520951649,0.028473670194636192,0.16417853759293077,0.027696892668289903,0.3460241998773177,0.44098064114386676,1.0,0.3460241998773177
4,2,1,3,0,1.1670029471586063,0.028184195971810943,7.954241663158612,0.03368350674146804,0.6147433572850151,1.2633855033347767,0.7534500664912849,99.59224532972078,19494748530.740185,0.0005988496887325411,0.25706282405899655,0.34622080099004626,0.25680314810918964,0.17919011057742518,1898355.5557396975,0.03297392843939519,0.1924873844107129,0.03180507336323593,1.0,0.5466263539333308,4.193808608812656,0.34622080099004626
3,1,0,2,0,3.20754874296375,0.05990673053341808,8.06605086081511,0.003917530934987838,2.1616854340956433,5.177240095930207,0.2988981833707,129.04635703525364,10996008273.718796,0.0,0.24268507632923464,0.3463167896717522,0.26842225580280143,0.18135824095148675,657817.7772601531,0.03602525370513228,0.2111004006998678,0.03463825675295142,0.3463167896717522,0.370024860534028,1.0,0.3463167896717522
3,1,0,2,0,4.337210335592609,0.07800007341926883,7.533318250510062,0.015833415298333667,9.31452389732613,12.111464160406477,0.5992782262008538,102.44542231767991,12669983634.137806,0.0,0.23509773208208629,0.34633234473003405,0.27490507356691707,0.19692949170462565,2310461.612923627,0.03778639973641604,0.22136149881841005,0.03610558103174138,0.34633234473003405,0.38843483773797455,1.0,0.34633234473003405
1,1,1,3,1,3.998144057603159,0.045362078440813025,5.014421022723949,0.020878960152162004,4.448450486754508,1.615900444386096,0.24720797887773013,119.64049898039954,10873128740.401432,0.0011077860519520242,0.274540912499713,0.3464205067515003,0.2438970443210696,0.21228049311023772,6179957.356252397,0.029742884114276894,0.17406813148332012,0.02918461677508905,0.3464205067515003,0.589978551953652,1.0,0.3464205067515003
5,2,1,1,2,2.59455543954283,0.05030655981390633,9.060269000168812,0.03402247450513585,6.396715460898523,11.634053802213401,0.49025225102658077,111.51059400529368,13486490562.98273,0.001289581902914558,0.22048255300485742,0.34646968378608456,0.28942026304521784,0.2182543785752051,2654308.1159727005,0.04188204433058154,0.2229284584238127,0.039772618412528805,0.34646968378608456,0.6212687942385224,1.0,0.34646968378608456
5,2,1,1,2,2.59455543954283,0.05030655981390633,9.060269000168812,0.03402247450513585,6.396715460898523,11.634053802213401,0.49025225102658077,111.51059400529368,13486490562.98273,0.001289581902914558,0.22048255300485742,0.34646968378608456,0.28942026304521784,0.2182543785752051,2654308.1159727005,0.04188204433058154,0.2229284584238127,0.039772618412528805,1.0,0.6212687942385224,23.577777808778496,0.34646968378608456
3,1,0,2,0,0.6220769744667053,0.07890097834740174,3.597169391984638,0.04793337951098862,4.554032394585401,5.1579298183770845,0.7520354305521068,103.97612525168448,10867720600.603691,0.0005277466930632278,0.287273151931573,0.3465742142064659,0.235244372424073,0.19035940957613195,4473096.375337671,0.02766995737859798,0.16044736691022699,0.026971060672887136,0.3465742142064659,0.34884493705748115,1.0,0.3465742142064659
4,1,0,1,0,1.1371650073026487,0.07292021064441816,1.0309414909269392,0.004964461017437997,8.361354206539684,1.443480174579845,0.16958394123854792,122.71882124501987,9637289547.49624,0.0006938452387189928,0.2533767854563903,0.3466153709223687,0.2601055304806994,0.19723841356050345,3578555.290158216,0.03382744349332303,0.19533312363766853,0.032639114435198194,0.006231387648028261,0.2709454595453567,0.017977816827470995,0.3466153709223687
1,0,0,1,1,1.6691263600445119,0.0626074716013275,5.4564026433921855,0.021039990708881188,4.760549047331993,16.853921433363517,0.7058973141430052,113.0266971184609,16900481935.19785,0.001246100632780725,0.2522816137306856,0.34678780673531634,0.2620314816237663,0.19640076046051733,1618552.3196035642,0.0343302486809731,0.1808783015604376,0.03315715768042222,0.34678780673531634,0.5943096427598189,1.0,0.34678780673531634
4,2,1,1,0,0.6526134123730912,0.008154502499267644,2.0393165561672078,0.02336186119147738,9.256413018613738,1.7116474709200702,0.7848361857007637,106.0281564513079,14572630193.772255,0.0006099194194782098,0.2689794764829433,0.346913260723367,0.24915968682069897,0.16698639260313092,1235754.6576150972,0.0310402747682944,0.1652487281486602,0.029927645211134387,0.346913260723367,1.1317005444848245,1.0,0.346913260723367
3,1,0,2,2,0.5892589903220845,0.07063075212324937,3.434956708388863,0.03969024250804675,1.245137954337999,8.58542075988615,0.7016094317489854,124.1499866801911,11823693375.617973,0.0007142286864442635,0.30778003182121305,0.34692945420648874,0.22234259599439637,0.18716328981802252,6552270.784856643,0.02471811499676368,0.14155759686908964,0.02435580977320613,0.34692945420648874,0.3618879975938819,1.0,0.34692945420648874
5,2,1,1,1,2.866200918796601,0.09691974997347867,2.582320093875127,0.030300149001703185,4.863211128551135,16.879655015411334,0.03787732062687698,124.24776624283768,19989955939.957573,0.0007215454683857146,0.24759808728770188,0.3470080534508565,0.2647814898584904,0.20377682605870423,3697032.5432071905,0.03505461868584093,0.2075746666105155,0.0338123554560303,0.3470080534508565,0.36491806424879547,1.0,0.3470080534508565
3,1,0,2,0,0.5268546220147762,0.04124751017016501,2.7788104224006505,0.03621050007839869,2.2541209645603204,1.2975530352749436,0.5984953627210025,121.9995525855245,10731847880.426928,0.0005460410986064308,0.29509448316345266,0.3470959775627167,0.23032835376256455,0.18647987282479261,5795388.892406868,0.02652557527348654,0.15536720347975086,0.025944721217100866,0.3470959775627167,0.33173060632849016,1.0,0.3470959775627167
1,0,0,3,0,2.41931268821398,0.08443005266638848,5.947418489096256,0.0270404819358823,7.730334407487061,3.5483841197188855,0.012715017173433138,129.50678523563536,18178538762.88476,0.0012773786704562808,0.26025928529147696,0.3471751850623947,0.25558260589813014,0.16911595337697238,1249262.8169277245,0.03266123421883945,0.18058235578536752,0.03132008088572654,0.3471751850623947,0.4940658362645326,1.0,0.3471751850623947
1,0,0,1,1,1.6903334246396273,0.06311197928593378,5.327990048262547,0.02049026519867634,4.4661584224411035,7.4675636807383,0.3581599674619327,115.02408863691446,16848255848.32175,0.0012506976675843602,0.2705543599154784,0.3473680169168919,0.24821228764899514,0.16414593295587823,943559.8190133008,0.03080466986997375,0.16617186982173682,0.029600805897242687,0.538358712836081,0.4934865881952815,1.549822340048318,0.3473680169168919
3,1,0,2,0,2.166003711126752,0.03116719496175611,7.15557221680795,0.0474179879946103,8.730979568007317,8.775678445009703,0.7120805629617336,117.88023876031995,16011390760.564291,0.000561716364104615,0.2418069980912294,0.3474008675747386,0.26980855857938124,0.19776329750937968,2826724.0389424125,0.036398329141341695,0.21687707270047074,0.034718755488413106,0.3474008675747386,0.3829780556021746,1.0,0.3474008675747386
2,2,0,2,0,1.1486865650401836,0.08698691011034586,3.226032897321585,0.007568009572739104,7.419403280925954,7.071211946680638,0.21873187262729518,101.23112234040047,10226654501.146008,0.0,0.2967652642453582,0.3476789796304462,0.22984246343261375,0.18654260777734133,6258828.72817582,0.026413778998386192,0.15091815614955073,0.025773309803653527,0.3476789796304462,0.3452825508349769,1.0,0.3476789796304462
4,1,0,1,0,0.8737213501414678,0.06475437538974574,0.35790527177263554,0.014189408564143486,7.168256467132579,3.905355959829426,0.19799758304452214,121.2960544846599,10042062498.525093,0.0007219293260518078,0.26150706367118176,0.347719607908839,0.2548691846006295,0.18965949305121635,3661563.8257385604,0.032479150629494885,0.18254350693258048,0.03128278460566818,0.07816420396909783,0.2693623999073945,0.22479090103423213,0.347719607908839
1,1,0,2,0,3.2410244475162453,0.09853881420314292,2.524904341296711,0.007319370768376901,4.104630573457547,4.7022105816772495,0.03970187413844938,129.2462552271193,16135014908.35485,0.0,0.2746969097872115,0.34785170993434417,0.24510505931092808,0.15480442968350946,1091444.272601639,0.030038245049906785,0.17025330643287728,0.028775449568947408,0.34785170993434417,0.3129047257276878,1.0,0.34785170993434417
4,2,1,1,0,1.0769976288436276,0.07148623604661074,3.421405977297037,0.024459560804316778,2.3495786654347994,16.01502934869531,0.5311863331407135,80.55482013927507,13217996186.402502,0.000647936957352427,0.29501547554970575,0.3480841828627547,0.2310450406870917,0.19491843642222467,5589837.5286365375,0.02669090541304993,0.15648420512477634,0.02622792783382556,0.3480841828627547,0.36942078114652144,1.0,0.3480841828627547
1,1,0,2,0,4.569125522397036,0.045109329205012136,3.115772618043217,0.02398359854396856,7.580300213252032,11.13154111086299,0.040743270296419214,89.90469573029402,19100467350.854523,0.0013644520560072203,0.23874923363670908,0.34813320543973236,0.2735136366355444,0.1838237407712995,1689822.6762011228,0.03740485471280031,0.2126232110998847,0.0358114872680555,0.1630206614920965,0.375415630928216,0.46827093464463593,0.34813320543973236
1,1,0,2,0,4.569125522397036,0.045109329205012136,3.115772618043217,0.02398359854396856,7.580300213252032,11.13154111086299,0.040743270296419214,89.90469573029402,19100467350.854523,0.0013644520560072203,0.23874923363670908,0.34813320543973236,0.2735136366355444,0.1838237407712995,1689822.6762011228,0.03740485471280031,0.2126232110998847,0.0358114872680555,0.1630206614920965,0.375415630928216,0.46827093464463593,0.34813320543973236
3,1,0,2,0,4.70718504708171,0.03395308764135585,0.6949919438987018,0.001079552535827714,3.2542081900773754,3.1162557721264745,0.5747403633585471,118.65811808683428,9705066380.721504,0.0,0.2668392330373357,0.3481491776809795,0.25069356712502944,0.1973071560330614,4421824.367776751,0.03142363229893582,0.18520199413439842,0.030482663706488326,0.07634024667746742,0.2604720377793447,0.21927452819498106,0.3481491776809795
3,1,0,2,0,4.70718504708171,0.03395308764135585,0.6949919438987018,0.001079552535827714,3.2542081900773754,3.1162557721264745,0.5747403633585471,118.65811808683428,9705066380.721504,0.0,0.2668392330373357,0.3481491776809795,0.25069356712502944,0.1973071560330614,4421824.367776751,0.03142363229893582,0.18520199413439842,0.030482663706488326,0.3481491776809795,0.2604720377793447,1.0,0.3481491776809795
3,0,0,2,1,4.917879619319273,0.06641899255812948,0.8849701347258566,0.03607000062350027,8.882347979485509,5.5301880205463725,0.09063741119376993,94.73242306106218,16451618665.990652,0.0007753656024119509,0.22767244517559038,0.34828750854175106,0.28267409041939895,0.20390497430853963,2814540.745438889,0.03995232069721726,0.2414838529360891,0.03800521815045956,1.0,0.3072093279966627,9.532792811980059,0.34828750854175106
2,1,0,2,0,0.6761177381197173,0.08519159681164082,1.128985973202974,0.04631885266204562,2.1601780165028637,1.0691504608635032,0.2300099235465981,83.88787363615148,13683469210.042933,0.001465545067415871,0.2818963316313739,0.34841406678146297,0.2400534286978891,0.19739370314078147,5584177.137660726,0.028812824314806258,0.17001405043734108,0.02813355234496496,0.17848910416846658,0.36749448227125053,0.5122901776535359,0.34841406678146297
2,1,0,2,0,0.6761177381197173,0.08519159681164082,1.128985973202974,0.04631885266204562,2.1601780165028637,1.0691504608635032,0.2300099235465981,83.88787363615148,13683469210.042933,0.001465545067415871,0.2818963316313739,0.34841406678146297,0.2400534286978891,0.19739370314078147,5584177.137660726,0.028812824314806258,0.17001405043734108,0.02813355234496496,0.17848910416846658,0.36749448227125053,0.5122901776535359,0.34841406678146297
4,2,0,2,0,2.3531656506877963,0.044504021273678786,9.541639091925134,0.05853099155502519,3.3388513661958608,2.646316563987682,0.8218910042719892,110.95711233064534,18348349658.982956,0.0008013831277435589,0.2662857583666429,0.3484832712241468,0.2512480074866962,0.1619503658862069,2977046.043806893,0.03156278063301746,0.1879216929302897,0.029534010958018553,0.3484832712241468,0.45722598374406354,1.0,0.3484832712241468
3,1,1,2,1,0.32642384927684137,0.05769724470319035,3.599681485270197,0.018616984646727626,1.71798153907306,2.817496066101038,0.3896235339815017,101.8650744772435,12276060110.916662,0.0,0.31360293055556315,0.34883182575450494,0.21996904881932977,0.18068052678108862,6370593.242027163,0.024193191219240344,0.13971933903909228,0.023738116976736244,0.036151269476745816,0.33883476083006336,0.10363523855242428,0.34883182575450494
1,1,0,1,1,2.56423269689928,0.07672678760827871,8.764689720732754,0.027769119482667904,1.1707903253939158,1.3600923737036548,0.7412103666164446,73.6712062604536,12188865943.936268,0.0014080462874823299,0.27548590078306917,0.34896302462452944,0.24490911573004479,0.17358526348968795,1601527.5279166012,0.029990237483836234,0.17788817431091963,0.028882215492352287,0.34896302462452944,0.4704366464122902,1.0,0.34896302462452944
2,1,0,1,0,2.459162347755776,0.0642132927118677,0.9651594299668962,0.030204107614368817,5.751187541993636,1.5017789940850577,0.5525641941532412,77.5425821571039,13104882958.757416,0.0014536007969367833,0.23971802813058918,0.3491886048033146,0.2735158091353461,0.18154690187028574,1604604.1424842854,0.03740544892348154,0.21249655317462768,0.03560680235988474,0.47544586946202594,0.24833662108266777,1.361573267059581,0.3491886048033146
1,1,0,2,0,4.0911087731469795,0.06416946656510562,0.8621918100921624,0.003591397225410589,2.5174577702340692,2.791017419002883,0.25150130134392823,129.7523638857249,10408008747.11771,0.0,0.24558657747331358,0.34996019045352267,0.26937603792356823,0.18341019321354093,1018916.9614942351,0.03628172490369984,0.20201716129369174,0.03482107751938884,0.34996019045352267,0.2697707049074238,1.0,0.34996019045352267
4,2,0,2,0,3.0832079998438076,0.09151596083780195,9.828545744288801,0.023518998979712727,0.1690196234105116,1.0433641884378253,0.6671003768623047,113.04426530165817,10761023450.156645,0.0008134451541440425,0.2401266849915309,0.350067905905922,0.2809989400063575,0.23653478711058634,5863219.478047979,0.03948020214234824,0.08955110578954228,0.038427532378818914,0.350067905905922,0.41063022537554933,1.0,0.350067905905922
1,0,0,0,0,3.4009345129338393,0.05020700199331075,4.919623057788876,0.04487020974235952,1.3970716742587312,2.21905412068547,0.16618550970705792,97.33629836593367,13832142983.632841,0.0011680460588873866,0.21793652984443035,0.35023714087970853,0.2942584303106775,0.24189779053010696,4372401.661505091,0.043294011904451916,0.2443487727753545,0.041727685968312375,0.4313350652876394,0.6196843378716737,1.2315514688254736,0.35023714087970853
5,2,1,1,2,2.6770408252615407,0.007963143521675455,5.921987179484695,0.0039769801745009785,2.914040833303641,13.275868523068914,0.7486884896226412,89.8409196158032,13589099138.162422,0.0,0.3257617725439732,0.3505938836798796,0.21394060851029148,0.12761187954457454,148944.72413600606,0.022885291984876904,0.1316167254856806,0.022142086925538637,0.9678667358814912,0.9061899835017162,2.7606492324470535,0.3505938836798796
4,1,0,2,1,0.9274319791161153,0.055302846296473765,3.1791852744352904,0.02177229436774513,6.012065582031491,4.604889575444048,0.8070113549007498,92.89984438016722,10396713467.655407,0.0010739354080544906,0.26250817470008786,0.3506178254727657,0.25604580138756966,0.19312425475416384,3571395.7379610986,0.032779726204101384,0.18793235695084365,0.031578751187708136,0.3506178254727657,0.3876457757723954,1.0,0.3506178254727657
4,2,1,1,0,2.1626771660560626,0.007739302342315092,4.481272120463068,0.046430298824109234,3.237205130766207,3.0402238281693816,0.750065439396574,75.04115360461353,9586665022.404037,0.0010774941173296384,0.2623344582757897,0.35068977386194217,0.2561076536482527,0.16874882298057944,337529.167360426,0.032795565128606693,0.19035014616900314,0.03164207372755625,1.0,0.9058111419846308,31.66775678421784,0.35068977386194217
5,1,0,2,0,2.0466047866828383,0.014235110220986459,9.324161064867337,0.08877815459112019,4.6640593834677695,10.060114971435162,0.7280692418648743,93.9684980942109,15093321080.21647,0.0009284201433718131,0.292915910218051,0.3508288479004353,0.23436312172221666,0.15231980589829988,305021.01792526926,0.027463036411691268,0.15987457992246468,0.02662465743006992,0.3508288479004353,1.0120197646399216,1.0,0.3508288479004353
3,1,0,2,0,4.087229008272028,0.09512688512013624,3.3166997328183974,0.021429958610589498,8.8610173909417,13.445144852636004,0.6097950501239019,110.36048924137897,12620990584.059006,0.000667278270749113,0.2334454696149454,0.35088419583936475,0.2798111237744785,0.18917363767388756,1019342.2291103494,0.03914713249396825,0.2321112185584674,0.03745804858952962,0.35088419583936475,0.34596427298434335,1.0,0.35088419583936475
0,1,1,0,0,0.3690464128860138,0.03392563485080798,6.338507847649309,0.060365718935041675,5.325359312145909,16.42548016531017,0.4924685260654209,89.52776543186478,16672478139.33826,0.0006820139181136708,0.23883397619513638,0.3508879134315056,0.27537437622860034,0.2284027313454055,5656527.98735883,0.03791552354164537,0.21975990221343844,0.03667366446910715,0.3508879134315056,0.41342193420662254,1.0,0.3508879134315056
3,1,0,2,0,0.35083925872485044,0.04132729504428235,5.814683047330275,0.00831778661551296,1.003309264177075,3.4601803363234063,0.6377742932758745,112.64741803566233,9729578310.229527,0.0,0.259353260088664,0.3509231942698833,0.25829813356749304,0.16461702009227375,1880100.8348947186,0.03335896290222523,0.19892453849778513,0.031769350702540215,0.027436610072075093,0.3447446342597128,0.07818408848454318,0.3509231942698833
1,1,0,2,0,1.3214086677414856,0.044536656765884426,7.349383992260376,0.010983422513100204,6.2226238115892265,6.937864339771137,0.17502472959963147,115.20949671639985,15555676459.692226,0.0,0.2861202344662872,0.3511796222889925,0.2392616015618391,0.1525107444822471,1014973.3043215917,0.02862305699096812,0.1653518139079727,0.027464961701691482,0.4009307286289412,0.3120084027968605,1.1416685456168283,0.3511796222889925
3,1,1,3,0,2.3618101551091946,0.009596581691772054,5.550215161729565,0.04114035820594471,4.126728292455067,5.351077931566554,0.6872522454265401,68.7773903391352,14700564031.114235,0.0,0.2634826186319994,0.3512405746766305,0.2557671066009248,0.1741757762020368,286985.2699237867,0.032708406409504405,0.18736885933945235,0.03159499647487422,0.3512405746766305,1.2303693608768964,1.0,0.3512405746766305
2,0,0,2,2,2.5166663380132595,0.05105271393456529,7.948443342320955,0.021872371981229072,2.983152719166701,13.257546298125222,0.28800073580415947,104.74847221405969,13942825447.17933,0.001301243939220992,0.280563755603259,0.3512718049618813,0.2431659188594472,0.19619495433020495,5966807.496488564,0.029564832047379627,0.1712013386563841,0.028655685008549016,0.3512718049618813,0.5700072173133166,1.0,0.3512718049618813
4,1,0,2,0,2.9721268004939745,0.013016574460428372,9.557487290785094,0.034174981869374885,4.511916488962288,14.999763928377858,0.833179729177655,118.70808458658692,12738553416.612774,0.0006299268835910025,0.3097523495378433,0.3513539525206789,0.2243595772577023,0.14595954104573017,485593.8057988779,0.025168609953627446,0.13836022153626693,0.0244069310825465,0.3513539525206789,0.8229151807758845,1.0,0.3513539525206789
3,1,0,2,1,0.5732727161392545,0.07059805818577887,0.9343800851903582,0.01115270719734849,1.969138880601903,3.205681640658198,0.48137825748518576,104.44339638002234,10286868788.209045,0.0,0.26255194980805796,0.351369020547674,0.25623792180862925,0.19598882441183496,3770041.0315521006,0.0328289362864026,0.1943492450002834,0.03165125659518518,0.351369020547674,0.2481718514110993,1.0,0.351369020547674
3,1,0,2,1,0.5732727161392545,0.07059805818577887,0.9343800851903582,0.01115270719734849,1.969138880601903,3.205681640658198,0.48137825748518576,104.44339638002234,10286868788.209045,0.0,0.26255194980805796,0.351369020547674,0.25623792180862925,0.19598882441183496,3770041.0315521006,0.0328289362864026,0.1943492450002834,0.03165125659518518,0.01445051019825582,0.2481718514110993,0.04112630696847437,0.351369020547674
1,1,1,1,0,4.330566603715465,0.09774431918435339,2.5527241361989805,0.010104177058373767,3.4103622626016676,1.456289301762105,0.20857457821783668,74.64619675682995,17022753136.959538,0.0,0.2702089224562595,0.35145583584959855,0.25111297788180825,0.1617256507068959,1152286.903343963,0.031528863830334763,0.17606451468300888,0.030207753590152143,0.6517785013415698,0.3322973315773348,1.8545103960672056,0.35145583584959855
1,1,0,2,0,4.307479609454923,0.0933867177941145,7.338129004919902,0.009036302673328975,3.3988136751630242,4.9298234493465705,0.18641085563931645,127.2859006918977,19115332024.343067,0.0,0.2615657835588077,0.35178479728035233,0.2579746238139273,0.16743628385220258,1131406.3142180743,0.033275453265968646,0.18433142088018306,0.03187931890142837,0.35178479728035233,0.31825856781629497,1.0,0.35178479728035233
5,0,1,0,1,4.057460936150122,0.08242486391761823,3.6639901090516647,0.08941227191702912,6.852296961998474,17.508465814867215,0.4683461200103736,116.06887136048053,17639567456.363323,0.0012247451538052352,0.27827902743598637,0.3527187606971735,0.24567219796528056,0.2075949150118713,6019053.9221193995,0.030177414426546003,0.17726681587930404,0.029382127182476903,0.3527187606971735,0.4571211757052218,1.0,0.3527187606971735
3,1,0,2,0,0.13715708864420095,0.07197926217089895,8.308822277827996,0.009604921789024723,2.373753542029047,2.812012111935789,0.5249216476656812,90.21103835825981,13739884027.694473,0.0,0.25220517233043144,0.3528317407002441,0.26537560596573095,0.166446393808478,1963427.9378461007,0.03521210612083945,0.21009235437753782,0.03344270864601456,0.3528317407002441,0.3444268372064323,1.0,0.3528317407002441
1,1,1,1,0,4.2894127397415085,0.09604518029252504,2.627664220296321,0.009270525674942548,3.5425903288110456,1.6690316968017487,0.21977692191283665,76.50080609202983,16732835853.863594,0.0,0.26715805259090825,0.35312278965545907,0.25468759137630154,0.16634545909464263,1136263.923366428,0.032432884600530974,0.17958620700117534,0.031080448152929162,0.6575325325571068,0.31454004451511286,1.8620506855381933,0.35312278965545907
4,2,0,2,0,1.279067475433524,0.06193420999316414,5.1426325367447925,0.044533291190127534,6.801204484454139,4.688457249877779,0.7129941128442838,124.70027987417126,14333803953.933096,0.0007058983111281324,0.25790314713109797,0.35314896645890065,0.2610769801279893,0.19528278484286998,3296840.102682195,0.034080594776375255,0.2032904561079908,0.032660863338960414,0.35314896645890065,0.38463531142724444,1.0,0.35314896645890065
4,2,0,2,0,1.6041596005426901,0.045767014883760095,4.07413437150991,0.03548418352752377,4.975186296244365,7.242704428102155,0.5368324271814133,117.94660504381312,9949377525.846037,0.0005282820605388319,0.25143958684947426,0.35319267158489653,0.2662673373588392,0.2018089401848284,3005883.335470931,0.035449147472082936,0.21150801129095032,0.033961563791867454,1.0,0.38005791834781466,35.123543983650045,0.35319267158489653
3,1,0,2,0,2.0871435877867994,0.03422989930333895,6.975094644766724,0.0535695044053107,6.239372376073709,10.144229263663789,0.6621822777883799,97.26606566037607,11239957682.443914,0.000993362412083508,0.28423645263551756,0.3531927697707034,0.24174578872387992,0.18699475986060585,2863464.165818478,0.029220513182865396,0.17289875210337202,0.028269112559677626,0.9577075159070413,0.4143459812685679,2.7115716908044165,0.3531927697707034
5,2,1,0,0,2.35711261460225,0.0766724046706476,4.6062525138457255,0.02069462303901468,4.780213529610595,6.978292082222606,0.47091635195506537,89.46959782331467,12055063793.036055,0.0006479351208452307,0.28226007735532554,0.3533080296756776,0.2432083107359754,0.163882778133103,999595.2730892194,0.029575141205523386,0.17492782293711162,0.028540861383105128,0.3533080296756776,0.5002303218805363,1.0,0.3533080296756776
5,2,1,1,1,2.967177972903321,0.04423460431493942,4.421364113995782,0.020652869784708174,6.733531391368226,14.496893033967531,0.8392460432550617,95.88646159175632,14704285851.45362,0.0014364665236373333,0.24758007605254673,0.35357962679500204,0.2709965069175673,0.211621562751531,1463595.3399366937,0.036719553380761556,0.19506433651311106,0.03547250621956226,1.0,0.5916215326789975,44.88644146735706,0.35357962679500204
4,2,1,1,0,0.5030941754211291,0.009914733886670631,0.7711875918228458,0.04535376879211515,1.2330873330361838,3.768089421012751,0.6375743364914943,79.36435926135215,10629823341.874422,0.0,0.2188175633128474,0.35368890780938217,0.29503549423923,0.19444953942006374,894451.4555974638,0.04352297143049336,0.2689416258009356,0.04122171121092349,0.35368890780938217,1.3241299193818459,1.0,0.35368890780938217
4,1,0,1,1,3.9482555148591763,0.06017267578411262,7.268950203806959,0.05147009284767736,4.910247712172383,1.1217185842104669,0.1733325124766096,79.34420182590955,17871881346.97287,0.0008403574015770701,0.2721395583199909,0.3539246569163135,0.25091871415757216,0.18889629401952732,5396400.336576451,0.0314801005572447,0.18603006976290448,0.03009502660258708,0.5631380427627845,0.4685908341661726,1.5911240761503094,0.3539246569163135
4,1,0,1,1,3.9482555148591763,0.06017267578411262,7.268950203806959,0.05147009284767736,4.910247712172383,1.1217185842104669,0.1733325124766096,79.34420182590955,17871881346.97287,0.0008403574015770701,0.2721395583199909,0.3539246569163135,0.25091871415757216,0.18889629401952732,5396400.336576451,0.0314801005572447,0.18603006976290448,0.03009502660258708,0.5631380427627845,0.4685908341661726,1.5911240761503094,0.3539246569163135
5,1,0,3,1,1.1494566375952064,0.08393630081135872,6.193508572261492,0.05680462502597529,6.117939496993878,1.2922822517971255,0.030573797618727687,72.43490884403779,19674456732.26828,0.0013438270470217204,0.28340947555433527,0.35421032039559835,0.24384749473788658,0.20635099447441602,7288034.526939603,0.02973080034497181,0.16066940363348137,0.029077605721896244,0.35421032039559835,0.560019574018513,1.0,0.35421032039559835
4,0,1,1,2,2.278892271850385,0.006274013523860904,0.9173831219334825,0.02312652972038933,8.409902599079851,4.708621268303126,0.7509459461617557,75.92886432995294,11084473708.79632,0.0011124563869557586,0.2955945363223997,0.35427291842935243,0.2348851874629477,0.18274636523738563,5275505.06176987,0.02758552564475204,0.16149939779318612,0.026784544274695076,0.35427291842935243,0.305741417705662,1.0,0.35427291842935243
4,2,1,1,0,1.2379137879163353,0.02839874528832805,2.6923853420284027,0.03407412009309058,9.079558975443382,1.2489986475176593,0.7510164093861162,99.49185811190216,19451757842.191856,0.000602362008537828,0.2518070379353859,0.35431999088469346,0.2670607682329825,0.19585146068805215,3517245.4334826027,0.0356607269645954,0.20821410801921258,0.03423147023666439,0.11384731686745075,0.34495565770657904,0.32131214663668284,0.35431999088469346
5,1,1,1,1,0.9610261844773427,0.09704649360914908,4.7360979663432365,0.07070332088936805,6.132471762944645,2.42145176884151,0.11800908348021806,98.35456716170177,14777572545.577269,0.0006434329996540309,0.26658534249615484,0.35453509230286,0.25536211640203654,0.1896743216007505,4884672.892702064,0.03260490524666363,0.19529572638169668,0.031121561738579485,0.35453509230286,0.4053493073793132,1.0,0.35453509230286
1,0,1,2,2,4.304247105100178,0.036400337512645,2.902154676092406,0.07145219682560591,0.2036268974251248,9.912577615208653,0.42298960093546867,99.97245132429484,11007191656.140368,0.0012060332029022519,0.24533945144048463,0.3548038323363621,0.27265841729156337,0.1889854941136215,1165130.9738013472,0.03717130625997015,0.2193262625740463,0.035674097601782494,1.0,0.539688609826417,7.671994286399047,0.3548038323363621
3,1,0,2,0,4.226091298854956,0.07082454517833965,9.181014265978227,0.018683280951333286,8.137690647456655,8.511969188677394,0.3654675238346262,92.88284205321213,13426578848.222523,0.0,0.2458466021895347,0.3548474535097786,0.2722656209751372,0.19090508419144422,1969913.3843581716,0.037064284182488534,0.21870135450853534,0.03537043118296782,0.3548474535097786,0.38490646387248423,1.0,0.3548474535097786
2,0,0,2,2,2.5166663380132595,0.049964748125254796,8.112207859819048,0.021872371981229072,2.983152719166701,13.257546298125222,0.28800073580415947,104.74847221405969,13776933175.292355,0.001301243939220992,0.2812172423396921,0.3550204111762543,0.24535880642314534,0.19735114120364816,5998400.871180068,0.030100471944695253,0.17398805542104123,0.029148196469939602,0.3550204111762543,0.5738100938040264,1.0,0.3550204111762543
4,2,0,2,0,3.372183742600216,0.08926182612834291,7.093457985918534,0.04007835537148003,7.280585126972417,1.9343423178586023,0.5406758262434205,112.33124301469637,18146814692.087135,0.000762218504404118,0.2426519862749349,0.3550548582430032,0.2749725052883637,0.19010749580939934,2417219.927841638,0.037804939332279595,0.22599399640459206,0.03566683535555154,0.18479723696105313,0.4174075508986831,0.5204751679093376,0.3550548582430032
4,2,0,2,0,3.372183742600216,0.08926182612834291,7.093457985918534,0.04007835537148003,7.280585126972417,1.9343423178586023,0.5406758262434205,112.33124301469637,18146814692.087135,0.000762218504404118,0.2426519862749349,0.3550548582430032,0.2749725052883637,0.19010749580939934,2417219.927841638,0.037804939332279595,0.22599399640459206,0.03566683535555154,0.3550548582430032,0.4174075508986831,1.0,0.3550548582430032
4,2,1,2,0,2.3230288722328845,0.044257050767478164,9.883021927803087,0.0617838660797649,2.9975622597936153,2.1804261760019923,0.8055265854098675,109.53797258689966,18363024893.463104,0.0008048528984824183,0.2701296308252944,0.35514393883941564,0.2531746640078509,0.1657079955903875,3053187.1821722994,0.032048705247744086,0.19141394966067882,0.02996682114314312,0.35514393883941564,0.44726555495155845,1.0,0.35514393883941564
3,1,0,2,0,0.49076309196865064,0.050941053749281096,1.5976939419043852,0.011194963447603923,2.385201160099303,6.987633994759979,0.43671616246495765,118.084520322758,9868085268.178555,0.0,0.2968826152384318,0.3551916835671731,0.23509799610733295,0.18557163404508312,6244250.826400965,0.027635533886841767,0.15358591111730013,0.026927346621853365,0.3551916835671731,0.3307712604775378,1.0,0.3551916835671731
4,1,0,2,0,2.9721268004939745,0.013016574460428372,5.929557482995312,0.034174981869374885,3.5355250374154688,14.830388819544174,0.833179729177655,118.70808458658692,12738553416.612774,0.0006299268835910025,0.31826320007696274,0.35520537014962006,0.221273528592462,0.13513543263430583,352503.46904614853,0.024480987227879548,0.14180020954128925,0.023625897952875178,1.0,0.8079532058263599,4.434444036332941,0.35520537014962006
4,2,1,1,0,2.3142384125218203,0.033544871363639546,3.0578470312928956,0.052658740478791516,4.372455207171526,7.382107088912534,0.7993393163225134,62.42037669866424,12749724222.656591,0.0010753657669684855,0.29207141502110884,0.3552715915454138,0.23786276561929073,0.1898947069992897,3158488.414917561,0.02828934763402882,0.16667221592751102,0.02752967774492302,0.3552715915454138,0.3742060482167185,1.0,0.3552715915454138
3,2,0,0,0,1.0961604325414303,0.01956287868133424,2.3165173515144035,0.04375548218220511,2.04933963655024,6.2276200602131215,0.27466142621252143,116.54574579909705,12161411935.175375,0.0005830971387910772,0.2847495627757679,0.35535943579755286,0.24334104431364828,0.16277515666202522,226890.76432022313,0.029607431923828465,0.1669068455127588,0.028710975582272313,0.35376020749650794,0.7971781162158724,0.9954996880905789,0.35535943579755286
1,0,0,3,0,0.6489104763883755,0.0970132284571231,2.0277560622776587,0.02289523388358885,5.442588888844623,4.051235353149084,0.1756527582299365,99.08161468436418,10566498308.37995,0.0006166190667822292,0.2881556704122054,0.3554317737127095,0.24104539918575218,0.20443147015724636,6786476.782460526,0.02905144223430931,0.16349052475526538,0.028534389850385717,0.09910954962123666,0.5931043784509757,0.27884268360696846,0.3554317737127095
5,2,1,1,2,4.76600207228687,0.04222701876769004,2.1264058143878626,0.01476569992072263,8.13707804241214,11.398977490099217,0.5290281870479373,102.9263380711548,13259692507.778267,0.0,0.22567328536713804,0.35555093352389194,0.29056109029611654,0.19630475305494824,871667.7845102372,0.042212873597034,0.25128115476485213,0.03998028715510378,1.0,0.3524957058790053,251.48331308199238,0.35555093352389194
3,1,0,3,1,0.8020316917523351,0.059514817796658466,1.630346219848223,0.03933815151736942,2.3556768704552735,16.216927442228815,0.5360069715323506,87.48719003795749,14650684456.728388,0.0005140943206602882,0.3056922949666207,0.35563679408895243,0.22936073905689336,0.17947446563155597,5260840.748137935,0.02630317431036216,0.15195735562442214,0.025683126222077097,1.0,0.3811391634453219,2171.9849545084226,0.35563679408895243
3,0,0,2,0,3.70027533684451,0.09853075011997156,1.6342430097948277,0.023201974350283063,5.595173023456996,3.6469268289225045,0.20693659467733017,121.92195295344929,13654023302.544476,0.0009481482363962912,0.23944132178504984,0.35575422103033694,0.2782281563510832,0.19465039868000655,2274071.0858825366,0.03870545349326141,0.23226498218503489,0.03668559213861717,0.35575422103033694,0.3294793837414502,1.0,0.35575422103033694
4,1,0,1,0,1.9952671859478355,0.03509700079851058,0.7676935490529325,0.049842903967972876,1.376032982342819,14.070023793811245,0.7530437313975084,97.35889390174395,14949042751.837696,0.0012094497070511997,0.30447244065591644,0.3557566357863409,0.23016770124041214,0.19083161740633353,4087989.33310926,0.02648858534714781,0.15397390958566348,0.026007845608046504,1.0,0.2705159897542744,31.05454172804768,0.3557566357863409
1,2,0,0,2,0.17331332234857438,0.08243647420076905,5.217103517415676,0.01352412731206869,5.548748398148732,4.7008288369958695,0.8134027814665925,61.43837073640589,12482662628.388119,0.0,0.25768144313424846,0.35598132902500423,0.2636316205847345,0.18200774146225157,1709071.703825659,0.0347508156860667,0.2020644334416094,0.03337710801075013,0.35598132902500423,0.33658573226950056,1.0,0.35598132902500423
3,1,0,2,0,0.6662880041787397,0.0945596720499261,4.277953357481934,0.02777275303239881,2.91712371153275,7.677301297583403,0.20590667639387425,111.33449326287322,11753931821.132114,0.0011926222753898712,0.30185307983598436,0.35622163632072595,0.23217152452864062,0.19113355826685807,6158033.890973924,0.026951808400976586,0.15651642518529707,0.026341527900341652,0.35622163632072595,0.3878507205232599,1.0,0.35622163632072595
1,0,0,0,0,2.6573237431428867,0.05534759926530675,4.2467339135832445,0.04288184774820767,0.6270744683657438,2.141257073824681,0.20550904229008485,115.04598624774275,11563382318.963173,0.0009475569830419145,0.27648610438597104,0.3562879502305927,0.24984175354981467,0.164043879467133,957357.7283735331,0.031210450908423167,0.17674795516801245,0.029977862994340125,1.0,0.46171572571002295,6.927024714867443,0.3562879502305927
1,1,0,1,1,2.550335205117678,0.07677469004702973,8.760762503276624,0.025399659574382085,1.2545307326397457,1.4221316764166958,0.7533369565577297,73.42909078354606,11957836247.060738,0.0014214157539725587,0.27932938486649717,0.35630422437108306,0.24734614142217995,0.17675448291519333,1546482.8376757496,0.03059005683822052,0.18169790939988084,0.02946229586186433,0.35630422437108306,0.4711127194978366,1.0,0.35630422437108306
1,1,0,1,1,2.550335205117678,0.07677469004702973,8.760762503276624,0.025399659574382085,1.2545307326397457,1.4221316764166958,0.7533369565577297,73.42909078354606,11957836247.060738,0.0014214157539725587,0.27932938486649717,0.35630422437108306,0.24734614142217995,0.17675448291519333,1546482.8376757496,0.03059005683822052,0.18169790939988084,0.02946229586186433,0.17661753935518923,0.4711127194978366,0.4956930826934174,0.35630422437108306
3,1,0,3,0,4.607128921757647,0.08209265475140028,6.407141627937828,0.012630923859221335,6.42973649455378,11.921787010837793,0.19069662173827423,122.16324372477487,17097327888.476353,0.0,0.3044934676380314,0.3567149477645455,0.23107282539647608,0.1407012350419341,485365.4031928732,0.02669732531835516,0.14997424734223364,0.025662813712113406,0.3567149477645455,0.44524322533205946,1.0,0.3567149477645455
3,1,0,2,0,2.80046626103413,0.06173960041727624,0.6810262220783112,0.001152816579482722,3.8229172447629756,3.9664331934096184,0.4349519858771211,111.16272896257533,9027718555.202179,0.0005065835709360438,0.28080515389578875,0.35695165789560707,0.24713231054211623,0.19431596795779213,4314080.541196726,0.030537189456942487,0.17421020040885893,0.029597630290337615,0.01023596145241481,0.2465732878123315,0.028676044013243907,0.35695165789560707
3,1,0,2,0,2.80046626103413,0.06173960041727624,0.6810262220783112,0.001152816579482722,3.8229172447629756,3.9664331934096184,0.4349519858771211,111.16272896257533,9027718555.202179,0.0005065835709360438,0.28080515389578875,0.35695165789560707,0.24713231054211623,0.19431596795779213,4314080.541196726,0.030537189456942487,0.17421020040885893,0.029597630290337615,0.01023596145241481,0.2465732878123315,0.028676044013243907,0.35695165789560707
2,1,0,2,0,0.8483742748153847,0.09454379996771348,2.7235046180915057,0.01757568071614951,8.86664778668439,2.3149911547784345,0.038898395018162016,93.67906242154997,9953354706.53064,0.0,0.3121769230726896,0.3572975606168919,0.22703744028385614,0.18714266940078553,7589970.386958513,0.025772999645322772,0.13668779142560505,0.025360472887684678,0.3572975606168919,0.3522983429122565,1.0,0.3572975606168919
1,1,1,1,1,0.21078141686382096,0.02366672112248443,4.514588411605654,0.0636314368551927,3.8426807341440052,7.277126255735027,0.6779940678950493,100.48272249726193,17489978659.55914,0.0013521301375189964,0.30073060353411396,0.35732238788256665,0.23375747445736286,0.15742148099746764,543902.152157771,0.027321278432342326,0.15645761833640126,0.026353227380493102,0.35732238788256665,0.6063893752095112,1.0,0.35732238788256665
4,1,0,0,0,1.4205885770318327,0.06660863235688448,2.1120166724630733,0.03133365520020335,5.23787671488888,16.791610212827152,0.20448705970377373,112.28648681846462,15764906911.157768,0.0005098587249360979,0.2698834924160725,0.35736281074218473,0.2551858159176316,0.20225251018129142,4371408.343367053,0.03255990032277369,0.19014604078141129,0.03161662070532588,0.35736281074218473,0.34983608613450495,1.0,0.35736281074218473
3,1,0,2,1,3.6760624977803578,0.07193588971841354,0.9089713278429103,0.01695993904264583,0.9679528061042797,1.6523089863433087,0.5041156680549148,125.52382853416826,9339492805.901958,0.0,0.21720849558570143,0.3575481229308694,0.2997589318938525,0.20174269547180615,1250818.410250597,0.04492770862507165,0.27781546802568435,0.042507276358245236,0.3575481229308694,0.3872340517489822,1.0,0.3575481229308694
3,1,0,2,1,3.6760624977803578,0.07193588971841354,0.9089713278429103,0.01695993904264583,0.9679528061042797,1.6523089863433087,0.5041156680549148,125.52382853416826,9339492805.901958,0.0,0.21720849558570143,0.3575481229308694,0.2997589318938525,0.20174269547180615,1250818.410250597,0.04492770862507165,0.27781546802568435,0.042507276358245236,0.3575481229308694,0.3872340517489822,1.0,0.3575481229308694
2,0,1,2,2,2.4694129871147465,0.05127821248044893,7.74097057173996,0.022460764662806193,2.937864004370867,13.173471223591983,0.258971920450002,107.76615662302989,13889801537.83833,0.0013203029280167617,0.28022802271230823,0.3575798225794083,0.24787862418524456,0.1970377694929528,5968229.312565742,0.030721906163984857,0.17728953880033027,0.029685432689646452,0.3575798225794083,0.5438513297823497,1.0,0.3575798225794083
1,0,1,1,2,2.319733060753139,0.023576787664279893,5.559730494511986,0.006971030772270902,5.422187383672672,16.52591748908347,0.5920519371083247,64.17835816450302,16756457349.749252,0.0,0.2521361138209689,0.35773627220123594,0.26963837359050213,0.18193604838847127,797857.1599212565,0.0363524262562656,0.20717606497687036,0.03490628097111786,0.35773627220123594,0.3063558038437563,1.0,0.35773627220123594
1,0,1,2,0,1.7446831036453248,0.036128107197938596,6.718160471002394,0.07910186085852396,3.9391882962557005,5.901829002687396,0.6052057611832569,77.76213424722924,12799531923.506351,0.0011947062046643714,0.2516710978820688,0.3578793623859721,0.27027304260247775,0.18018426499856277,1047475.5566325559,0.036523758778800375,0.20543147042810161,0.03500873714766368,0.3578793623859721,0.4586105728797937,1.0,0.3578793623859721
5,1,1,1,1,4.293549480091436,0.03633841285078915,0.787747905303782,0.09013733227431692,1.5666375516856452,11.549533703787397,0.09766123302560505,120.24447118341274,15117015437.07404,0.0008031024182691404,0.2976317212793678,0.3582110310312641,0.23615717225742644,0.19678561792199656,5589748.970808547,0.02788510500431189,0.16411776644370824,0.02725790004026302,0.3582110310312641,0.1779575765108063,1.0,0.3582110310312641
5,2,1,1,1,3.038291319647227,0.07974109431654472,5.322644866992869,0.02749605746058479,7.512409184282596,16.559931749049483,0.7254604729595565,90.11478295791902,13685481604.441315,0.0008053266616004318,0.237391988202845,0.3588258209822995,0.28216871619125394,0.20992453562186336,3192592.847870143,0.039809592198510206,0.24357016362377648,0.03802962137472074,1.0,0.4265608728574009,13.209976054893746,0.3588258209822995
1,0,1,3,0,0.6207715117012302,0.04375595932394029,8.822968405930391,0.034164176227370294,1.5333432311296864,3.2464607532568652,0.3951114180470848,98.79428849799874,11706701789.176065,0.001127205071088505,0.24437006039440137,0.35887489418855356,0.2778048503763276,0.2392873543045283,6306537.885078372,0.03858776744630688,0.20495923445304176,0.037528321839332066,0.35887489418855356,0.7350413265153305,1.0,0.35887489418855356
3,0,0,2,0,3.085264696283845,0.09589497808579481,1.1268138998538124,0.021963632254829075,5.7315559390890805,3.0543411251252173,0.1893026042189763,121.03691523381683,14151030447.97515,0.0009398554559232597,0.26812013347870756,0.35894285032014095,0.2577606429178403,0.1995111494725315,3981203.888400975,0.03322027451870918,0.19207800730143743,0.03211732791464571,0.35894285032014095,0.28829817870621616,1.0,0.35894285032014095
2,2,1,1,2,1.4299841407103435,0.045202847087592916,5.824263077219625,0.013764752022712583,5.172770322176644,9.535705436035778,0.36287204011404156,87.38725117689435,10251658909.404442,0.0,0.3004715051445008,0.359235381799224,0.2350948453705001,0.19143421403365068,6490149.606455725,0.027634793159889676,0.1604366683480858,0.027092299602890713,0.359235381799224,0.35731025474954137,1.0,0.359235381799224
3,2,0,3,0,2.498611957353358,0.0249860315464744,9.886275484092291,0.09838751261913985,8.104780011318715,8.088098642446573,0.23848700860181385,71.83603239206221,15855996564.117466,0.0005160794837513442,0.23738103815529274,0.3592756997100162,0.28330558454470306,0.24128644480660436,5308565.980287429,0.04013102711710794,0.23077272629943657,0.039047309847218784,0.3592756997100162,0.5114025092630774,1.0,0.3592756997100162
3,0,0,2,0,4.995167666721001,0.06232055136183519,3.461175775811272,0.029231148833465892,1.3624863947236354,16.562951122996754,0.7808130250047824,124.71063099549585,13935711967.191513,0.000878402837537442,0.28012523968820524,0.3594463001944682,0.24901571174139261,0.16751293560939692,2606931.2385449545,0.031004412347036173,0.18360158503166724,0.029263756474358357,1.0,0.4272638867309468,63.22361658553053,0.3594463001944682
2,1,1,2,1,0.6131173988534432,0.046240839564810884,2.5173077340037526,0.035320303356147296,2.2508007540677077,5.72537537039318,0.14671175710933787,124.34756163239464,15299529184.507866,0.0014720057732552083,0.3020350218795548,0.35945074511328623,0.2341559711510913,0.1905336516818916,6450501.421086069,0.02741450941285535,0.1602899145440838,0.026784624855782656,0.35945074511328623,0.3813556311689231,1.0,0.35945074511328623
4,2,0,2,0,1.0526791141047618,0.07256252066126313,6.8224936340111295,0.0036700865015780017,2.9812228434144594,1.8106984278916656,0.6591761067173831,124.17362638221346,10887730438.32431,0.0,0.2586169710572387,0.3598194165022437,0.2654290265154483,0.17579287138987185,1157474.4754271284,0.03522628405846928,0.21062833233863143,0.033855904954944824,0.3598194165022437,0.3541584576790589,1.0,0.3598194165022437
3,1,0,2,0,2.8086275375831367,0.06175439536929102,0.6825899314490361,0.001060184173609095,3.8187549171663706,3.9564472314306602,0.4349932516474599,111.1221422955011,9033734211.872496,0.0005063536310261311,0.28445735789603477,0.3599528337532525,0.2466223838660832,0.1945220799385729,4417747.49653887,0.03041130011189485,0.17386106252217137,0.02948701632641403,0.02152010397359386,0.24730739103880725,0.05978589958357123,0.3599528337532525
3,0,1,1,0,2.2620305483349163,0.061856140820480854,7.777061370129421,0.03168239811371574,3.170261379370478,2.5726957370628676,0.5363142703243835,64.20451066953486,11076542755.647274,0.0013057159083179992,0.2678793149880607,0.36031427377827946,0.2586232293228417,0.16853047694817028,4261009.853432591,0.03344298737268758,0.19926319362315137,0.03135572496225749,0.35610833440221024,0.5226262029489914,0.9883270253715861,0.36031427377827946
2,0,0,1,1,0.9310265363338595,0.026659192274483132,9.840790774494634,0.09970085113980663,3.0557571665434766,13.479524979138523,0.2036750027314573,86.70062053634149,19409854919.15445,0.0005516559705151312,0.27290608693791335,0.3604802841273774,0.2563939081198659,0.18060698767796446,216694.0204758519,0.03286891806048912,0.1689208875561533,0.0318365521375862,0.3604802841273774,0.738308617016763,1.0,0.3604802841273774
5,1,1,1,1,0.4377321986354748,0.012022602799593302,8.421322903365354,0.057030957133314256,1.4297481844757114,12.261658840302667,0.8170592817632333,63.96943328165776,16994711894.735806,0.0,0.29791802893509817,0.36093176794404525,0.23819920600515754,0.16029508378636545,629351.7134738876,0.02836943087074374,0.15957879996254642,0.027537736934255815,0.36093176794404525,1.604088668745005,1.0,0.36093176794404525
4,2,1,1,0,1.98994904900131,0.025645563249973673,3.974016946269848,0.06391738649537007,1.3349778400946761,7.118491148127962,0.6999731549781026,64.24824764167136,10776194098.954956,0.0013839631133430081,0.22279954541263589,0.36119275763524694,0.2995043654333663,0.25331724162503655,5715340.476012218,0.04485143245682171,0.23546604722359188,0.0433377242792141,1.0,0.5426742902905375,5.677661598151311,0.36119275763524694
4,1,0,2,0,4.291947056284872,0.02730916177326825,8.493754414985663,0.04313314204471979,0.32921147881657614,16.25020236443481,0.7674346088366124,112.0648487193331,10369963431.583857,0.0009684516720745028,0.2894516032740314,0.3613314200463379,0.24596312316663538,0.20316342986973365,4034538.5693152794,0.03024892897894272,0.1379035537320319,0.02962181976699041,1.0,0.43083181073845545,278.04768979683894,0.3613314200463379
4,1,0,2,0,4.291947056284872,0.02730916177326825,8.493754414985663,0.04313314204471979,0.32921147881657614,16.25020236443481,0.7674346088366124,112.0648487193331,10369963431.583857,0.0009684516720745028,0.2894516032740314,0.3613314200463379,0.24596312316663538,0.20316342986973365,4034538.5693152794,0.03024892897894272,0.1379035537320319,0.02962181976699041,1.0,0.43083181073845545,278.04768979683894,0.3613314200463379
3,1,1,2,0,0.16201008930474492,0.04102387435762209,3.001336704234736,0.005911298669894061,1.244027804278819,4.896207862311773,0.6810488735533825,100.51912612932247,9952681177.393135,0.0,0.27850286429427473,0.3615326610519503,0.2516143182340758,0.190590631153717,4851113.872690821,0.03165488257019939,0.18822348223835272,0.030520632006588878,0.3615326610519503,0.31627760338511723,1.0,0.3615326610519503
1,1,0,2,0,4.476369300287447,0.08642113951030812,6.39810333195624,0.06807814602724946,8.203243697093857,6.69114312295106,0.14839713147272382,62.31312614097141,13142885580.116959,0.001414046870171517,0.23952313176165935,0.3617478381735695,0.2831468426760425,0.18727725477018864,1853755.1351608487,0.04008606725870579,0.2341874392475014,0.03804829388835761,0.3617478381735695,0.414007771310477,1.0,0.3617478381735695
4,0,0,3,0,0.7005636349672697,0.024634822955741157,6.644585607687676,0.07627533389293219,4.048503851767933,9.73461700720581,0.27165902933877384,86.68419236258117,10782938770.088236,0.0013807381939242218,0.2704259337805896,0.3618335352331996,0.25786984198685675,0.1733303677681093,425393.2222023807,0.03324842770316323,0.19655834380671333,0.032080748475102366,0.2501173852835497,1.0060732999461457,0.691249873017852,0.3618335352331996
3,1,0,2,0,2.362867937261663,0.08936414166312942,6.214821466278381,0.052971190114396244,4.722565330741309,10.763673094067778,0.4645599831822253,127.23426619022234,10451167686.96004,0.0008470410891380657,0.29027078403823015,0.36203818284777584,0.24369248720124603,0.1905292961872834,3109907.5449169166,0.029693014159164734,0.17555863237115144,0.02867766554309411,0.885307356924254,0.39298656836528556,2.445342504927151,0.36203818284777584
1,0,0,3,0,3.7999617612822227,0.08346288185588858,6.021749249548272,0.023923578492738233,7.719897234403229,3.249264320237568,0.02354110340737802,129.36009404996574,18206245380.928402,0.0006888699864442502,0.2610317859296823,0.3620642164863461,0.26583082753574117,0.17618619508919217,1071633.011671584,0.035333014434168475,0.1988094647626345,0.033850621137868325,0.3620642164863461,0.4353710039469968,1.0,0.3620642164863461
3,1,1,2,0,4.070662752500326,0.08999809164483923,0.5819000757723037,0.02696337568703587,1.3599646011364244,9.91082392008685,0.3158907991234587,90.17064532420181,15247180168.795408,0.0007605362847054374,0.2889847980332393,0.3622393449297642,0.2451801588109277,0.15778393369759244,985286.4516189467,0.030056655137275862,0.16911052125844228,0.028879015304564725,0.11401161418444301,0.5158537829071519,0.3147411118649994,0.3622393449297642
3,1,1,2,0,4.070662752500326,0.08999809164483923,0.5819000757723037,0.02696337568703587,1.3599646011364244,9.91082392008685,0.3158907991234587,90.17064532420181,15247180168.795408,0.0007605362847054374,0.2889847980332393,0.3622393449297642,0.2451801588109277,0.15778393369759244,985286.4516189467,0.030056655137275862,0.16911052125844228,0.028879015304564725,0.3622393449297642,0.5158537829071519,1.0,0.3622393449297642
1,1,0,2,0,2.343442686818069,0.06726239381209735,8.849963644350323,0.011598712968421188,9.521259315477318,6.576484484128651,0.031764786780759446,109.80775312931445,13240914128.113144,0.0,0.2861950508194915,0.36236429766130285,0.24708541166482795,0.16098037029846346,922161.2108749739,0.03052560032878875,0.17429474367624453,0.029297876777736015,0.36236429766130285,0.32413452811513765,1.0,0.36236429766130285
2,1,0,1,0,0.55172226362756,0.08320083162236992,7.574496273949665,0.019621956149369603,9.382854175111024,5.150119101420878,0.3670183506624126,80.0670507960145,15222407731.841246,0.0008791257975303817,0.29388737973971774,0.3623872610293685,0.24146968670226118,0.1897977905737782,5860178.68554705,0.029153804798044088,0.17211214631130078,0.02836958771615917,0.7172201361195539,0.3984095444465501,1.9791538314075259,0.3623872610293685
2,0,1,2,2,2.643620368256771,0.04108703539919769,3.5292568508177316,0.05707487997106656,0.6391387027670867,11.930529258884201,0.12465707607559096,90.72284833197708,11475974486.245338,0.0006391044915322234,0.28229829824463837,0.36239258410734415,0.2495149801553836,0.17191115994838846,3470383.4106228654,0.031128862660970737,0.18447547771874906,0.029471536597350533,0.36239258410734415,0.3973352873121565,1.0,0.36239258410734415
2,0,1,2,2,2.643620368256771,0.04108703539919769,3.5292568508177316,0.05707487997106656,0.6391387027670867,11.930529258884201,0.12465707607559096,90.72284833197708,11475974486.245338,0.0006391044915322234,0.28229829824463837,0.36239258410734415,0.2495149801553836,0.17191115994838846,3470383.4106228654,0.031128862660970737,0.18447547771874906,0.029471536597350533,0.36239258410734415,0.3973352873121565,1.0,0.36239258410734415
2,0,1,0,1,0.42211561054632474,0.016609446050064758,3.9113181827028707,0.045325454989896145,9.995562568744667,8.869830053573112,0.4648286201764595,97.34415871396686,18423700624.138023,0.0005884414534833124,0.2766622186476466,0.3624462127598241,0.2538171215864264,0.17863271820994645,134266.5147867988,0.03221156560520938,0.18752487755845781,0.031286963792843105,0.3624462127598241,0.5448921058328398,1.0,0.3624462127598241
4,1,0,1,2,1.8363724180479937,0.09107135586408535,8.330744483789491,0.0788154748340667,1.287049841112365,1.817746126756517,0.39174578341913785,63.80095230220899,9801422091.754765,0.0012206369581790808,0.26725281107804005,0.36255872115800153,0.2630175755880611,0.2219316994410542,7806018.054299468,0.03458912253411072,0.1629511263210176,0.03384466164025661,0.36255872115800153,0.6088646191988903,1.0,0.36255872115800153
1,1,1,1,1,4.266126512765551,0.043229600777814084,8.760459547779606,0.09111885778356593,4.920087091275668,6.819222294653471,0.5967041166473138,99.12474648627853,19748406081.661198,0.0011634666555626531,0.2716758058365254,0.36277078738514973,0.2578690479712808,0.17936785698778124,3723530.9089584043,0.03324822295080736,0.19150664693306774,0.03172745972432816,0.36277078738514973,0.4200073505700045,1.0,0.36277078738514973
1,1,0,2,0,2.907762610625629,0.07196150113740817,4.868354355167694,0.053950034145365686,7.701136769733367,5.000580366588515,0.08536522607824949,79.32285906829932,12788580774.959585,0.001463596181097294,0.22388799574453588,0.3632524900057059,0.29902684548610664,0.2469775011019657,4533070.617592455,0.044708527160685956,0.25563393968730996,0.04309358370386947,0.3632524900057059,0.6251759529276902,1.0,0.3632524900057059
1,0,1,2,0,1.6974375369666466,0.037038067903997995,7.0806747149405815,0.07849181472841434,4.15923047896992,5.699784609547521,0.6047597856155332,76.24277034048329,12730275983.045322,0.0012041927524041626,0.25656193351955875,0.363367798713237,0.2703746338054544,0.1797947185842277,1019574.2985902398,0.03655122130271678,0.20595542026738933,0.03503149194615658,0.16325556689755355,0.463121293477134,0.4492846297213908,0.363367798713237
3,1,1,2,0,4.559186506130159,0.07425391012757611,5.728126090252917,0.0525153860472641,6.305328556752638,4.543857972678805,0.02861114137030006,124.80383330034545,12083867643.898615,0.0005669261942384063,0.27555603615734536,0.36343261642502483,0.2551001607839979,0.17083630753547446,2618835.7587497574,0.032538046016010784,0.19379691532555943,0.030606461500768588,0.36343261642502483,0.43055837338259395,1.0,0.36343261642502483
3,1,0,2,0,4.224353799713982,0.09784505025976585,2.011803776023112,0.019324605003135858,3.960244942794741,6.804998298505331,0.1682521966614839,93.16390223069672,12870749943.787779,0.0006875774632387815,0.30535450742475456,0.36376584508280607,0.23485542399821582,0.15001843870446122,915343.0969238469,0.027578535090690866,0.16153350875918127,0.02649543642873899,0.36376584508280607,0.49673624731160454,1.0,0.36376584508280607
1,0,0,1,1,4.487294122886264,0.07393927710605344,4.841632019309842,0.03975930776900259,2.2885198951836525,1.6924956061104623,0.2948067663143883,67.8237475744519,11569562871.288742,0.0012680993031006504,0.28977727644371876,0.3640334212875454,0.24565141363037135,0.15380848439691985,989430.2226913637,0.030172308509299896,0.1737383639281881,0.0288693419340511,0.3640334212875454,0.49980222161624954,1.0,0.3640334212875454
3,2,0,2,0,0.8466900501575898,0.03363402364876741,7.151796183955042,0.05548869950368293,6.196048149417101,6.10747165462623,0.6155426504864353,127.12906054875106,12190803973.51464,0.0005337780525674172,0.27367353879720424,0.3640887774248459,0.2570101963045019,0.19830628707348677,4001264.475956373,0.033027120502239306,0.19587553383315304,0.031705703438043,0.6218169056055137,0.38038518002413746,1.7078716625201864,0.3640887774248459
4,2,1,3,0,1.2280977177667391,0.028320433500077555,2.686167347774841,0.033941869646206,9.114834133047738,1.2331885832411371,0.7491557176906071,99.44478733943401,19438072225.278774,0.000602035595020883,0.2913910858574353,0.36427687135198306,0.24444406915190892,0.20465362535654633,5805246.67318488,0.029876451471771613,0.17680066002809414,0.029254481150712882,0.4547017091687469,0.5043327050437334,1.2482310707269437,0.36427687135198306
3,1,1,2,1,0.4290162041237688,0.07934012735190314,5.34365730198179,0.017890517566417047,1.2917429057558458,7.75240401269053,0.25048529748701,119.42030206078985,11073401534.498234,0.0,0.32628133088449607,0.36448802976708145,0.22241686282746806,0.18922503948827285,6663347.619454452,0.02473463043500637,0.14310253865128975,0.024359812576530512,0.36448802976708145,0.3522321987156243,1.0,0.36448802976708145
4,0,1,1,0,2.3506016339819387,0.02243249346444758,0.4983543051622291,0.09603809168788062,7.146846702071553,1.9835789426303947,0.7852575276176006,67.78964753939397,11190522316.79826,0.0012525866352080485,0.2874681085959953,0.3647165097569579,0.24770001961134241,0.1954201014932547,4556570.027596625,0.03067764985772971,0.17736072804014502,0.02973619917798943,0.3647165097569579,0.28506397547971624,1.0,0.3647165097569579
2,0,1,2,2,2.6119870805246705,0.03899350344229035,3.6847099267806516,0.0543415851810762,0.5959150157072014,11.775385702248276,0.1289231241553249,90.34316637793466,11470765391.70853,0.0006130960968981612,0.2827415763875395,0.3648000051337811,0.25095668694934764,0.1746169391008099,3505952.842608418,0.03148962936229644,0.18512280229134281,0.0298679014649085,0.3648000051337811,0.4014817747246967,1.0,0.3648000051337811
2,0,1,2,2,2.6119870805246705,0.03899350344229035,3.6847099267806516,0.0543415851810762,0.5959150157072014,11.775385702248276,0.1289231241553249,90.34316637793466,11470765391.70853,0.0006130960968981612,0.2827415763875395,0.3648000051337811,0.25095668694934764,0.1746169391008099,3505952.842608418,0.03148962936229644,0.18512280229134281,0.0298679014649085,0.3648000051337811,0.4014817747246967,1.0,0.3648000051337811
3,0,1,1,0,4.59717426167536,0.05816321912868344,8.007885593574544,0.04498428221811583,2.9462835534373673,1.5614095045086092,0.30744419488498825,62.75821624998297,10000502281.454897,0.0014506516650633569,0.2776807588432987,0.36482727360795353,0.25458041661487973,0.16005576554205814,3188369.7106193732,0.03240559426190286,0.1918832064419438,0.030255002808360378,1.0,0.5598591056026605,19.817651223568834,0.36482727360795353
3,1,0,1,2,0.7246617269228718,0.08598128039191201,1.4732870414363557,0.02290515294960697,1.7145104819023644,1.819766302011439,0.40482011658256195,108.42683371769972,10877983315.483429,0.000950791107844619,0.26130240676024236,0.3650256121747973,0.2670453403142665,0.1934171022816025,4020081.331739713,0.035656606891781205,0.21479498114655304,0.03415099079100816,0.3650256121747973,0.3709769919772806,1.0,0.3650256121747973
1,2,0,1,0,2.6789442301145474,0.07437892949249002,2.681637768631537,0.012493807331302665,8.393785904418204,7.225015753539819,0.5924520215999719,77.1464035800979,18146616279.142097,0.0,0.2705853834572768,0.36514350649451566,0.2608819365241245,0.16975816039696312,972332.5279996705,0.03402969240228867,0.18696928871318597,0.03263430626632983,0.36514350649451566,0.29998246623949393,1.0,0.36514350649451566
2,2,0,1,0,0.9644101964051408,0.06672125728505443,9.307290741620086,0.01873255193883417,3.3109716460653327,3.8564443805494943,0.39138273379807786,127.71071719982436,15967194334.840868,0.0,0.31439427499635575,0.3655034513453601,0.23176156863615657,0.1917184851939818,8250033.715134967,0.026856712348345958,0.12889526216500458,0.026422555443888957,0.3655034513453601,0.3523231508162739,1.0,0.3655034513453601
3,2,0,0,0,0.5670486756274502,0.08964462794487642,6.524433386357526,0.02091814310836247,1.2616058145013698,3.619970136099305,0.7213578413091271,117.32126120976388,11149451356.225056,0.0006159380311334204,0.3117920276139899,0.36569619459210284,0.23326467227625042,0.19455815290470577,8075590.218184234,0.027206203666073257,0.1358043622729198,0.026794034373654053,0.36569619459210284,0.4210759002156454,1.0,0.36569619459210284
1,1,1,1,0,2.072298381505448,0.09774431918435339,2.5527241361989805,0.010104177058373767,3.4103622626016676,1.456289301762105,0.20857457821783668,74.64619675682995,17022753136.959538,0.0,0.29592311095030543,0.36637858459418005,0.2428811282234551,0.15122445547543112,1122702.5881005812,0.029495621223549217,0.17249269457457694,0.028266649076521537,0.36637858459418005,0.3333098156231282,1.0,0.36637858459418005
3,1,0,2,0,0.8568936109067419,0.05926034273981574,3.7751394418854143,0.023457077125813703,3.927583443908193,10.484125254411,0.5428746962932596,128.30773242135336,12626902296.295902,0.0007175637973281391,0.2996215756980149,0.36658185818917804,0.24058650141190893,0.19307305802356067,4672933.395066727,0.02894093233081123,0.1680794093624738,0.02811878513654576,0.36658185818917804,0.3599746930059954,1.0,0.36658185818917804
4,0,1,0,1,0.9195390448615696,0.021321448615539116,8.34285936185341,0.02961809047820163,3.3609268562635664,4.590523774523386,0.25499484262198124,125.65220884751685,15305705265.54129,0.0013331624490382436,0.27090214023598025,0.36711653783041126,0.26202534810055494,0.19212205891865633,4980918.8033198295,0.03432864152360849,0.18930593922995642,0.032530325054605104,0.36711653783041126,0.5371455002747971,1.0,0.36711653783041126
3,1,0,3,0,3.217764366736973,0.07005795586456204,5.526198128114975,0.016573482986396368,5.610617346065174,6.681115228569439,0.0174801727132516,122.1398399526552,13437199870.432487,0.0,0.3000259915682344,0.3672202803646619,0.2408635475707724,0.1539124733814164,707012.5874849188,0.029007624274188876,0.16624132967476257,0.0278565663143635,1.0,0.4574714523648526,6.707698243687598,0.3672202803646619
4,1,0,3,0,3.216958259766292,0.05625271377284921,4.184170300918968,0.003065139776574902,6.969985897483504,10.27267238770753,0.5356834382271901,114.00669872805035,16047599853.009394,0.0,0.27499747678192277,0.3672479406044455,0.2583156841029248,0.18119741561091973,1751842.456153907,0.033363496326781025,0.1969445528587187,0.032034173522612765,0.03447494848262685,0.390076709247398,0.09387376938284603,0.3672479406044455
1,1,1,3,1,0.24373908888594756,0.022230785005160316,2.8202281508569222,0.0017351884351339887,5.791675605605713,3.910963912091526,0.10768917667266152,108.30611346966796,10838825063.685398,0.0,0.2577069036962526,0.36725653327672253,0.27145993606651225,0.19567995915873512,1153848.2545295036,0.036845248444617465,0.22411293352452877,0.03556093888964449,0.36725653327672253,0.40126683647668554,1.0,0.36725653327672253
1,1,1,3,1,0.24373908888594756,0.022230785005160316,2.8202281508569222,0.0017351884351339887,5.791675605605713,3.910963912091526,0.10768917667266152,108.30611346966796,10838825063.685398,0.0,0.2577069036962526,0.36725653327672253,0.27145993606651225,0.19567995915873512,1153848.2545295036,0.036845248444617465,0.22411293352452877,0.03556093888964449,0.36725653327672253,0.40126683647668554,1.0,0.36725653327672253
1,0,1,2,0,0.6985872359352533,0.04259410689404763,9.832600202007804,0.06883507074009604,3.1829773475619034,2.845135575776144,0.438612574949068,91.92550413488911,12832500403.396177,0.001014731987468074,0.2736645169763195,0.3673316469850471,0.2604754484642057,0.2291108133899246,7112024.886650022,0.03392372962631454,0.17958907922603717,0.03326519149144945,0.0875447339658059,0.6731381248393378,0.23832614119787388,0.3673316469850471
3,1,0,2,0,0.7770185051869718,0.05295444391377282,2.262375522525765,0.02680385370828708,6.541084260765258,3.185593210251609,0.8343663205082521,124.17394960635042,11810342980.22433,0.0005720512234953744,0.2860126092541,0.3673439801304575,0.25059662769098723,0.19322507743020353,4263024.799602372,0.031399334905047635,0.18063166352009974,0.03036330297945585,0.3673439801304575,0.3239021184167683,1.0,0.3673439801304575
4,2,1,1,0,1.243836807243577,0.08616684284134131,5.119565125693702,0.058208655202143536,1.2361785427251122,10.167211940412496,0.5438835913129135,117.51907975328712,11851841712.561901,0.0011319166303042285,0.2923022289367985,0.3675676196542787,0.24825434575454944,0.20277121645965637,7359983.985715575,0.030815110093009686,0.14130937263663756,0.030204421028752444,1.0,0.42993192685255927,21.012018709579042,0.3675676196542787
2,0,1,2,2,2.637232977102525,0.04164876552462495,3.537791377840633,0.05510497250856314,0.4861508796855177,11.82863262466111,0.13148065352171553,90.77887000349051,11710289815.075815,0.0006508719443433759,0.28240573458158036,0.3678162887544782,0.2531903614928709,0.17225676948709867,3396471.0190324155,0.032052679576445316,0.19054671866908357,0.030264423678257078,0.3678162887544782,0.4042230716224938,1.0,0.3678162887544782
4,2,0,2,0,3.8623878307334403,0.07417379825003093,6.049966964202125,0.039448010399795876,4.548570301026084,8.411187422583438,0.5531668508517656,109.04430974187451,17386883963.818707,0.0006458466532395065,0.26186962485810217,0.3678773454208227,0.268687784094867,0.18864128961092688,2313423.671551346,0.03609656266090493,0.21735094470242,0.03407050280566119,0.3678773454208227,0.4111919107875421,1.0,0.3678773454208227
2,1,0,1,0,1.19968483587612,0.06497515651508295,6.410783971823328,0.03298404358967947,5.0875199861008,13.861444496379505,0.05565119681937435,95.89992745270573,14630972389.519543,0.0009293037035796962,0.27043063264954204,0.36790889454350256,0.26226378983854015,0.1873766450230297,1694383.8117888325,0.03439114773023697,0.20265586618163278,0.03316881757783861,1.0,0.5627753770709022,10.388480059735057,0.36790889454350256
2,0,1,2,2,0.6831943232247194,0.0811806996871037,1.4825442655812644,0.09767144074567842,4.48098407057369,8.071522529534226,0.7599966468115271,113.42406452578236,10149833156.489285,0.0007313271796818532,0.2791903212342758,0.3679175834558079,0.25792554945043056,0.2134157534240234,7354291.753723843,0.03326279452965325,0.15417032953469656,0.03238395481013745,0.3679175834558079,0.3120760235644571,1.0,0.3679175834558079
2,2,1,1,2,2.0983263315797878,0.01335927025822559,9.113253627422589,0.031063474650292112,6.616724191272683,7.482076823773931,0.5996461790470197,99.95188187641398,13358901216.937302,0.0006898768511951664,0.2524308079426821,0.36799095270396487,0.2762747512058569,0.20654029809114097,7656803.009934806,0.03816386907692908,0.23348915750691412,0.0369092657737413,0.36799095270396487,0.5957177373070763,1.0,0.36799095270396487
3,2,0,2,0,0.8466900501575898,0.0920819653420624,4.065545299966464,0.05548869950368293,6.196048149417101,6.10747165462623,0.6155426504864353,127.12906054875106,12190803973.51464,0.0005337780525674172,0.2822792741324449,0.3693176212622256,0.2543661156274655,0.20082733631923286,4084048.3119494696,0.03235106038970258,0.19161449909864814,0.031210747900705556,0.3693176212622256,0.35889926801343897,1.0,0.3693176212622256
5,1,1,2,0,3.806015959948067,0.01045476836498654,7.602899054210604,0.023455483434205518,2.899176626648619,16.32611024737193,0.4038612560173522,126.55744249056929,12217610492.487728,0.0013450114378388966,0.2882242287250732,0.36944685550940726,0.2501274063661685,0.16687790350087192,8001049.9520157175,0.03128185970773319,0.18649130400325453,0.03017267579901493,0.36944685550940726,0.7083200768968665,1.0,0.36944685550940726
4,2,1,1,2,1.9632935741105746,0.08980046405854744,5.9066228757684796,0.042314914383431185,0.3404456193336263,10.483744703055526,0.5590231261216038,106.26290832537573,13042583442.041653,0.0009037263490143624,0.27541336026138696,0.36967749975818026,0.2624395175849128,0.22399929548771613,5039058.8602183275,0.034437250195100876,0.1522836591318526,0.0335957962635734,0.36967749975818026,0.44213473997451735,1.0,0.36967749975818026
2,1,1,2,1,0.6441810893675448,0.04481485369881577,0.945589554097255,0.03835562423101086,0.3584115754353068,9.04056986528563,0.05011752374210809,124.73072879396977,18178219388.35851,0.001422668587857592,0.30572060376357546,0.3698171736661822,0.23943610658051626,0.199591508892461,7821069.693440429,0.028664824567218167,0.15273580036352685,0.028167735434898374,0.3698171736661822,0.31515139976926804,1.0,0.3698171736661822
3,1,0,2,0,2.0335285813206867,0.050612516855086005,6.567961073289905,0.0510185576657098,0.42651446786753977,5.907815057951918,0.5235876813387855,94.91257381084742,18592801954.9631,0.0011064545469038128,0.2820196636421748,0.3699398426757924,0.25805729613968353,0.22568629217631125,5832017.868584144,0.033296784045462165,0.13960481658266932,0.032632924860847685,1.0,0.46860646548716656,2.859498702626407,0.3699398426757924
4,0,1,3,1,0.12317513975286394,0.01701103647529291,8.631742385449776,0.08536388776523607,4.2237544896603465,2.1725779850877847,0.8153305595624543,92.0093222999884,10961202228.094822,0.0014118433108884574,0.22285361544882587,0.370003074258335,0.30412797971394767,0.19291117737011262,380885.50133627176,0.04624691402244368,0.2909225270269641,0.04312353845348871,1.0,0.8909070154045661,2.8236377005754445,0.370003074258335
3,1,0,2,1,3.118050060611314,0.03127874059467242,0.9498899611297235,0.04739943996216488,8.140190163078836,7.753914775362725,0.5206943661308582,75.19376831604727,13695014006.212318,0.0009229136862410245,0.2971595984197391,0.3700111469742965,0.24449528477167654,0.19176118794278582,6110230.69434873,0.0298889721377916,0.17474894535796914,0.029024072486879736,0.018174051032943166,0.322314142837292,0.049117577082632216,0.3700111469742965
1,2,0,3,0,2.0616417006749974,0.08244512650847047,7.060447275693185,0.0372127886164586,6.392072224651886,5.795223604150285,0.18993592669384304,89.13497125664375,9486283860.967558,0.0006863753715298657,0.2399669524643615,0.37012787268743447,0.2892187372513676,0.2163817188267237,3032267.0301057096,0.0418237389886378,0.24507683568994476,0.04013911647291315,0.37012787268743447,0.5518361669373222,1.0,0.37012787268743447
1,1,0,2,0,0.5730531414708799,0.07988452711920965,2.214784054055952,0.003168857858881753,6.951275065967246,3.56121638678842,0.05715751450523643,118.50410195531519,12278358541.052914,0.0,0.28466954676485345,0.370207913605215,0.2534731791493474,0.16869719877101869,716665.2885249283,0.032124326274038585,0.1861873212512497,0.030912587772418443,0.370207913605215,0.30292425928773753,1.0,0.370207913605215
1,1,0,2,0,0.5730531414708799,0.07988452711920965,2.214784054055952,0.003168857858881753,6.951275065967246,3.56121638678842,0.05715751450523643,118.50410195531519,12278358541.052914,0.0,0.28466954676485345,0.370207913605215,0.2534731791493474,0.16869719877101869,716665.2885249283,0.032124326274038585,0.1861873212512497,0.030912587772418443,0.370207913605215,0.30292425928773753,1.0,0.370207913605215
1,1,1,1,2,4.272583385626671,0.04350307716312131,8.739347505470988,0.09140645127872248,4.929379912845498,6.863964164641652,0.595420406492984,99.16343583095042,19738353308.052135,0.001166287239590835,0.2765536476510971,0.37032506532588544,0.25963677388606293,0.18157262534647653,3677407.636169139,0.03370562717698128,0.19321045704759698,0.032165238956149714,0.37032506532588544,0.4389460195329456,1.0,0.37032506532588544
4,2,1,1,2,3.507811429155298,0.06437968801501644,4.5083860477213795,0.030686470528209317,7.810748827741297,10.403116534558091,0.6997600902070722,69.0363137169541,14395825638.800438,0.0005542320909306288,0.23635297739588193,0.3704170429274257,0.2920429124600728,0.211057098793496,2444280.7491481034,0.042644531359080876,0.26264675668712645,0.040443456143888994,0.3704170429274257,0.38924085467548675,1.0,0.3704170429274257
2,1,1,1,2,4.246450545102158,0.09092165663452718,9.322619393841787,0.05580610222606058,3.8903165274416147,9.918308387127043,0.015584825273741828,79.28493683941656,14635380295.280354,0.0011316940362798883,0.28413192126719655,0.3704310448000021,0.2549406700696617,0.20144965718950306,4799613.287757062,0.03249737262778405,0.17104375220578993,0.03134045677488413,1.0,0.4709539781062949,4.936429246876866,0.3704310448000021
3,1,1,3,0,4.420383256639434,0.09287632968652992,8.38269395985269,0.014561114955977467,8.292086870545424,1.5100989017325575,0.6162916272081038,97.56497076339873,10593145618.72861,0.0,0.2786684198099044,0.37043166838482583,0.258111251751241,0.1638093659277969,1320625.632397852,0.033310709140296255,0.1913701728247753,0.03179155954733187,0.00671156427161388,0.4856787381801166,0.01811822488308834,0.37043166838482583
3,1,1,3,0,4.420383256639434,0.09287632968652992,8.38269395985269,0.014561114955977467,8.292086870545424,1.5100989017325575,0.6162916272081038,97.56497076339873,10593145618.72861,0.0,0.2786684198099044,0.37043166838482583,0.258111251751241,0.1638093659277969,1320625.632397852,0.033310709140296255,0.1913701728247753,0.03179155954733187,0.00671156427161388,0.4856787381801166,0.01811822488308834,0.37043166838482583
4,1,0,2,0,3.297135485690965,0.011059561685878669,3.9588958219860055,0.05252315271481492,8.692114218764475,1.1976140021432968,0.2261063500728307,109.54941141718677,12275570822.640078,0.0,0.2555845173964216,0.37044130274677567,0.2756513485130152,0.18284602444488962,112755.77790876344,0.037991832968521884,0.22925725238488937,0.03643708609855715,1.0,1.6430755219046695,118.85808489704706,0.37044130274677567
5,2,1,1,2,4.8637952035758785,0.030534342725959694,6.621772921730947,0.032029720163408854,7.67269376802184,11.363345569735603,0.2103087481273107,75.99890130780658,18463374121.12688,0.0012789804119597919,0.25603304803568433,0.37054372957802845,0.27525495932796556,0.20563542436114735,3598143.917571026,0.03788264631731999,0.23053278665253207,0.03628185705361425,0.37054372957802845,0.46757472609056727,1.0,0.37054372957802845
3,1,0,2,2,4.316740166629868,0.008841320765624541,4.506057652332018,0.005256169679373876,9.47717750427557,18.271074669636253,0.33969711321315527,84.15281693428211,11004609906.217896,0.0,0.2794104384913587,0.3706274009031419,0.2583195057572983,0.18438386242945112,987388.6964943887,0.03336448352734743,0.18004761893454946,0.032229069756178494,0.3706274009031419,0.6942057231468715,1.0,0.3706274009031419
3,1,0,2,2,4.316740166629868,0.008841320765624541,4.506057652332018,0.005256169679373876,9.47717750427557,18.271074669636253,0.33969711321315527,84.15281693428211,11004609906.217896,0.0,0.2794104384913587,0.3706274009031419,0.2583195057572983,0.18438386242945112,987388.6964943887,0.03336448352734743,0.18004761893454946,0.032229069756178494,0.3706274009031419,0.6942057231468715,1.0,0.3706274009031419
1,2,0,0,1,0.30425677401234197,0.08997723881806298,1.9900601314561084,0.025077140788134677,4.48292032893707,2.9702424780906793,0.6745260227857247,77.7079763992247,11606830478.542248,0.0009486661229707464,0.2787999937032694,0.37072314417341995,0.25808909345433395,0.19049812020476842,1540202.064505001,0.03330499008003996,0.19376942347889525,0.032169562512395104,0.37072314417341995,0.40062241621233047,1.0,0.37072314417341995
3,1,0,2,0,3.7880236002902343,0.09616013331609274,1.5938755864796685,0.0183491372349806,5.863563770023667,3.5279029996726545,0.19333695668936374,122.63344886488602,13625147819.666916,0.0,0.22877658841514226,0.37076484692556066,0.299172936559111,0.1972348414429983,618982.7565914425,0.04475222298470092,0.27908431481715246,0.04224244642061283,0.37076484692556066,0.4092761857261936,1.0,0.37076484692556066
4,2,0,2,0,1.4221888023625953,0.061899648260957466,5.597229260307766,0.053148791788366026,5.917879940367633,8.147791728607379,0.5739841434543177,123.90825593983492,14194508263.80203,0.0005470522225418221,0.27200520768438324,0.37086348401474856,0.26292423620178407,0.19540405959868518,3524435.6539222514,0.034564576991145776,0.2083726664708121,0.03292274126910649,1.0,0.38543784277159193,12.41766401449142,0.37086348401474856
4,2,0,2,0,1.4204344002390896,0.06186967561218896,5.596254707819869,0.05316938416095459,5.919870668166501,8.133574030819007,0.5735868774830029,123.92409340231393,14190920533.916348,0.0005467672267084401,0.271911406510108,0.37108670030238594,0.2631533613876039,0.19542166301108627,3518678.0796529003,0.03462484580479743,0.20876920272434474,0.03297407801492475,0.37108670030238594,0.3854085115482301,1.0,0.37108670030238594
2,1,0,1,0,3.5728537188569125,0.0614201582301816,5.705530338081994,0.06495806780789344,7.819129311680786,5.530726763290332,0.2914010687933696,66.80456454646938,11331105661.545448,0.0014283273791653695,0.2888157761358935,0.37153231909656054,0.2514322025166162,0.19348531384980966,4447635.947974168,0.03160907623117835,0.18297004325170918,0.030530397701772898,1.0,0.41700125498979523,7.006217457769038,0.37153231909656054
2,1,0,2,0,1.0839738229008777,0.09490318613267457,8.263576009723991,0.008387969514661068,1.479784723234128,13.393781081448733,0.09071910260013483,78.0942466823955,14376190106.20708,0.0,0.25718896082128356,0.3715689495920502,0.275092870116969,0.1979581922141701,1863291.7421985662,0.03783804359459578,0.22968806130198305,0.03642129721744876,1.0,0.35586737828520254,5.736064289461766,0.3715689495920502
4,1,1,1,1,3.910271000975734,0.06042721131452193,7.30889942604079,0.05185485552388123,4.957983705015967,1.0231124233360076,0.1764722087261335,79.06616196242972,17873320113.051804,0.0008479577698640412,0.2784828514636964,0.3716074992624987,0.2587301079491206,0.19132769460796237,5464951.493799505,0.0334706343796818,0.19880688887719877,0.031847152209123035,0.5206867281927395,0.46763161627612254,1.4011738977983683,0.3716074992624987
4,0,1,0,1,2.207202556544142,0.06668291635669324,9.660375795152415,0.007319516247199962,5.600114571943785,16.416831087618082,0.3445763792831445,122.42409763461606,19003473776.667656,0.0,0.270372277042092,0.3718854203108678,0.26489340996127664,0.15887216016613848,363738.50558718457,0.03508425932045648,0.21178282326405418,0.03277293362510516,1.0,0.45045555255007447,7.392160305476952,0.3718854203108678
3,1,0,2,0,1.9120062831151778,0.08905846244458894,5.873831751218145,0.007913327564382875,0.973346479994176,4.935405738267726,0.3404560810434835,126.5922081573933,10822042029.500877,0.0,0.29185431910394793,0.3722559971988391,0.24973280179808355,0.16700702697450198,1010254.6601702365,0.031183236146960443,0.18143328313507923,0.03004796313012459,0.025068439637000024,0.36027434655068097,0.0673419362633124,0.3722559971988391
4,2,1,1,0,3.028587667057544,0.06915246838826475,0.7813733042753701,0.032782839810971194,6.2467063359131725,3.770785587748336,0.3109281977708481,80.68431849223,13273572923.264292,0.000719135234280448,0.2950047916771187,0.3723827173382509,0.24767603365439422,0.19225458050638694,4865936.190074296,0.030671708823386313,0.17747902968238094,0.02973641256994005,0.16920140151751656,0.27157489147169145,0.4543750116196284,0.3723827173382509
4,2,1,1,0,3.028587668595995,0.06915246511145103,0.7813733038423772,0.032782838738680896,6.246706334398638,3.77078558674923,0.3109281988432334,80.68431849266277,13273572923.264292,0.0007191366802791851,0.29500479458717643,0.3723827386922464,0.24767604655606226,0.19225453750263818,4865934.912031728,0.030671712018820362,0.17747903982286173,0.029736414950863238,0.3723827386922464,0.2715749237807908,1.0,0.3723827386922464
1,1,1,1,0,0.7716711349464944,0.07172201412296005,3.399250332705154,0.024371113386221017,1.181470151054431,1.7317968609074779,0.390129167748538,72.42620242306445,14471648137.551851,0.0009471078851820632,0.276292700422209,0.37257904363767613,0.2610383966158345,0.1838098143009953,1486481.8967864418,0.034070522253882865,0.20263871430550529,0.03282606042822199,0.3915426210191584,0.3944721953882753,1.0508981321019328,0.37257904363767613
4,2,1,1,0,2.180825979059693,0.08664731935496077,5.996812511860063,0.06208553012518596,1.210978918078837,13.377756068842906,0.5969600695986101,97.14207072941566,10448814453.397446,0.0009499260254907933,0.29794651009789297,0.37258640152363426,0.24675615061714654,0.20608188740042918,5376675.778522281,0.030444298933695952,0.1581174778603508,0.029761128472060538,0.37258640152363426,0.41643760836872973,1.0,0.37258640152363426
1,1,0,1,1,1.616148670997231,0.03981067235533997,6.335873737983188,0.02109033493232549,0.3225033452004438,2.7593902913146167,0.4982868893986423,66.4882483989176,10621514477.524874,0.0014750117315736973,0.28949844614974296,0.37289164300668753,0.2518907482798544,0.18699129870424902,1572812.4966158974,0.031724474534492494,0.1834524664709105,0.030705302182031168,0.27489327538497293,0.5152871127273636,0.7371934462474476,0.37289164300668753
1,2,1,1,2,1.1555434889693432,0.029022628915481897,2.6788658852524443,0.03253120132799382,9.003791008761352,1.2406128472334335,0.766663891567519,98.73098061255699,19299598887.739502,0.0006336848444872156,0.26820177400457124,0.37289458907744544,0.26812855843679795,0.1757919299983877,1238066.5990365236,0.03594646192469769,0.20139240403440806,0.0343907719863614,0.13531800407934882,0.3390907143682387,0.36288540526729124,0.37289458907744544
3,1,0,2,1,3.287904246839555,0.011903582286566464,1.9632943124366857,0.03427980006999213,2.812683706191882,7.276579044283127,0.8326845765944396,115.06566527610279,12228133403.755234,0.0007915375333268712,0.23744233967378212,0.37322599420521996,0.29313971334062583,0.20894362504129638,8094889.563590061,0.04296544576871214,0.26643588849636546,0.041176269695225524,0.37322599420521996,0.6136160561423455,1.0,0.37322599420521996
4,0,1,1,2,1.8329583051478524,0.029041661270189287,1.9885238537297274,0.04245820469210322,1.1048345335863812,1.1091464608721364,0.4431266394811182,79.73052978767815,10225183371.076742,0.0007952426599824037,0.29715113819124545,0.37395101898659533,0.24754686982851237,0.1922754272283797,5389150.741297214,0.030639726380947228,0.1718306069900316,0.029531771045591283,0.37395101898659533,0.390468895437701,1.0,0.37395101898659533
4,0,1,1,2,1.8329583051478524,0.029041661270189287,1.9885238537297274,0.04245820469210322,1.1048345335863812,1.1091464608721364,0.4431266394811182,79.73052978767815,10225183371.076742,0.0007952426599824037,0.29715113819124545,0.37395101898659533,0.24754686982851237,0.1922754272283797,5389150.741297214,0.030639726380947228,0.1718306069900316,0.029531771045591283,0.37395101898659533,0.390468895437701,1.0,0.37395101898659533
3,2,0,3,0,2.4923901360097367,0.024683514028944226,9.887664944338434,0.09808955686077026,8.121104514701083,7.958590758737312,0.2429958506721026,71.70450270429055,15913921856.132992,0.0005172610043731419,0.2877802289108235,0.3740385966996295,0.2539295302403004,0.167183900747198,412277.95418439974,0.032240103164029824,0.18599440432535064,0.03108304788696223,1.0,0.7078409687388103,97.52355972690522,0.3740385966996295
5,1,1,1,1,0.9292241198215533,0.012777437044755664,9.312571770504393,0.04935486279634997,2.9618772997602627,4.113219871656309,0.1923623816371903,94.53932468004598,15754091181.097277,0.0009375479188983425,0.3266026764075961,0.37426747290949985,0.22833323669833597,0.1591253207968388,114179.74686456186,0.026068033490569163,0.1522691049666156,0.025377306321030656,0.37426747290949985,1.3846775705262848,1.0,0.37426747290949985
3,1,0,2,0,4.982004842102513,0.08605151487488438,6.310850533650374,0.039287907413413356,9.51968024551702,12.558368678860127,0.041956066354182024,119.66039942267834,10552617041.510742,0.0008301817854374952,0.2894669223310745,0.3743071119628407,0.2525687301616107,0.17572366212302737,1411711.8263945412,0.03189548172772425,0.19034661707834744,0.030768337115067615,0.3743071119628407,0.5257474153184374,1.0,0.3743071119628407
3,1,0,2,0,0.3132663062644402,0.05404216583637145,4.3737831586639215,0.030769366216809108,2.5114675522602736,5.069793891933174,0.6411582362570165,129.41578565800876,9266730344.288898,0.000576018057472161,0.31794359893239116,0.3744897837949657,0.23381191701457676,0.1923705182882203,6153095.571475927,0.02733400626901567,0.16006718370868644,0.026705641819266514,0.004306019160215831,0.3452459964840178,0.011498362162459924,0.3744897837949657
5,2,1,1,1,0.6905773643574662,0.03122557272734534,4.370712065666951,0.037429832524936604,6.943378507470089,2.2320097590471386,0.47517552205598795,82.76644147468365,11335614544.349068,0.0013305334341875258,0.293466382768321,0.3745034016087538,0.249912887003753,0.20547045821654467,5355922.021285064,0.03122822554527531,0.185812979320925,0.030403099801371375,0.3745034016087538,0.43935113812834914,1.0,0.3745034016087538
4,2,1,1,0,3.111975345738995,0.08408356035705151,5.437169204703098,0.035318047258295994,7.3266941868057405,6.73056058613787,0.39463819636071723,70.69062050981508,13594183202.867386,0.0006188756099785849,0.2494749799922148,0.37461898280415445,0.28389070739708316,0.19834108754238833,2149273.1517342096,0.04029696687320814,0.24382569762464612,0.03806131795656048,1.0,0.4023784563273344,7.801951011957907,0.37461898280415445
3,1,0,3,0,4.923157005760287,0.08550020804067325,6.176966212023745,0.013487527227173793,4.686955516420055,6.677172228857388,0.15365885315747407,122.31899561115456,12328914395.162878,0.0,0.3078741442258305,0.37507249111443614,0.24095712798810015,0.15170656975419947,576140.2544928051,0.029030168764136836,0.16471943081242102,0.027878493284778327,0.2537428396031414,0.4440252247855874,0.6765167950579545,0.37507249111443614
3,0,0,2,0,3.4221044861819516,0.06907230610135183,2.552199165657263,0.006294463279407642,0.10534578785194978,6.834961910785053,0.6096654106514814,127.12504633722268,11096537808.126043,0.0,0.27353432109916875,0.37517797308361067,0.26491010417809757,0.15549949774242922,397434.5611546041,0.035088681647825255,0.20990657779600463,0.033048663950764896,0.37517797308361067,0.4643060136642901,1.0,0.37517797308361067
1,2,0,1,0,4.639690957657497,0.08657191039559659,8.60494323912072,0.008440557076892721,8.131839638456738,1.0098986904841776,0.4027021962977279,89.74330043354364,19348591328.595375,0.0,0.2767677192708768,0.37572397832496063,0.2636429252284478,0.17409564125095423,943594.0299220405,0.03475379601150646,0.19269750355665893,0.03330414905362375,0.37572397832496063,0.3266218474674756,1.0,0.37572397832496063
1,2,0,1,0,4.639690957657497,0.08657191039559659,8.60494323912072,0.008440557076892721,8.131839638456738,1.0098986904841776,0.4027021962977279,89.74330043354364,19348591328.595375,0.0,0.2767677192708768,0.37572397832496063,0.2636429252284478,0.17409564125095423,943594.0299220405,0.03475379601150646,0.19269750355665893,0.03330414905362375,0.37572397832496063,0.3266218474674756,1.0,0.37572397832496063
5,2,1,0,1,0.9988942537951339,0.0828360386630451,9.720716290983496,0.061439080119340746,5.967211824501343,1.2002663637927262,0.480960288874576,92.74273768603283,11467662776.092253,0.0009666098925231901,0.2836666611186582,0.3758545566320174,0.25784592200093864,0.20070827453718035,5812765.900711562,0.033242259746257066,0.19790191772198118,0.03187521084120443,0.3758545566320174,0.45775996015920445,1.0,0.3758545566320174
1,2,0,1,1,1.5192768808128396,0.03982742602777797,6.4873862600081065,0.020626086912364942,0.434907758053969,2.353467749179147,0.4869629869956003,66.26870163698335,10662047552.844727,0.001459461419036312,0.29589722738001234,0.376262912082242,0.249411730415481,0.18425199118089208,1378535.8460975178,0.031103105634422284,0.18502787300392287,0.030036578531469214,0.376262912082242,0.510587983888699,1.0,0.376262912082242
2,2,0,1,0,1.3591977867618188,0.045860066676397485,4.548207652949576,0.021932418729895632,6.074988760028335,9.559363385988906,0.19953817325702672,105.53563341414699,19012298583.81957,0.001360720657839296,0.2981119047367349,0.3762747664952729,0.24810383748539527,0.18894762727437872,4958901.202239003,0.030777757087489713,0.17908630607713416,0.0297684456856545,0.3762747664952729,0.4126772406695562,1.0,0.3762747664952729
1,2,1,1,1,0.44646085763657795,0.06996368170347664,6.014610825591863,0.03359981561119861,0.5752783345799649,4.5980931227097415,0.039079208902834665,95.74091333043542,13910455719.725466,0.001175679400108329,0.30260569517056135,0.37658584756929575,0.24536013612934499,0.16297067088736955,1080385.3586998996,0.030100798200705353,0.17302812821858848,0.028889106341307966,0.12570516256175557,0.4403703988875096,0.3338021419900133,0.37658584756929575
3,2,1,2,1,0.4424941026269679,0.06515639887810652,2.541565223348456,0.025988586838373358,2.5193914455681337,1.9813414322379432,0.7784155098520882,106.58653605145984,14852783016.84327,0.0012667994203453142,0.3024228229696894,0.3766232784609797,0.24536665618023998,0.19654824246249591,6564804.53588848,0.030102397982536052,0.17568892373770317,0.029284270783946267,0.3766232784609797,0.3771207502671391,1.0,0.3766232784609797
1,2,0,0,1,0.2741201615016514,0.09008767293237019,2.0339224645531866,0.025320827338431478,4.488165224816126,2.9703025597413775,0.677032124918207,77.92322370792203,11608695293.588707,0.0009501866377609584,0.2815654943622267,0.37693708939898896,0.2603665760407655,0.19281154858830651,1537081.6209966568,0.033895376959595866,0.19765713265671547,0.03273948398551634,0.3506716400095343,0.4037526243885541,0.930318745148338,0.37693708939898896
1,2,0,0,1,0.2741201615016514,0.09008767293237019,2.0339224645531866,0.025320827338431478,4.488165224816126,2.9703025597413775,0.677032124918207,77.92322370792203,11608695293.588707,0.0009501866377609584,0.2815654943622267,0.37693708939898896,0.2603665760407655,0.19281154858830651,1537081.6209966568,0.033895376959595866,0.19765713265671547,0.03273948398551634,0.37693708939898896,0.4037526243885541,1.0,0.37693708939898896
4,2,1,1,0,1.8624358218780563,0.02903612112825887,7.799105770070154,0.0631859804794863,4.954475750356079,8.801105869610794,0.837416794200023,68.5247963525587,18843392459.406258,0.00122556349692028,0.22808505481866456,0.3769962395443733,0.3060191294480955,0.26049016506979755,5310783.055837883,0.046823853794085116,0.2681699255974609,0.04517337469986261,0.3769962395443733,0.5631028408524146,1.0,0.3769962395443733
3,1,0,2,0,1.8622827192371438,0.05734244718282627,7.09784458728709,0.005160869787248638,1.4129460816678143,4.659835248772905,0.2345651640106181,123.60411881526397,10877579001.205172,0.0,0.3178278932686009,0.37723875933483425,0.23569281827819774,0.1522036696233875,687117.9784788381,0.02777555229395977,0.161902699563656,0.02672354785145008,0.00523006087799797,0.35334796155436704,0.013864060223344675,0.37723875933483425
1,0,1,2,2,0.331527157516444,0.005121301889999981,1.2835811044315286,0.07956132757742364,2.778857089793567,6.991281906880239,0.12455465900092848,68.00973770360002,12139256827.917475,0.0013663473504073047,0.2877012498450275,0.37730212381245626,0.25598068943894775,0.1706640418114766,1089954.6707282271,0.032763056682819515,0.19375135360620888,0.031450140236430446,0.9545655760246511,0.47093641092692645,2.5299766838819395,0.37730212381245626
2,1,0,2,0,0.21302125191948829,0.03585821144211887,6.915695424690078,0.010537952039627766,6.291857008310214,1.7649824680994541,0.5811702460488071,119.08469772927293,10109321752.152777,0.0,0.30385220267140467,0.3774214384151932,0.244781295453812,0.18399691633430368,5382386.415856658,0.029958941302023204,0.17767370097551893,0.02891551736442882,0.4484197816736883,0.32456167962822713,1.1881142299616572,0.3774214384151932
5,2,1,0,1,0.4451612730196416,0.015795224566468105,3.286667608206708,0.07550945696414517,4.567743969776249,5.609630799375708,0.4442733899888594,74.2480552934531,11876526401.734303,0.0,0.2703904799932594,0.3774599065266135,0.2690406090022047,0.18230989369244444,420784.84052543616,0.036191424646138594,0.21515981894510694,0.03487449478549056,0.3431653565242012,1.6234206572967156,0.9091438602897173,0.3774599065266135
3,1,0,3,0,2.5014465222200726,0.02516902771082218,9.948365716933933,0.09836241178964987,8.04280732009455,8.087210219867758,0.2389633383210498,71.4327919792189,15893609659.031898,0.0005103731360399842,0.30398162076608726,0.37782232216212086,0.24525060387519,0.15603360926642837,328748.34140615305,0.030073929350572678,0.1729157591648991,0.028978695146030787,0.37782232216212086,0.640276801749871,1.0,0.37782232216212086
3,1,0,3,0,2.5014465222200726,0.02516902771082218,9.948365716933933,0.09836241178964987,8.04280732009455,8.087210219867758,0.2389633383210498,71.4327919792189,15893609659.031898,0.0005103731360399842,0.30398162076608726,0.37782232216212086,0.24525060387519,0.15603360926642837,328748.34140615305,0.030073929350572678,0.1729157591648991,0.028978695146030787,0.37782232216212086,0.640276801749871,1.0,0.37782232216212086
3,1,1,2,0,0.3424433994261888,0.05697191706574939,3.4077536714050396,0.008504377977693052,1.9998133941810037,6.470830001041283,0.7966069063753426,96.53345328632116,10711654030.132683,0.0,0.30571775229769743,0.37791375134075883,0.24387782441084038,0.18604159242572002,5077370.28422402,0.029738196619682345,0.17596902248201418,0.028741972575578843,0.37791375134075883,0.3275607683679372,1.0,0.37791375134075883
2,1,0,2,0,0.2151411111680365,0.08597885914450117,8.099195406191152,0.010537952039627766,6.291857008310214,1.7649824680994541,0.5811702460488071,119.08469772927293,10109321752.152777,0.0,0.3035305142203837,0.37800633474948653,0.24538417826825837,0.18472790488915458,5329889.67397778,0.0301066974721942,0.17857092279865516,0.02905302733830307,0.2614713945121915,0.3224145686880984,0.6917116737884157,0.37800633474948653
1,2,0,2,1,3.104037275532466,0.0751782712857837,4.359782226664016,0.03649416301717183,2.1730740472195875,1.4404369068984495,0.2597533224175297,66.6585109940147,11446330101.39741,0.0012721982496801377,0.30022382243746437,0.3783794235449769,0.24810240707173098,0.15023710840681984,1122077.5789978444,0.030777402197393455,0.17835557312450123,0.029419712382861556,0.10133375542285263,0.4454159485211694,0.26780989958035434,0.3783794235449769
3,0,0,2,0,1.0387374478702665,0.08916218732667705,2.1105784278100743,0.00545198875194047,0.526133328020116,1.6570404562949335,0.38139834718808613,115.4239060087528,9877906828.42827,0.0,0.2921378349852536,0.37867474166031867,0.25388841544147017,0.18528231988946475,2868809.6546013746,0.032229663747690276,0.18786666965638366,0.0309223459053991,0.37867474166031867,0.3681635036423222,1.0,0.37867474166031867
5,1,0,2,0,0.829766216357966,0.025895598802897348,4.618441466251936,0.034030146983532274,0.7015746683824636,9.846518849421617,0.6064676864635202,90.40412651840273,14062558715.421896,0.0005067220406638506,0.3051626736214396,0.3787630153822795,0.24731416436209713,0.19544563949491947,6917481.475143065,0.0305821479470612,0.13412353583473002,0.029913467278082594,1.0,0.35079842165691416,27.30175780711106,0.3787630153822795
4,2,1,1,0,0.653501288488312,0.06826147769674301,5.943160476483485,0.01859235748272632,7.3418565468369,19.49873344579583,0.8483246973416877,75.42937870149254,19168475430.12153,0.0,0.32225625656276663,0.3788744180170479,0.2354942537110054,0.19229319310435938,8263578.621621824,0.02772877176545169,0.1329217674318407,0.0272295278000975,0.3788744180170479,0.3779883421893964,1.0,0.3788744180170479
5,2,1,2,1,0.9411851599745297,0.07602806899295829,7.588708671835506,0.06165819179239245,4.15013998962536,1.1082313972840403,0.7634134908642916,77.4106605070748,9382776423.810118,0.001382857171404052,0.2947660821174109,0.378899325009512,0.2535023764017887,0.21014282318035343,7902921.882671623,0.032131727420677075,0.1625977546150229,0.031389322487512784,0.378899325009512,0.4569797645657452,1.0,0.378899325009512
2,0,1,0,1,0.42211561054632474,0.016609446050064758,3.9113181827028707,0.045325454989896145,9.995562568744667,8.869830053573112,0.4648286201764595,97.34415871396686,15499272760.44984,0.0011631403379447223,0.22113677748329227,0.3790293745258455,0.31280520600410905,0.23366235434040236,3927897.8007604354,0.048923548451636545,0.3136209480801945,0.04654215346923467,0.3790293745258455,0.5806620365206867,1.0,0.3790293745258455
2,0,1,0,1,0.42211561054632474,0.016609446050064758,3.9113181827028707,0.045325454989896145,9.995562568744667,8.869830053573112,0.4648286201764595,97.34415871396686,15499272760.44984,0.0011631403379447223,0.22113677748329227,0.3790293745258455,0.31280520600410905,0.23366235434040236,3927897.8007604354,0.048923548451636545,0.3136209480801945,0.04654215346923467,0.3790293745258455,0.5806620365206867,1.0,0.3790293745258455
1,2,0,0,1,0.3352133310595336,0.08963978936191964,2.063392570504045,0.026551189051128816,4.4452939863319445,2.586449515406891,0.6889610763528963,75.70248954201472,11491793052.490957,0.0009668716293875871,0.28385903914463423,0.37903391962662514,0.2601311087523346,0.19092915445547362,1511565.6131159787,0.033834096870359466,0.19722786675591852,0.03265670819514898,0.37903391962662514,0.40203779666883493,1.0,0.37903391962662514
4,2,0,0,0,0.866326846647027,0.07311119789841299,8.532811399731505,0.04619391314938511,0.514004162463842,4.106440459437679,0.4617878598644286,103.62583926457737,11639712844.873386,0.0013675597067271652,0.2698384309924903,0.37904524374025483,0.2748092576834259,0.24445493812306698,6932140.811227824,0.037760064054257796,0.14511486582957955,0.037063312105593986,1.0,0.5213764262766206,42.38710991428185,0.37904524374025483
3,1,1,2,0,0.22652786988805254,0.0733083193542318,8.531967835370734,0.016008889594750855,0.44574228880468636,5.685824741136635,0.435807122142328,116.65383398517724,19184858081.45092,0.0,0.3289273529359396,0.37937816583819006,0.23010812983369197,0.1874579377274849,6220129.024472792,0.02647487570777962,0.1551654009925555,0.02591771242112025,0.9058247072077906,0.32293203747325866,2.3876564040170334,0.37937816583819006
2,2,0,1,0,0.8585016569116002,0.02604238250928681,1.445125723941309,0.01873255193883417,3.2540730741894652,3.8564443805494943,0.39138273379807786,127.71071719982436,16082156087.549765,0.0,0.3154974257827855,0.37983229175974287,0.2387457238060617,0.20010433490251767,6019149.841886381,0.02849976031784015,0.16813952861112147,0.027894703476051986,0.37983229175974287,0.30661210264175676,1.0,0.37983229175974287
5,2,1,1,1,0.6704193795886192,0.03023774343985308,4.301105705426574,0.04255995589441277,3.321222675406594,3.659506194265574,0.7066580381163485,108.81366223837486,10283160103.04904,0.0010450583545212784,0.3017605696379771,0.3801001036225971,0.24812098469965282,0.20628650093576326,5002900.5185890235,0.030782011524162677,0.179831342723211,0.030050459702604834,1.0,0.4194941501054827,7.689750633401108,0.3801001036225971
2,1,0,1,0,3.847723432282558,0.06497515651508295,6.27966746552308,0.03298404358967947,5.0875199861008,13.091321221016438,0.05565119681937435,95.89992745270573,14630972389.519543,0.0009293037035796962,0.27368381185527757,0.3802797664437787,0.2685999634941225,0.1907248114695847,1666974.6182991553,0.03607297019452198,0.2122996631167936,0.0347161660257847,0.5758808104017861,0.558130176419381,1.5143609027300835,0.3802797664437787
3,0,0,2,1,3.463136835522904,0.07639651088850023,6.748640454264544,0.04262020889700043,3.836640621880427,5.594795668897698,0.25303685789716557,88.65448889148118,9127326703.268373,0.0011048144823609008,0.28816274357120053,0.38044314222177844,0.2577240301722846,0.1564651489531259,2940535.736583056,0.03321083786412234,0.1978802151661191,0.030773023793914993,0.38044314222177844,0.5451973555740737,1.0,0.38044314222177844
3,1,0,3,0,3.06032051399868,0.059798237649713336,8.091161122463612,0.010515642132421484,2.901031223771149,7.744371212499111,0.2897037139168548,126.55482835443667,14974617585.30875,0.0,0.25184278249764647,0.3805317238375873,0.2862316919432202,0.20569755581435,2050775.5215054047,0.040964290736339254,0.2489496283971243,0.03916574129960687,0.3805317238375873,0.42555558546985345,1.0,0.3805317238375873
3,1,0,2,0,0.3877507586140737,0.03963920025643073,4.815158136219596,0.052215868468536895,0.31220890914151517,1.215549283390331,0.6525866239353959,108.67665235073487,10600912516.043823,0.0005228179662511967,0.30815737124091946,0.380753602455677,0.24618941183700274,0.20879747513392924,8702490.820521314,0.030304613250324675,0.14061699898349078,0.0297858202131506,0.5123992620247906,0.34531211455332833,1.3457502666292913,0.380753602455677
2,2,0,2,0,1.301036824800862,0.081113906572552,3.037598307602048,0.01776206855076612,8.762807431166294,13.166029643381739,0.27263807414047025,97.18320056696629,10941287733.646435,0.0,0.3093190127028205,0.38086700593225237,0.2434141663277123,0.20431680004354744,5707977.237310526,0.029625228184507593,0.17546197299837862,0.02900540788405594,0.38086700593225237,0.34580464690345797,1.0,0.38086700593225237
2,2,0,2,0,1.301036824800862,0.081113906572552,3.037598307602048,0.01776206855076612,8.762807431166294,13.166029643381739,0.27263807414047025,97.18320056696629,10941287733.646435,0.0,0.3093190127028205,0.38086700593225237,0.2434141663277123,0.20431680004354744,5707977.237310526,0.029625228184507593,0.17546197299837862,0.02900540788405594,0.38086700593225237,0.34580464690345797,1.0,0.38086700593225237
4,2,1,1,0,0.6236028415445086,0.010915228239715318,0.8239065501968089,0.046388530600300786,1.1332559175201637,3.8679423441340473,0.648428874799782,81.59141234857718,10771063666.21074,0.0,0.23705565287526745,0.380980801418342,0.29943979416469085,0.19917906320081333,936411.972662196,0.04483209516469622,0.27923657981231464,0.042530470046081514,0.380980801418342,1.2118417156678887,1.0,0.380980801418342
1,2,0,1,0,3.725717453060454,0.08657191039559659,2.3245368831599738,0.008440557076892721,8.131839638456738,1.0098986904841776,0.4027021962977279,89.74330043354364,19348591328.595375,0.0,0.27485957888627266,0.38110599431447306,0.2689102030039221,0.17969662673397827,910535.796360144,0.036156348639805304,0.2008273589274514,0.03465489408223408,1.0,0.283976524264241,3.5487784162188145,0.38110599431447306
5,0,0,2,0,4.212293197168672,0.0165436625505617,2.0881476370781646,0.07219075542673606,6.6866932232551965,5.780306405278982,0.8139678153174563,106.97836061811184,12518558498.894184,0.0008998898169096786,0.23478541298291966,0.3811216270045421,0.30152414742811523,0.19269341454033465,126076.90008003208,0.04545840574112589,0.28587424351849056,0.042872808117162126,0.9684596632096683,1.5577218980000938,2.541077689086708,0.3811216270045421
3,0,0,2,0,2.946439956135344,0.09416902631235508,4.288557528691287,0.005035894570111635,8.629582074464725,3.8207959543000687,0.16004131576091277,123.89213594983805,10412966899.945835,0.0,0.2969789974845349,0.38124895982576945,0.2520065146959685,0.18350548026572233,3825282.7448273366,0.0317536417246047,0.18903482418428785,0.030305258610321774,0.38124895982576945,0.4674374098732668,1.0,0.38124895982576945
1,0,1,2,0,0.6159545307230461,0.04633639318586546,9.99645844578478,0.06718687515189029,3.191506106727409,3.021195452382689,0.4136090377884949,91.34475865277362,12614784065.385744,0.0010375232062292757,0.2719091254350274,0.3814645170389852,0.27272040465472375,0.23636933260426035,7558828.170232566,0.03718820955751813,0.18311985075833248,0.03631062265181295,0.3814645170389852,0.6898769972490102,1.0,0.3814645170389852
1,0,1,2,2,1.6879225624940408,0.03703099543382086,7.080495554963301,0.07855321432408026,4.1851756128907285,5.7226086145420725,0.6031252537783406,76.22390108004673,12779760451.64927,0.0012036379740544268,0.235096486040998,0.3814978502606617,0.30657416739027993,0.24577931607394127,7481195.552395398,0.0469938600555217,0.19850707152407865,0.044935150207462055,0.3814978502606617,0.6352434839915962,1.0,0.3814978502606617
3,2,0,2,0,1.8698355704163985,0.055604702935927765,0.40663730386419383,0.004338845266746461,1.5166043096561101,2.099092605597651,0.6583188910387144,117.38819681672196,13459311914.006807,0.0,0.2491127783415756,0.38159272420099144,0.28919319363807827,0.21047675237508007,3293585.497126179,0.041816351623295514,0.25796499436764286,0.039633533797694576,0.38345889459783256,0.42358139399265987,1.004890476884088,0.38159272420099144
3,1,0,2,1,3.8309776793188592,0.0734470201045626,0.22997445434208288,0.024269433108112356,1.4244769700853928,3.107631293470128,0.4509612380775612,123.84881073682185,9560672533.679237,0.0006326255907062534,0.3017404047543078,0.38171750459970705,0.24926160854169807,0.18858351339828805,4773411.545248162,0.031065674746397362,0.18054460409653994,0.029968782678842596,0.38171750459970705,0.2671540201461601,1.0,0.38171750459970705
3,0,0,0,2,2.5859987509779065,0.07180963882201569,1.9224508124835138,0.05935098778919295,3.520242669607687,5.45411461996551,0.5313655202551447,104.14396451240826,13156658251.26422,0.0012989877994627748,0.23754279446698834,0.3817384158807219,0.3019928340589771,0.22449370779279978,4414401.627099675,0.04559983591148644,0.23764612675545138,0.04253315563041139,0.3817384158807219,0.674534368886903,1.0,0.3817384158807219
3,1,0,3,0,2.5004115447190847,0.023665900649958237,9.923595724765121,0.0968363545953671,7.886182839651876,8.208662415393492,0.2153225508914933,70.73081003578564,16040781226.732294,0.0005188177499208606,0.30434915353290887,0.3819787244608841,0.2477594448526016,0.15933089518977755,476152.99022158596,0.030692371256834668,0.1764252355499183,0.02958912993609646,0.3819787244608841,0.8016405428754315,1.0,0.3819787244608841
1,2,1,2,2,2.9210908552916637,0.005758533997416311,4.526541644027884,0.003990701196591995,3.63593818203722,19.20102142387302,0.6868933761181039,91.13556903250931,17495638206.743614,0.0,0.28922666238796924,0.38231673896853097,0.25841694756407996,0.17256058840294272,567290.7882183519,0.03338965939416823,0.1955307946636442,0.03211940722142263,0.3565622070746442,0.339705373493103,0.9326356152666215,0.38231673896853097
2,2,1,1,2,0.9340337136882875,0.07066712561484967,5.570496039071237,0.031032770900437545,4.632971028417722,6.574557597273192,0.5993449676865624,99.938640635386,13366888901.003717,0.0006895613026740939,0.3047859399422093,0.3824634495775095,0.24749624454626823,0.1971576970358276,5464349.6035901,0.030627195532253102,0.18141867010489665,0.029820912964341667,0.3824634495775095,0.3881691232348844,1.0,0.3824634495775095
3,1,0,2,0,3.534148219629267,0.08469780861003118,1.6748117848802706,0.010532489898185341,9.734882863868108,3.721360327007177,0.06328291707296317,116.26177950542282,10616338703.273216,0.0008816998663379494,0.30150948807838346,0.383474453620436,0.2506453188026507,0.19361610696732645,4799763.019972151,0.0314115379188412,0.18151816492180206,0.0303956672019394,0.383474453620436,0.3125325604360765,1.0,0.383474453620436
4,2,0,3,2,2.118898091087257,0.08674890731840729,0.7372770153491875,0.0987104682681961,1.5371847521264996,9.359497721861983,0.06771201267522384,119.65869756877538,9270600776.586456,0.0011567907931556878,0.31498477243875483,0.38365033301182877,0.24167394330062977,0.19744893833763194,5740734.44607073,0.029203147435238008,0.1698178244833417,0.02855029952236629,0.38365033301182877,0.29472723172919985,1.0,0.38365033301182877
2,0,1,2,2,3.4150780884030336,0.09405714328832668,0.13416063063900766,0.09258135645413294,1.8322276948827245,16.62182889062441,0.7035788514218246,92.2859751366432,13753126781.847845,0.0007524372572126245,0.3102682969989746,0.38393573232031136,0.2448121772222381,0.2018438372131548,5280704.874919294,0.02996650105814626,0.17703935542505256,0.02923198570020764,0.38393573232031136,0.22108633855940335,1.0,0.38393573232031136
3,0,0,2,0,0.6210830768961415,0.024439647246814314,8.27538253996144,0.020025533693947183,9.363101812812836,9.349051607992243,0.7817546070635164,110.85648260733616,12341561865.683308,0.0010734426143068597,0.23612634258586573,0.3840870310907307,0.30342983005989516,0.227773871239023,3235859.4098190735,0.046034830885088425,0.2729641727216622,0.04381424581974636,0.3840870310907307,0.6434520282467389,1.0,0.3840870310907307
1,2,0,0,0,1.124054781189485,0.08586398598580762,7.272250584889505,0.02289732384431678,1.3804914300214142,3.3207622925861386,0.3061473703305872,115.53132834025877,12907636024.45918,0.000680832572181671,0.29274210308645326,0.3840876109247631,0.25695016614271315,0.17483872119374652,1245663.1013890426,0.033011693940383946,0.19591303254292003,0.03173595254558553,0.3840876109247631,0.4006757938030628,1.0,0.3840876109247631
4,2,1,1,0,0.5724849830451596,0.02562300897508599,4.805269629020013,0.09682156962180917,3.048020830247213,7.893962236441562,0.8183966758507208,81.32593885003527,9594842175.769932,0.0012827655862116527,0.31962001919628047,0.3841466982133884,0.2390919497144439,0.1532669258281314,338123.17716867675,0.028582480209127084,0.16455050625095657,0.02757679133567627,0.3841466982133884,0.773377058697827,1.0,0.3841466982133884
3,1,0,2,0,4.347399759730314,0.035910672761940564,1.2242972342820044,0.004592954050555319,6.913143106197715,5.350286683103849,0.017974904456137294,105.59409900681896,9889142691.909983,0.0007136651960358897,0.3114282212550279,0.3841643582912293,0.24426261181768005,0.1950636644688734,5477049.302157681,0.029832111765997323,0.17494331611357716,0.029033636429941712,0.3841643582912293,0.2913626719837036,1.0,0.3841643582912293
3,0,0,2,1,3.597860570708439,0.05930411229617516,2.062879122723067,0.003434444247996717,0.8899644052275582,16.102292504786604,0.38807893299213325,115.5496811898495,9398885064.16839,0.0,0.28307379310515335,0.38441750150468096,0.26418992775820443,0.1516115520082036,368723.1634564372,0.03489815896444264,0.20833778198564123,0.03247236737682654,1.0,0.46063708219154176,7.4453920298198835,0.38441750150468096
3,1,0,2,1,3.9156236137964178,0.0682636305422257,0.6085954944413897,0.0461313375171195,4.786635042995506,2.8167372647090745,0.012629125208418098,104.10357257717871,9750435880.439575,0.0014091910580467642,0.2921873215807536,0.3845720376545629,0.25787539014788247,0.1903534789373454,4308068.367527268,0.0332498584219613,0.19359385820021824,0.03192923382425662,0.44115566272482815,0.2728248316274587,1.1471340074940415,0.3845720376545629
3,1,0,2,0,4.727644020312321,0.0877824693397364,0.81456861790941,0.016943666282146153,2.768357166044727,7.315380265931294,0.15084121638375048,121.9092967246062,11911305825.903702,0.0,0.23450305117667558,0.38463388357216266,0.3045509138179379,0.19759671706188275,379725.50412451685,0.04637562955367053,0.2910887458899152,0.04368784766817581,0.2964608912307933,0.3928994772409398,0.7707612456747407,0.38463388357216266
3,1,0,2,0,4.727644020312321,0.0877824693397364,0.81456861790941,0.016943666282146153,2.768357166044727,7.315380265931294,0.15084121638375048,121.9092967246062,11911305825.903702,0.0,0.23450305117667558,0.38463388357216266,0.3045509138179379,0.19759671706188275,379725.50412451685,0.04637562955367053,0.2910887458899152,0.04368784766817581,0.38463388357216266,0.3928994772409398,1.0,0.38463388357216266
3,0,0,2,0,1.0406006833615535,0.08937916092097109,2.0461446208715515,0.005330788822000193,0.5007266434507218,1.7060474304295903,0.3869362993576077,115.4892947330524,9855108200.73285,0.0,0.2984952797090884,0.3846733018505443,0.253400928446877,0.18481538856939758,2959856.8437201106,0.032106015268869637,0.1881557999215302,0.03084270506799486,0.3846733018505443,0.36169301227817263,1.0,0.3846733018505443
5,1,0,2,0,0.49398997740726647,0.043480700164032014,2.526237927835694,0.04890285166320008,3.9258112296677714,9.056415384982541,0.8203513585877296,107.94436960623962,12479375652.473625,0.0014099566817720914,0.25866455461732096,0.3853931903180513,0.2847842140912277,0.22301638941939217,2945575.738540155,0.04055102429777912,0.23206606819192932,0.038888465870384255,1.0,0.6617893635422064,14.867958146855626,0.3853931903180513
3,1,0,2,0,1.3429243801410213,0.012270576217495246,5.899383279872945,0.006642880918841159,0.3074451670858117,2.9735490063208374,0.6975970889132689,119.78304891234276,9138893817.720156,0.0,0.3344754404257539,0.38564893122110977,0.23119023366402253,0.14206811255869897,33558.70415263795,0.026724462070812666,0.1466642930102453,0.02579906510845535,0.534682272006945,0.6319514783711285,1.3864482142189256,0.38564893122110977
3,2,0,0,0,0.7749100010093087,0.05551864535194594,8.12883808210469,0.03080917556146525,1.1611807780784291,10.906436130156434,0.18838460358049244,114.8330139549586,10780202499.45025,0.0005653865913347636,0.32994157759452114,0.38582770840818037,0.23453906025845506,0.1968483839761459,8358892.580009127,0.02750428539345961,0.1423684431027027,0.02706763997085466,1.0,0.4096754036582727,7.296307274477001,0.38582770840818037
3,1,0,3,1,4.966301587542457,0.05692870232257989,1.5439072193021866,0.026265486650256575,4.164999396742898,4.571880834600646,0.5325242380555685,121.70253869306072,12480488749.738186,0.0006840232055831345,0.27417778893653266,0.3858410457198146,0.27251012407384595,0.17640335121596468,1322412.4919788635,0.03713088386137145,0.21187102326672946,0.03531681972432007,1.0,0.3262439960337071,77.08664127493938,0.3858410457198146
1,0,0,3,0,3.99612582591548,0.06292016407336852,9.21217359209309,0.08407577689741032,6.174374112476931,12.979121824152749,0.36057907319415566,90.727960405237,15345151449.809286,0.0009420588204597121,0.27060804585454873,0.38589705356244114,0.27708406123755946,0.2377687575400354,7694289.374792035,0.0383877884959498,0.18684436078797317,0.03735181169952944,0.38589705356244114,0.7205470987848109,1.0,0.38589705356244114
1,0,0,3,0,3.99612582591548,0.06292016407336852,9.21217359209309,0.08407577689741032,6.174374112476931,12.979121824152749,0.36057907319415566,90.727960405237,15345151449.809286,0.0009420588204597121,0.27060804585454873,0.38589705356244114,0.27708406123755946,0.2377687575400354,7694289.374792035,0.0383877884959498,0.18684436078797317,0.03735181169952944,0.38589705356244114,0.7205470987848109,1.0,0.38589705356244114
4,1,0,1,2,1.4997334706833267,0.08958083469788093,6.374937917528575,0.0654636059879872,3.127704211148855,2.888604066892426,0.09310252426306674,89.25953748039421,18875694640.648533,0.0007734329729177868,0.3055925398992286,0.3859997452639035,0.24966071759670294,0.19458938545164675,6920582.106560347,0.03116523695545033,0.17747704807196885,0.030189821431954693,0.3859997452639035,0.46851620932366006,1.0,0.3859997452639035
3,0,0,2,0,0.6238648858952642,0.024263469632007748,8.348027123963414,0.020244732881989205,9.335497419260868,9.348404812365828,0.7789583351125138,110.95686402121902,12343656308.73841,0.001076089434551424,0.23757437404781923,0.3861770256048897,0.30367758372812076,0.22753015673134344,3273221.6699737078,0.04611003742947489,0.2736773091384659,0.043888327682540564,0.3861770256048897,0.6446253022077317,1.0,0.3861770256048897
4,2,0,2,2,2.3564510423234095,0.07761789122653659,9.298915167798205,0.04350657171885908,8.273791705232814,4.072824112987714,0.27450462833166045,118.11623778635933,18690407815.34315,0.0007092264719298055,0.27438989288913973,0.3866404742326727,0.2722256059197854,0.18010589872051996,2456243.604083188,0.03705339025919714,0.22432868201242073,0.03456680936806474,0.3866404742326727,0.43172031204138245,1.0,0.3866404742326727
3,1,0,3,0,3.8907002479776387,0.06002617871973858,3.849110571763626,0.003288937683889652,6.177498594842911,4.130493000881495,0.10249565344803545,106.97527877702635,18326027589.144905,0.0,0.24101556368077184,0.3866611160383619,0.3011622303278225,0.2479612248394548,5238952.445467803,0.04534934448801422,0.2631362544204138,0.04371029672581603,0.3866611160383619,0.3797534631238785,1.0,0.3866611160383619
4,2,1,1,0,2.0468094422738123,0.08591737056584531,6.278005421939036,0.06033013122808486,1.368838099653114,14.337031219733088,0.5967112674924817,98.83090984363601,10239503676.443087,0.0009512558533315413,0.3069702680433431,0.3867270448263053,0.25022403820557876,0.20678479034769034,6827211.631422695,0.03130603464795347,0.15920863353003467,0.030620270012319414,0.3867270448263053,0.4275137765331135,1.0,0.3867270448263053
4,2,1,1,0,0.5578469179939939,0.03386050672483971,1.0191027652037268,0.032864668973491724,6.262762413779115,3.7493049629539805,0.31242521688057034,77.88894036019539,13455715492.951223,0.0011754679539113858,0.29573320644390977,0.3870088552481719,0.25696877291801185,0.18937523184608693,4565509.614289435,0.03301647512749437,0.19255096496018687,0.03174428053798992,0.046849448436442426,0.2890541062475191,0.1210552363366464,0.3870088552481719
2,0,1,2,2,3.1252513761483027,0.0726098974060683,2.0207621209309083,0.026704703400212297,3.528545900304057,10.978277700108043,0.20952495762715873,101.16700688874597,12851070291.283728,0.0006268700233616323,0.26071004580188617,0.38704114840913534,0.28342382247290526,0.20417470611723193,2989349.6426894097,0.04016453157257646,0.2459103114492276,0.03800559917305506,0.38704114840913534,0.36093017094924035,1.0,0.38704114840913534
2,1,0,1,0,0.6840946818567322,0.08290516277870698,7.326125619279208,0.016388868370801262,9.501176601848977,4.941656106219336,0.36478868966649075,80.18433673317041,14960020808.355131,0.0,0.3173965705112403,0.38730067703882753,0.24397692397996698,0.20195952655860314,8426110.264861898,0.029762369717363294,0.1447141768399809,0.029218863923956357,0.2328229485305494,0.34962693253927374,0.6011426324132362,0.38730067703882753
2,1,0,1,0,0.6840946818567322,0.08290516277870698,7.326125619279208,0.016388868370801262,9.501176601848977,4.941656106219336,0.36478868966649075,80.18433673317041,14960020808.355131,0.0,0.3173965705112403,0.38730067703882753,0.24397692397996698,0.20195952655860314,8426110.264861898,0.029762369717363294,0.1447141768399809,0.029218863923956357,0.38730067703882753,0.34962693253927374,1.0,0.38730067703882753
0,2,1,2,0,3.182721914265808,0.07987132266217549,6.088975132997145,0.015101325419519696,1.4557475359901297,9.692848460724422,0.794935857591992,121.21514091065524,11542738400.85506,0.0,0.2999298251860006,0.38776174772356187,0.2543320723763632,0.20738751853293563,5642239.051392077,0.03234240151962782,0.19195488579060938,0.03137870928883795,0.38776174772356187,0.4263755820389702,1.0,0.38776174772356187
1,0,0,1,2,1.9484280799657552,0.023496023631975914,3.998720751764672,0.014092009994640692,7.343106182779482,19.477652118686926,0.7779139945816276,73.2649369337911,15568273384.155914,0.0,0.2791885433879103,0.38792382373190504,0.2698751293253989,0.1795517088126207,625630.4190687926,0.03641629271420039,0.21170182965098572,0.03497929302211513,0.38792382373190504,0.3001380345921062,1.0,0.38792382373190504
4,2,1,1,0,4.57405643499436,0.0638953848640516,7.2425802463027305,0.016052072298846722,9.930631151261856,15.861717682689832,0.69592082614844,71.50542660303148,18947308339.687668,0.0,0.26185021330267566,0.38834490298860547,0.28359972368304487,0.19668218581845254,1695220.2525302158,0.040214401636549706,0.24284031829118147,0.03813179386110251,1.0,0.4120896454419644,35.51333938020487,0.38834490298860547
3,1,0,2,2,1.6446003121828312,0.07663070563960427,5.234623628277265,0.00982872627046536,0.6923171789110631,5.267208103563121,0.42606886668462735,128.2604589586535,15512480020.903923,0.0,0.28607461375135246,0.3884599177539525,0.2650319314847704,0.1827600682267789,1027448.076692709,0.03512096235327402,0.20415333752404774,0.03387664566629129,0.3884599177539525,0.38434803398164763,1.0,0.3884599177539525
4,0,1,1,2,3.9087807353107045,0.0766712613750957,0.7158321457969528,0.03956138117890626,6.9845310958891655,5.394324522255442,0.1719717675228683,101.59462977304753,12420459448.961044,0.0005213062793620083,0.27020738780046677,0.3884738422442557,0.27686769097049385,0.20650810785104476,4022357.7991821542,0.03832785915166644,0.2314197051082756,0.03655897419836766,0.7514101451650191,0.3021168007384745,1.9342618818915602,0.3884738422442557
5,2,1,1,1,4.00631695254689,0.011214347253726099,7.8273237408464365,0.03581545958301346,9.395950569848798,8.066458450182159,0.7840120029368964,75.92639469244529,15533868340.429802,0.0007383246147929832,0.2835621254507813,0.3890257306208241,0.2671043134242476,0.1742406061033298,145739.9582397686,0.035672357124919354,0.21121409574967787,0.03431554514987703,1.0,1.1024248926790186,2.824169920141933,0.3890257306208241
3,1,0,2,0,0.26527144241156275,0.053295975445355734,4.384839825522706,0.029169894568230225,2.542254238317761,4.883600663726492,0.6446216427387792,129.23998412588736,9337722129.191633,0.0005765001490441383,0.3267168737134665,0.3891601282457508,0.2376523276189279,0.19549126125816987,6363514.799509081,0.028239314411347125,0.16488791522552737,0.027568630989427412,0.006426597347512996,0.3449338100743119,0.016514017960891057,0.3891601282457508
3,1,0,2,0,0.26527144241156275,0.053295975445355734,4.384839825522706,0.029169894568230225,2.542254238317761,4.883600663726492,0.6446216427387792,129.23998412588736,9337722129.191633,0.0005765001490441383,0.3267168737134665,0.3891601282457508,0.2376523276189279,0.19549126125816987,6363514.799509081,0.028239314411347125,0.16488791522552737,0.027568630989427412,0.3891601282457508,0.3449338100743119,1.0,0.3891601282457508
0,2,1,1,1,2.308090832318937,0.006158413505528185,2.5687484767753763,0.042603964040761666,7.474859304531159,14.345108737344194,0.3630633547983066,107.46960570352977,14206960621.848251,0.0008244151750872354,0.277024772067066,0.38926817330353997,0.27371070972204675,0.2302225562279453,7557390.79640578,0.03745877630827327,0.19480304410872717,0.036459501517112206,0.968008450684872,0.5617420986580306,2.4867392637569865,0.38926817330353997
4,2,1,1,2,4.710577170107787,0.0785793138882933,3.7612592060521615,0.03952866253829027,9.327591648783926,13.337472605804189,0.595217446602173,64.27340702800862,11283370367.980692,0.0006101649882234644,0.24817493879782238,0.3896492692714467,0.2961307274438884,0.20707228239326722,1854136.9952714741,0.04384670386822326,0.269352138759139,0.041380399629386576,0.3896492692714467,0.37802578331771014,1.0,0.3896492692714467
3,1,0,3,0,2.528595117928961,0.02537267305309917,9.937542262831244,0.09718552667219957,8.006848943870557,8.10717109549771,0.2435556970115694,71.70180901762627,15902025551.776363,0.0005068500611466616,0.3158730158260424,0.3903477521101573,0.2453021774455905,0.16391980129151534,345527.9128368498,0.030086579129773982,0.1770156758198328,0.029017517731210852,0.3903477521101573,0.6841955662384978,1.0,0.3903477521101573
4,0,1,1,0,4.837847424362737,0.03924225198234702,0.8567785043100962,0.07565149281956052,7.400852641117443,3.4905671996300884,0.8293972414208677,83.36914300443645,14223769308.089117,0.0008314767711126706,0.30796618317293445,0.3905865798389701,0.25070107581343576,0.19764896876785523,5357326.478269666,0.03142551470700703,0.18568702369585321,0.030585198819545162,0.3905865798389701,0.29238784465967665,1.0,0.3905865798389701
4,2,0,2,0,4.0295876797388335,0.06554817874129094,5.2560581391544385,0.05364147776960338,5.884834552340579,7.932674459000575,0.5893999014876881,122.97666273817127,14256606061.927368,0.0006288349188051819,0.27287306698549996,0.3908379791780194,0.27635802325119,0.1943592450695128,2136205.3921446423,0.03818687850765265,0.23175215504052737,0.035974153937259404,0.3908379791780194,0.40247235629133316,1.0,0.3908379791780194
3,1,0,2,2,3.119200219367399,0.08882682626903637,0.5276093637175376,0.06447391485129363,5.501159646968982,3.355826212127745,0.6245595707143617,127.01617317540553,17353206912.693237,0.0009420760596740935,0.28000045510018784,0.3908517677047546,0.27150778022507593,0.19870743902214316,3502706.750098907,0.03685823736137407,0.21028930172138804,0.035254261966234185,0.1831258725900262,0.26628662245666457,0.4685302401609133,0.3908517677047546
3,1,0,2,2,3.119200219367399,0.08882682626903637,0.5276093637175376,0.06447391485129363,5.501159646968982,3.355826212127745,0.6245595707143617,127.01617317540553,17353206912.693237,0.0009420760596740935,0.28000045510018784,0.3908517677047546,0.27150778022507593,0.19870743902214316,3502706.750098907,0.03685823736137407,0.21028930172138804,0.035254261966234185,0.3908517677047546,0.26628662245666457,1.0,0.3908517677047546
3,1,0,2,2,3.119200219367399,0.08882682626903637,0.5276093637175376,0.06447391485129363,5.501159646968982,3.355826212127745,0.6245595707143617,127.01617317540553,17353206912.693237,0.0009420760596740935,0.28000045510018784,0.3908517677047546,0.27150778022507593,0.19870743902214316,3502706.750098907,0.03685823736137407,0.21028930172138804,0.035254261966234185,0.1831258725900262,0.26628662245666457,0.4685302401609133,0.3908517677047546
4,1,1,1,1,0.279896059770641,0.058772541582561,8.69435287255347,0.03861888492176038,3.569897736974827,1.2648635142239475,0.48722586856310335,99.06333868028956,10698284380.561178,0.0007833517932733588,0.3154104103849119,0.39088341862255654,0.24652194816287867,0.21439955913991496,7240390.344520164,0.03038653546301052,0.16811595964732418,0.029888834480189044,0.39088341862255654,0.40708006188831836,1.0,0.39088341862255654
2,0,1,2,2,2.389491564980208,0.0930752122588185,3.020225133354657,0.07205826585737055,5.560826007092986,4.579067544514969,0.6750251504717122,95.0328183514417,12966360733.455566,0.0008048363317857227,0.2618676850922481,0.3912966832038503,0.2856020880770992,0.20014162539512753,2567745.667579839,0.04078427635699957,0.24873904208525832,0.03843799239807384,0.3912966832038503,0.3687848528036007,1.0,0.3912966832038503
3,2,1,3,0,4.425298632932959,0.04855652490559192,3.1115387667456798,0.006755472497983505,0.7120893198203337,6.202157335160895,0.2301712938748821,126.63673441730661,18095431824.7143,0.0,0.27592832992459526,0.39133313860617797,0.27423043487574805,0.2061396164303085,1431263.0917570277,0.03760116570607095,0.22944334527528587,0.036415661164250525,0.033339963234188995,0.4056645143142772,0.08519585985724813,0.39133313860617797
5,1,1,1,1,0.9246189137763614,0.012868088925885075,9.301534479974592,0.049508941880612514,2.953937374656805,4.082984801781616,0.19106142917719593,94.29253968680196,15767185842.786448,0.0009299751726930402,0.33427269442068547,0.39133645543803736,0.23427743470424425,0.1591829205031038,109389.53176318234,0.027442958205800713,0.16122143810287637,0.026639031578542943,0.39133645543803736,1.3701689148115257,1.0,0.39133645543803736
1,1,0,2,0,4.307479609454923,0.0933867177941145,7.338129004919902,0.008754414366392918,3.065078269071058,5.315990298928198,0.18641085563931645,127.2859006918977,13168776467.225328,0.0,0.2963625287126564,0.3915191935746357,0.25998044609942345,0.16751892570621782,870612.9685197507,0.033794916177027616,0.1890776831149975,0.032343856091729795,0.3915191935746357,0.319178523708195,1.0,0.3915191935746357
5,2,1,1,1,4.109450573881827,0.08245509556372083,4.6335647199872785,0.04115756934667801,8.816532739102868,11.978133590290499,0.05492678066145928,103.97203286232666,19722866574.9563,0.0006555435652847322,0.269400724618467,0.3915342962831243,0.2795387940550586,0.20580602336644835,3096470.015032181,0.03907096869087823,0.2389563584764106,0.03693646917522462,0.3915342962831243,0.40978637126054224,1.0,0.3915342962831243
4,2,0,2,0,2.242398786934693,0.08679829329502739,5.497407274153968,0.05406185840162682,7.4192522602143445,6.140786345735415,0.37870338292730205,120.59129162128497,19153351836.392277,0.0007907402704332572,0.2901614570557328,0.3916761226002992,0.26378185432259893,0.1975759811281753,3441841.0958543755,0.0347904333349344,0.21016733925279873,0.03314011186459003,0.3916761226002992,0.395562476715057,1.0,0.3916761226002992
1,0,1,1,2,3.012536448558823,0.027874723408669904,5.224171251974656,0.008528312823219407,2.762778140202168,19.2759119462757,0.7151080828650328,75.70564595543213,16044729919.037521,0.0,0.28175996568449524,0.3916849777735614,0.270503592786682,0.18063912184364705,658759.6115262067,0.03658609685525154,0.21308307620676314,0.03513524108405167,0.3916849777735614,0.3119294000084204,1.0,0.3916849777735614
3,2,0,0,0,0.9100685520895574,0.09885007928489546,3.9689767250803136,0.020773199820431663,0.22360719509975482,7.715384393560681,0.0947443977108857,128.91247926371116,9487441819.99981,0.0006087880720632732,0.2942943800922006,0.3920009444651262,0.26498267939822434,0.22414364380303944,8891251.148426263,0.03510791019053107,0.1368093763361572,0.034426717405676106,0.3920009444651262,0.3951874277995723,1.0,0.3920009444651262
4,2,1,1,0,1.0543868078746865,0.02217232227223729,5.2139542960790415,0.0556651221951359,1.2165077342183972,2.667341916498012,0.8115874301941831,76.81171993414384,9989368198.016722,0.001027231889124315,0.291305170806588,0.3922649348371033,0.2662249020725321,0.22713388896936396,8469628.598590298,0.03543784924176465,0.1596972704271119,0.034714317040104685,0.3922649348371033,0.4316785169558231,1.0,0.3922649348371033
2,2,1,1,2,0.962141968372244,0.06966549385617625,5.6232078348581975,0.030034674512889988,4.560492119754371,6.736025496379826,0.5976467064647382,100.36989115092904,13293828162.105135,0.0006919923874037476,0.3067886978689113,0.39228096841059035,0.25253928782234514,0.2003959801886899,5374773.911812611,0.031888045946908646,0.18983515010198115,0.030988278192313545,0.39228096841059035,0.3890531366785405,1.0,0.39228096841059035
3,1,0,2,1,0.45669365822519514,0.023778103486677398,5.170560262716528,0.021930674725888298,2.8865031268799983,1.1950791633539162,0.4456848354870813,121.6871494903714,11131521162.30597,0.0006439075087061715,0.3164178310084165,0.3927440609803419,0.24646272219954515,0.20070349665066506,6440187.1683089705,0.030371936717005086,0.1790889558739226,0.029626378516297236,0.14805521267664645,0.3863633758840178,0.3769763247522592,0.3927440609803419
3,1,0,2,1,0.45669365822519514,0.023778103486677398,5.170560262716528,0.021930674725888298,2.8865031268799983,1.1950791633539162,0.4456848354870813,121.6871494903714,11131521162.30597,0.0006439075087061715,0.3164178310084165,0.3927440609803419,0.24646272219954515,0.20070349665066506,6440187.1683089705,0.030371936717005086,0.1790889558739226,0.029626378516297236,0.14805521267664645,0.3863633758840178,0.3769763247522592,0.3927440609803419
2,2,1,1,0,1.1137152876588656,0.019081262099148958,0.3809774560600012,0.06316851531979452,7.2124800574498655,2.2556175827665115,0.6854282652680876,76.1381388833145,9263406326.112637,0.0014619539734474205,0.2795283450805792,0.39278622260001145,0.27259529633092155,0.192288857852854,4024444.3980878284,0.03715409779087147,0.22386006699478944,0.035493332281574634,0.45454451999762313,0.3033508378093293,1.1572313229033555,0.39278622260001145
5,2,1,1,1,3.9524567903918992,0.021418422819001075,8.728331063775721,0.011012358720868648,8.54265624174059,18.075424983657626,0.7084326366919773,83.26359929405318,16059975644.302631,0.0,0.32441415151356773,0.39303201857964193,0.2419797784959478,0.20639140973766304,7592624.09047375,0.029277106600473977,0.16294130882952595,0.028754880269676996,0.39303201857964193,0.4571787788332013,1.0,0.39303201857964193
2,0,1,2,2,2.429511201482791,0.09356550014603619,2.833586388218484,0.07446045893005544,5.817429076840267,4.6874851433347695,0.6686700139137087,94.19459591499268,13038767496.126019,0.0008015781538202616,0.2604997218465466,0.3931006003125001,0.2880514982543869,0.2011775995327977,2416028.8470135694,0.04148683282329853,0.2533002998329841,0.03909213149536953,0.3931006003125001,0.36425079453124226,1.0,0.3931006003125001
1,0,0,1,0,0.13022607042191595,0.008881738835582362,9.228885094574137,0.08981419900919738,9.444886054413589,12.888069570169046,0.12690304464273533,87.08516814568588,16981344100.068722,0.0008864064132794032,0.3127496422940951,0.3932189951901439,0.24977648358493365,0.1546772748091476,771913.6804500726,0.031194145876027313,0.17326405836005243,0.029871082583508485,0.3932189951901439,0.47289128356326776,1.0,0.3932189951901439
1,0,1,1,2,0.7611221290015177,0.00922611578980483,0.40225680886590276,0.02997304738650085,3.3872143034365783,3.0887334120473473,0.47987059699644435,66.9040632501421,15348759288.742453,0.0008051997325897197,0.279693234377032,0.39327726851473466,0.27293106850982096,0.19523169243811778,3844069.68483182,0.037245684078956294,0.22211461541443234,0.03560341059583245,0.39327726851473466,0.29026286934352313,1.0,0.39327726851473466
4,0,1,1,0,4.474554141639414,0.027395881418872524,5.356464912106311,0.06416017106208696,9.451765104540748,3.2004476804566004,0.42334368388539123,63.610346763434784,18623380863.215046,0.001132924977952152,0.2521609391352365,0.39370753897911714,0.29545793919425284,0.18745221096852813,265657.36159695673,0.043647696916457396,0.2712872621436738,0.040941228363379344,1.0,0.4703585056142463,17.02365231106483,0.39370753897911714
1,0,0,0,0,3.184771404730192,0.05020700199331075,4.919623057788876,0.04487020974235952,1.6894131215449435,2.21905412068547,0.16618550970705792,97.33629836593367,16717744494.445118,0.0011853716713964456,0.2361911886289999,0.39378105828356685,0.3119759455288695,0.2533407692846611,4497346.678596412,0.04866449529431607,0.2680579870410076,0.04653659711290362,0.39378105828356685,0.626569025945605,1.0,0.39378105828356685
1,0,0,1,0,4.886250946433592,0.0737804473746999,6.197107061807358,0.004297743244634422,9.538525958188464,9.078910015875953,0.11106703985969002,97.49849240533591,18167096233.114834,0.0,0.2868229944503601,0.39456501634453905,0.2681811459052634,0.17641644019311786,2488548.110401224,0.035960563509530086,0.21820885506508336,0.03364724259386779,0.2659034565837372,0.44154878861699876,0.6739154399627437,0.39456501634453905
5,1,1,1,1,0.25677897972170266,0.009845100855454588,9.650979387865226,0.044518080913903905,1.4989646072921097,13.020970600064627,0.7964018204258164,60.18882536456073,19370883856.481636,0.0,0.32165970266711813,0.39460789864996415,0.2442602387507975,0.15460483718752557,154942.06037203298,0.0298315321172983,0.17530702902585094,0.028834156471334915,0.39460789864996415,1.4388874175083184,1.0,0.39460789864996415
5,1,1,1,1,0.25677897972170266,0.009845100855454588,9.650979387865226,0.044518080913903905,1.4989646072921097,13.020970600064627,0.7964018204258164,60.18882536456073,19370883856.481636,0.0,0.32165970266711813,0.39460789864996415,0.2442602387507975,0.15460483718752557,154942.06037203298,0.0298315321172983,0.17530702902585094,0.028834156471334915,0.39460789864996415,1.4388874175083184,1.0,0.39460789864996415
1,1,0,2,0,4.5239013186792745,0.056575777907265076,2.5106926478703895,0.013915468906252587,7.363453915812807,6.409832159121663,0.23114878980207357,86.0829453772675,19226262231.328407,0.0,0.2860534494661037,0.3954913801900656,0.270383991474264,0.17754346705780777,853087.278466193,0.036553751422777433,0.20310100665879693,0.03499609877084925,0.05910819574138261,0.2992769870431836,0.14945507968587418,0.3954913801900656
4,0,1,1,0,4.50129927752787,0.027395881418872524,5.356464912106311,0.061121151271914254,9.451765104540748,3.2004476804566004,0.41628353708868887,62.4522728382739,15694499567.294832,0.0013483083231441337,0.262758697902144,0.39572988044885715,0.2878794662355653,0.18822719773710367,1318350.4652560942,0.041437293540036994,0.2563036958312299,0.03883421702857439,1.0,0.4711931731285736,13.980590732728427,0.39572988044885715
3,0,1,1,0,4.252496076046901,0.0703270259112658,7.838643017691862,0.038986987116910024,3.267792653778312,5.292012253242618,0.7331580102961328,64.12557000744432,11981105396.660652,0.0012886807186707873,0.2920582755074306,0.3960385222956124,0.2653443264178602,0.1604299377593799,2558403.0873068017,0.03520380578107397,0.2126452773202574,0.0325965842493313,0.3960385222956124,0.5222526917568666,1.0,0.3960385222956124
2,2,1,1,0,1.1137152876588656,0.019081262099148958,4.685828760976721,0.06316851531979452,4.321342527632713,2.2556175827665115,0.6854282652680876,76.1381388833145,9263406326.112637,0.0014619539734474205,0.32553368209993,0.3962479913875171,0.24322184126341168,0.15471903842375143,409182.4708302669,0.02957843203378211,0.166011147564893,0.02849638105837495,0.3962479913875171,0.7387696892049445,1.0,0.3962479913875171
3,1,1,2,0,0.32422873083081527,0.09460271463346683,2.225755824254253,0.017967699443463783,3.362295310359297,8.47836592231232,0.15068260698106917,126.42358656194845,11217975224.66756,0.0,0.3306935864727301,0.39655555557770333,0.23990606811758775,0.19568105720226575,6715742.8841003915,0.028777460759820326,0.165811199343338,0.028114167049176755,0.26373340247893806,0.33911285088408427,0.6650604152922039,0.39655555557770333
1,0,1,2,2,4.382674411407537,0.02957658776803742,1.8280220953264916,0.05302541479883925,8.67657840716001,9.822522779328853,0.6333908815011838,129.01455162770384,11736632604.340885,0.000982685492738144,0.3048232112331872,0.3967101086538971,0.2569954466134013,0.19461540001377206,4623656.49209514,0.0330233297900108,0.19302536505888945,0.03187129810529922,0.1906309137494542,0.3417438188851561,0.4805295090571208,0.3967101086538971
1,2,0,1,1,3.0905806461314556,0.07547421167537499,4.325472717228523,0.03644022474444336,2.1921684880556396,1.3751337241259454,0.26069203960605286,66.96803772325158,11422908423.056316,0.0012747926470453722,0.30718065951585316,0.39693576816381687,0.2554728877229017,0.16294828909425416,1163753.2555188122,0.03263319818073917,0.19134427634131201,0.03120640148506747,0.39693576816381687,0.4534675354083335,1.0,0.39693576816381687
5,2,1,1,1,1.844999128910788,0.09691974997347867,2.582320093875127,0.030300149001703185,4.863211128551135,11.325089178110014,0.03787732062687698,124.24776624283768,19989955939.957573,0.0006894990420056033,0.2942155124116454,0.397172491039624,0.2646602834717041,0.21011472958987323,3163110.912674549,0.035022532823661384,0.20904173075631738,0.033864909185189446,1.0,0.36455978757641716,319.29157855815095,0.397172491039624
4,2,1,1,1,3.3575920210587067,0.02413817315120117,4.602807073474919,0.05161126051708462,7.942271752782167,2.710753824063144,0.7918115125309999,98.51350060168257,15489816648.23969,0.0014827859914840402,0.2879988972511631,0.3978148415606641,0.26980837923046536,0.1780536852285171,253568.61403723716,0.0363982807514853,0.215354862293755,0.03497116000976487,0.3978148415606641,0.4533059322640587,1.0,0.3978148415606641
3,1,0,3,0,0.3581799182844301,0.05124909453166621,4.413035285640207,0.02907921095373189,2.222844918185703,4.903834249904025,0.6259973751821415,128.72268173333575,9333051098.216122,0.0005604811205975926,0.30217616131730024,0.3981759529708617,0.2600434482326817,0.21810395091849685,6645701.216545357,0.03381129748437171,0.1935418792771466,0.03300373608085689,0.3981759529708617,0.42160548988451735,1.0,0.3981759529708617
5,2,1,1,1,4.369613495406174,0.024626355435569843,4.635550227163189,0.05198309650383648,8.556999978787625,2.8690210103943583,0.8406840354557857,82.48479154235747,13751048191.492027,0.0012632491806040716,0.27773065427006016,0.3981816833675092,0.27792214272124904,0.1800367699833758,179976.22579956375,0.03862035870738516,0.22968171378160407,0.03695541283249059,0.3981816833675092,0.43354190164882017,1.0,0.3981816833675092
3,1,1,2,1,3.1736244593206386,0.026082601099371636,4.605259254997699,0.00131617701009376,4.519932810862688,11.726771371855762,0.09031671580549512,99.2904278779074,14920754380.973082,0.0,0.22529372840624026,0.39838286497571007,0.3271738630728516,0.2641245015894988,5623356.570861943,0.053521368339006524,0.28266215005173034,0.0508608519397006,0.39838286497571007,0.4900384688305332,1.0,0.39838286497571007
1,0,1,2,0,1.0844517600971815,0.039532774949874366,7.027143928201586,0.07940942173486595,8.873185744105946,5.518681880001527,0.51455784750095,76.19519815162789,12883352539.144587,0.0012248827324467639,0.23043051181351526,0.3985139665657848,0.32034882515706214,0.2629680456993187,4922176.090031894,0.05131168488975499,0.3025512616268661,0.049001767246746514,0.3985139665657848,0.627153707908614,1.0,0.3985139665657848
3,1,0,2,0,2.1681476444667127,0.07676461477646966,1.0083394432742423,0.022894322970722306,6.631622335660723,3.7613758213371926,0.40991202977285934,123.7154182012378,11409035745.400286,0.0005198703484046365,0.31586019514597896,0.3986621492910547,0.25072730466521875,0.20075088740237734,5186079.020953099,0.03143209065234271,0.18356676164483465,0.030528729977009943,0.047274584300692424,0.2734828444153321,0.11858307688543128,0.3986621492910547
2,2,1,1,0,0.856715024144953,0.026287533554922807,1.4147858064808805,0.018931342477363368,3.186932362134607,3.8406424623405373,0.3904159435421609,127.67044453218213,16076119821.983639,0.0013946505962934138,0.2820117048603221,0.39893409110625144,0.2747841955502737,0.21295377448680308,4605468.641226975,0.037753177062105535,0.23039420920792153,0.03635342214369768,0.39893409110625144,0.38576123720288086,1.0,0.39893409110625144
3,0,0,2,0,4.147174643270754,0.08152882887963911,5.974546228857022,0.027457676525653212,2.91947288159298,12.694527439555776,0.8489602603235035,125.1229406033435,14025197011.481346,0.0009056859948359909,0.2949755196157823,0.39938927310752603,0.26548339832002266,0.17185888389066792,3233885.153009505,0.0352407173917739,0.21243975172885743,0.032836847192623746,0.39938927310752603,0.46379809962218577,1.0,0.39938927310752603
5,1,0,2,0,4.225273097674473,0.05403518193534876,2.338271140350098,0.04504734743109084,7.0822718554362325,12.192321229204202,0.6649930513230589,123.92116522390121,18075329399.45512,0.0011691042168544762,0.2917378631299184,0.3995220913674897,0.2679689628466691,0.20738411931089698,3024997.4529877515,0.035903682524559756,0.216241151803793,0.03464994719908381,1.0,0.3463308251798173,18.127338447598856,0.3995220913674897
3,1,1,2,1,0.5430963664750369,0.01560633959853254,6.203175640115882,0.011905084559336945,0.7454620604337341,2.8970290222953725,0.32293283213725005,91.56027962214553,14147651498.684378,0.0,0.32359681402919277,0.3996074604850952,0.24677428758028425,0.1660394504117907,37704.30018542937,0.030448774505378418,0.1676289402865998,0.02959288610499491,0.3996074604850952,0.42855712511220634,1.0,0.3996074604850952
4,2,0,2,0,0.7065498638371313,0.0759172006003035,6.046162135950921,0.041588389179184865,4.548570301026084,8.411187422583438,0.5531668508517656,109.04430974187451,17806090495.07321,0.001289622692725309,0.320726758401482,0.3997038969135015,0.24879173045129807,0.20051785842860817,6176814.700141883,0.030948662570475675,0.16902531794008213,0.030316473820675458,0.3997038969135015,0.4269405289806392,1.0,0.3997038969135015
1,0,0,0,0,4.0069318999664025,0.04981362885017778,6.609883202130272,0.02779140209491847,4.5466083908545905,1.9249622898038554,0.30557776826298083,117.19589053148006,12962548496.308594,0.000753054873761613,0.2813198842278783,0.3997378299928321,0.2766791471204305,0.18446223095023553,838518.4448626178,0.03827567522564442,0.2183615010853136,0.03663460012723524,0.3997378299928321,0.4207385138181239,1.0,0.3997378299928321
3,1,0,2,0,4.240365624240809,0.06507650823715477,3.832886791215709,0.02402683896618887,7.952265885787838,8.07281501141957,0.15354672476621986,107.08179795879808,10785173800.899166,0.0010144245257156788,0.2870147708538822,0.3998213600888334,0.27186111158069726,0.1919970229788318,1474131.838222204,0.036954231994946164,0.21984559455675434,0.03555843565634085,1.0,0.5539090133939251,6.084420453879945,0.3998213600888334
3,1,0,2,0,0.4435446444436589,0.008143415920972313,6.644818898037538,0.005608060364478031,0.47365577015013777,1.476957776565215,0.626388681930452,89.92775484487686,9028938595.995533,0.0,0.3537870970566457,0.3998804818109208,0.22790362457794175,0.1379543367017529,19665.26708221981,0.02597003104788171,0.15191752531556846,0.025012705773475877,0.3998804818109208,0.744807879574511,1.0,0.3998804818109208
2,0,1,2,0,2.0936766708832635,0.08437079984230592,7.037339131739129,0.0318873703597637,6.986171723495865,16.277241038908944,0.2738944205456685,82.47953971675022,9185266019.29191,0.0013845518868990355,0.2763582669134152,0.39992657039454327,0.2798436140207232,0.20720527321739243,4308083.827607262,0.03915622415408976,0.24025401864134066,0.03722545409573195,0.5991074052568005,0.48317748501780805,1.4980435150026603,0.39992657039454327
5,0,1,0,1,3.0353072966210206,0.09593062294021307,1.6647255284687605,0.08456125616884227,8.434602012923767,16.893828123555185,0.19226753895942567,113.99259342027791,16449154269.862411,0.0014832070642759325,0.29557755003623915,0.3999714503178974,0.26561572479692563,0.2272950718735097,6475338.544405884,0.035275856629698066,0.20921705800872026,0.03443615649060513,0.1362643968677262,0.4189232416144987,0.34068530831243893,0.3999714503178974
4,2,1,1,0,2.4821865421371823,0.09686765003805275,9.94779169545826,0.02154849812114852,4.432149094657552,6.667247056439152,0.5405529910583428,107.48217835524667,15584939409.763792,0.0008993696216513342,0.2959665402113785,0.3999827286594024,0.26514036755664344,0.1858934228284044,1344364.1417566051,0.03514970725403599,0.21221123920037688,0.03381565474996525,0.21652884147006266,0.551803290478259,0.5413454780804889,0.3999827286594024
3,1,0,2,0,1.4761009232977027,0.012645759462541862,1.0654371722730172,0.018259086161142864,7.986145482511328,4.111280066201944,0.7239720178813995,120.88297470525534,11420592030.586079,0.0007071617869316416,0.31819523477976347,0.4000870788799694,0.2500080761342264,0.1972325906552779,5287350.530670752,0.03125201906616857,0.183911838322791,0.03027619933050153,0.014674598192095803,0.2850208611822071,0.03667851067116903,0.4000870788799694
3,2,0,2,1,3.4204914260140016,0.06017074837514101,0.4010105758127892,0.006239066156933769,3.271195931074147,14.60047838576577,0.534785090467937,106.40726754856092,11903003604.690664,0.0007282588813126519,0.320054942675548,0.40034122971964375,0.24882344230295517,0.1858199963082093,5934864.264784948,0.030956552719746032,0.18433362323745306,0.029975690970357707,0.40034122971964375,0.2939717772605004,1.0,0.40034122971964375
5,2,1,1,1,4.00631695254689,0.07129739312634067,9.439613348859888,0.03581545958301346,9.395950569848798,8.066458450182159,0.7840120029368964,75.92639469244529,15648292589.017918,0.0007383246147929832,0.26340275141111547,0.40050500675355805,0.2907165555489597,0.1998664916804127,2071929.743681911,0.042258057835125686,0.26264170944005316,0.03968484190666972,0.40050500675355805,0.4493984757646662,1.0,0.40050500675355805
3,1,1,3,1,2.357446022121486,0.010594649017332848,5.446908280862018,0.03980080653956565,4.061406171912876,5.5087372764269125,0.6952941489171854,68.64085985353734,14746339257.060934,0.0008533668520723578,0.31552677482767055,0.4006452369617263,0.2525474779152393,0.16685193529012032,391578.35489502706,0.031890114300674136,0.18020764742978068,0.030681109064185776,0.4006452369617263,1.0755286045273553,1.0,0.4006452369617263
4,0,1,1,0,4.487503751684385,0.031041117003267303,0.20836778314228824,0.08097103351282338,9.76788761295809,3.6966699016487965,0.6051073855680584,72.8123876203752,12317269429.494183,0.0011006027554293705,0.2607144832417142,0.40089912995017213,0.2934553848756613,0.21086654416907966,3146505.2160649747,0.04305803145626125,0.26450054226386055,0.040742530187937914,0.40089912995017213,0.28215481242494994,1.0,0.40089912995017213
2,2,1,1,2,0.6021562768435399,0.05823165855057125,9.902682205804252,0.018373242461717867,7.773103854108273,4.884573622327944,0.25179899644250836,94.96777208529434,11437055660.129301,0.0,0.33739731518992705,0.40092289037602613,0.2396818066036731,0.18977009274040446,8874821.74259948,0.02872368420840028,0.14233985784803016,0.02818319991751189,0.7044554307342993,0.34232737267770813,1.7570845857007307,0.40092289037602613
2,2,1,1,2,0.9652833494793981,0.03137722099819412,7.586774581206923,0.019938083114989263,5.959211873353454,3.509540314812377,0.2807140873066602,102.30506868490609,10671952306.754257,0.0009648199528430008,0.32550206333739645,0.40151337118210567,0.24626217061693778,0.20489886620615322,7261059.672386163,0.03032252833848289,0.17583160031877287,0.02967588537697236,0.11579579538417786,0.43295809007952146,0.28839835406542136,0.40151337118210567
4,2,0,2,0,1.4386089090866612,0.06235517107057992,5.44161391170639,0.052400679031250626,6.105369141204435,7.845860339667019,0.5691327748177925,124.17825132498247,14421772563.376427,0.0005247355852042201,0.28413682224965575,0.4015202287480343,0.2749526621552692,0.20716583260804372,3366518.7702591443,0.037799483213134796,0.23013425637052165,0.03601749469179607,0.4015202287480343,0.38584346802114367,1.0,0.4015202287480343
4,2,0,2,0,1.3644311925227424,0.06554817874129094,5.2560581391544385,0.05273067924262359,5.884834552340579,7.932674459000575,0.5822567728016159,122.97666273817127,14256606061.927368,0.0005373607589595276,0.2862008498668778,0.40157423355878497,0.2734199021379538,0.20679215301804132,3474164.8667686046,0.03737922144256412,0.22731512240109364,0.035651097813768545,0.40157423355878497,0.3856662359807213,1.0,0.40157423355878497
3,1,0,2,0,0.41065290507987845,0.07757993106221167,5.174478914639404,0.02227326015905491,1.15972741300977,7.142755928764301,0.24834373057537468,118.68864157765982,10922201741.514696,0.001243784137483508,0.3163357986181941,0.4018127596492644,0.2527265234562661,0.21620075682859932,7219189.345719671,0.03193534782914531,0.18096298715305537,0.03130153478428524,0.20021660570970362,0.41468826533708175,0.49828334442258465,0.4018127596492644
3,1,0,2,0,0.43282568744256444,0.08315882335776009,1.2549810351071493,0.008149428728208782,2.385201160099303,6.94576832848036,0.42870257389273775,118.084520322758,9868085268.178555,0.0,0.30899754382558725,0.40193894418513265,0.2572699565108201,0.20299158746780874,4775880.889822672,0.03309391526153963,0.19802781287155535,0.03192894333806561,0.40193894418513265,0.28552902539201486,1.0,0.40193894418513265
1,0,0,1,0,1.4530282601992142,0.008258842147280456,9.104488638067611,0.08145089903892676,9.936242548490375,12.552670376079206,0.034061797538709845,106.8458829297434,17146957424.223303,0.0008211472274149051,0.31027221739188254,0.40195949173755546,0.2568623669905633,0.15939270141933748,861766.45784185,0.03298913778799741,0.18877096543324778,0.031485880388658745,0.40195949173755546,0.46186103220335395,1.0,0.40195949173755546
4,2,0,2,0,0.7163585126195188,0.07042063889864565,8.237389928844369,0.05802359937500988,6.541010888892196,4.4171544248224786,0.8057516064056919,127.34177298287153,12919497306.606266,0.0010535429412956284,0.3050540167205746,0.40199391193805656,0.2601780897386279,0.20222687050958513,5028253.80201323,0.033846319190020756,0.2002981052409064,0.032629860059681916,1.0,0.420738456818371,21.630131217613556,0.40199391193805656
3,1,0,2,1,3.0071161111506903,0.0749430351596409,0.16830518119105378,0.0011944832071264385,1.881647447557228,6.146347705782952,0.48638911308553484,124.31654485030626,9162873625.262262,0.0006784692826616466,0.3143299431318463,0.40292730836841034,0.25443219415222307,0.193008406949732,5013422.264351216,0.032367870710557266,0.1903515702355868,0.031203456287746633,0.08955958840478515,0.27140449421926965,0.22227232194174767,0.40292730836841034
1,2,0,1,1,3.290303129884188,0.07562366240666624,4.603854111496687,0.03634356307607386,2.0627117686623477,1.511196803773508,0.25484327776920845,67.35176686681977,11256437932.011839,0.0012865218753680683,0.31106906885067576,0.40334439598403615,0.2569639988352686,0.16415646681314128,1122175.81646778,0.03301524834870596,0.19356936990239748,0.03156266624339257,0.40334439598403615,0.4590815159383331,1.0,0.40334439598403615
0,0,1,2,2,4.292868132211272,0.036255735353936794,2.915150584277147,0.07186752320120372,0.18872479701835354,9.876515744436963,0.42656688369524065,99.6892721298532,11077656564.329706,0.001204388505430402,0.22877346385476105,0.40367556275655914,0.3275806741074692,0.2626596685677807,5756858.38082769,0.05365454902435197,0.2878146459273845,0.050566241447315696,0.6114021382113123,0.6957356911385021,1.5145879379872813,0.40367556275655914
2,1,0,1,0,0.5018998160129357,0.06204304072056124,3.377724153406745,0.02966905518170942,9.462510622510065,2.9516840133571747,0.36985721834200475,89.39677138843766,14225987081.548107,0.000777402803356155,0.3309226039932639,0.4037738224373917,0.24400710293977276,0.19072897503981648,6154462.362444238,0.02976973314253043,0.17617928385804682,0.028968095777805767,0.4037738224373917,0.36179671286925363,1.0,0.4037738224373917
1,2,0,2,2,1.0142355299654917,0.03667334520420546,8.925606700365233,0.02337148540036956,3.9912959960807854,1.5258533835713182,0.11578564052494322,94.81233263517831,12970883809.071722,0.0014958026158809635,0.2944889244422491,0.4039552995025297,0.2701714515603361,0.2377786642694183,7910712.698473776,0.03649630661910952,0.19608286599351188,0.03578981076578597,0.4039552995025297,0.6698410454024702,1.0,0.4039552995025297
4,0,1,3,1,4.532787410423534,0.03560058953448658,6.305258243931173,0.05538010091134217,6.444882902946565,10.528090352616305,0.8158934362034165,93.76699697994957,13345494336.648027,0.0012789038065057743,0.2718075473790251,0.40470714840505895,0.2899067526887248,0.2628970716668806,8286707.73618108,0.04202296262726072,0.20018252096551747,0.041153863305480744,0.08304766941318271,0.6341418332527029,0.2052043551503144,0.40470714840505895
1,1,1,0,1,0.3138677690540559,0.03927274941499863,5.822646620172585,0.08857557733020627,5.1946248122169605,1.174716639140319,0.3095959883944606,129.0937307811579,12937887154.823875,0.0006897191547589175,0.2962076100926849,0.4048503139803429,0.269101876239019,0.17249821914812008,1106883.3535623227,0.03620790989768015,0.20192045224944954,0.034563867526348456,0.4048503139803429,0.3837260422097746,1.0,0.4048503139803429
4,1,1,1,1,0.4505110790592928,0.028411894252650127,8.575690711102975,0.0403134082873179,7.8837096640745905,1.6857776928237196,0.4377569270241922,97.43573600306019,9167255175.468489,0.0008524963259340899,0.3092571805035232,0.40495670570411224,0.2590620471614403,0.21375256525727734,5970593.815745411,0.03355657213973817,0.20059144137677565,0.03261946473268733,0.3369867406512421,0.4102264789411866,0.8321549832476823,0.40495670570411224
5,2,1,1,1,4.668787351945872,0.043669341879775274,8.161693799634714,0.03570587218554041,9.951999242791056,16.53884765411242,0.35468972727229686,105.68782418532467,17083972080.209827,0.0006877257748371133,0.2599904676380963,0.405299056914066,0.2970244314906076,0.2099651678291164,3470848.5747709614,0.04411175645115931,0.27578506590436036,0.04150941479375237,0.405299056914066,0.4346254810212317,1.0,0.405299056914066
5,0,1,1,1,0.11252702070029402,0.010496568543878157,3.3665685620738115,0.0043968229005833985,0.1348589315176091,1.4906874340314056,0.4946838313667526,76.48990537185382,18075041784.24077,0.0,0.29038292255476905,0.4053207626926765,0.27276192035974983,0.1814027437376677,67203.9479123505,0.037199532599169256,0.22678781880261578,0.03576545945372993,0.4053207626926765,1.0615949551533377,1.0,0.4053207626926765
3,1,1,2,1,2.8473114611164707,0.010967127024036108,4.404419228818126,0.023073134968851522,5.2252469265344015,9.495134703982819,0.26215846237359464,85.88556413620852,16465796592.170874,0.001454385083066967,0.2870783315974277,0.4053880836700546,0.27536216521619816,0.19085441685653623,8856376.37866031,0.037912161016276404,0.2303649312229452,0.03633675398731418,1.0,0.6984517084418772,26.912063505774334,0.4053880836700546
3,1,1,2,1,2.8473114611164707,0.010967127024036108,4.404419228818126,0.023073134968851522,5.2252469265344015,9.495134703982819,0.26215846237359464,85.88556413620852,16465796592.170874,0.001454385083066967,0.2870783315974277,0.4053880836700546,0.27536216521619816,0.19085441685653623,8856376.37866031,0.037912161016276404,0.2303649312229452,0.03633675398731418,0.4053880836700546,0.6984517084418772,1.0,0.4053880836700546
1,2,0,1,1,3.2798521849670537,0.07544890045833075,4.5786294874726305,0.03560153021767659,2.0601096564616377,1.652895703176954,0.25236641430112505,67.0724078635781,11219092623.038668,0.0012886953673493034,0.31276841391017146,0.4057513436378653,0.2573515168858525,0.16438095067018263,1104792.411341247,0.03311490162172461,0.19414080975857528,0.03165770593863484,0.4057513436378653,0.4594059426520289,1.0,0.4057513436378653
1,0,0,0,1,1.384127725895741,0.03009368978883385,9.795076946933932,0.008247583098953244,0.3623800536556683,7.681088580636226,0.37429182485000684,72.16947681189146,13539748118.45531,0.0,0.30931545496173124,0.405791070171113,0.25950841382148604,0.17417635666439793,948675.8366092403,0.03367230842207182,0.2023170184521862,0.03239605850436761,0.405791070171113,0.3559864751774944,1.0,0.405791070171113
3,1,0,2,1,3.279050281402387,0.0823245230370338,6.458603009941494,0.0780949823033132,4.80147074973731,6.344660184340562,0.037942768405901266,75.32135488758423,19461117606.19079,0.0005288430567610687,0.2907785624674144,0.4063509689552791,0.273240497726591,0.19581698090187333,4065637.2503996193,0.037330184798937585,0.2260512658825945,0.03512927197498045,1.0,0.44037488859120855,2.7676570781424243,0.4063509689552791
3,0,0,2,0,1.024341121778717,0.024263469632007748,8.348027123963414,0.020244732881989205,3.8160913653127486,9.348404812365828,0.7789583351125138,110.95686402121902,12343656308.73841,0.0010864088109521087,0.2534280462382211,0.40663423884297417,0.3045699525656332,0.22778667881004164,2950751.905389951,0.046381428002916024,0.2752173824263643,0.04412699890727842,0.40663423884297417,0.6513937409140877,1.0,0.40663423884297417
3,0,0,2,0,2.133213068817369,0.024439647246814314,8.48633512967842,0.021058210540255834,9.363101812812836,9.349051607992243,0.7992141178618273,112.80669752965429,17150508705.100883,0.0014112620744952205,0.27273349643663414,0.40669007230875015,0.28738145328440345,0.20643000664400032,4243488.251706746,0.041294049845927876,0.2559951841171,0.03883533430909301,0.40669007230875015,0.5154070153058894,1.0,0.40669007230875015
4,2,1,1,0,2.6676013686172455,0.09687550728798207,5.306003658045454,0.054927259892232,1.1126939773678148,17.862345486113426,0.6604123883425538,83.10900658194667,9998676022.316957,0.0007016413732924802,0.31337715304248487,0.40686494459110123,0.2585598762630694,0.21528098533162113,4352532.259895531,0.03342660480658688,0.1789099812027074,0.03252371165155755,0.40686494459110123,0.4386145871807108,1.0,0.40686494459110123
4,2,1,1,0,2.6676013686172455,0.09687550728798207,5.306003658045454,0.054927259892232,1.1126939773678148,17.862345486113426,0.6604123883425538,83.10900658194667,9998676022.316957,0.0007016413732924802,0.31337715304248487,0.40686494459110123,0.2585598762630694,0.21528098533162113,4352532.259895531,0.03342660480658688,0.1789099812027074,0.03252371165155755,0.40686494459110123,0.4386145871807108,1.0,0.40686494459110123
5,2,1,1,1,2.3295193061562562,0.04660986212372054,5.762076459427857,0.02509591562997409,9.848593641675569,15.728450267259694,0.7544336779839409,99.53461228565465,19077508778.87762,0.0010669595188543852,0.28298781578206134,0.40697358651886534,0.2796358049469473,0.21794874242526172,3396163.77603284,0.039098091704163576,0.2372455364876972,0.03765443817877495,1.0,0.43354233211858534,118.27669600818118,0.40697358651886534
2,1,0,1,0,0.6127932145780074,0.056043328771789046,7.348873682437034,0.01703545937919878,7.779576817966571,6.2515360316995565,0.48403532747497746,81.12087456761007,15221731852.14305,0.0,0.32968643286820903,0.4071674605927341,0.24834949529665196,0.20250497061433761,8484349.51336692,0.030838735907050874,0.15549381028993103,0.030209386617358606,0.5624323275879157,0.34715103636767175,1.3813292613539272,0.4071674605927341
4,1,0,2,0,4.918663403422653,0.03416954425114795,0.675908310843797,0.0015976118588621646,3.378850726729432,3.0969971851758977,0.5638789495391928,118.72881791482475,9295337774.108198,0.0,0.34109335445974764,0.40724503400489276,0.23987193072252966,0.15164673700488374,322651.1784352434,0.028769271574277035,0.16862796796292823,0.027638529460447987,1.0,2.2207757294051027,334.7093208630035,0.40724503400489276
3,1,0,2,0,3.588664445326711,0.019880757013465634,0.3624714351691462,0.02268923442739666,0.204198807784643,2.5945882601120234,0.5420362482157168,118.37320067510453,13309828120.009975,0.0005451109751083955,0.3097625764199919,0.40759094751415426,0.26440397795465476,0.22669870598240327,9458726.432372898,0.034954731779122776,0.13391644235854872,0.03428140261450901,0.40759094751415426,0.27462776002252265,1.0,0.40759094751415426
4,1,0,1,2,1.6242590163855886,0.08916028266519602,9.758444546586192,0.0921650630377668,1.0187769183716755,2.8258894186442753,0.12933916323173233,61.93704946538877,17217675814.44352,0.0006651685020412229,0.29701062939308365,0.40807269907641625,0.27263673322083537,0.22328249031255618,6222520.529848003,0.03716539415066448,0.17031655845522364,0.03602740847882589,0.430450692442978,0.3966823909628881,1.0548382516576322,0.40807269907641625
2,0,0,1,0,0.12941741751654776,0.07135400607471572,8.128000602314302,0.009574160410214498,9.016824845634739,5.019021874773756,0.21689696385320203,83.79541844394652,15614887593.551693,0.0,0.28281010292607234,0.4082861289779846,0.28050905377224233,0.1886513748892228,2032715.5869716234,0.03934266462409937,0.241943497290107,0.03688252943002964,0.4082861289779846,0.44000396424942584,1.0,0.4082861289779846
2,1,0,1,2,0.4246516446368161,0.09320259349960391,7.455489483787991,0.07863968079660232,6.719890068349727,2.9853533897647773,0.1730636551499794,66.56019119663064,17512902518.520046,0.000941110340890849,0.3162134187688193,0.4082945846461099,0.25640328170114834,0.20598653916159326,6250035.959939352,0.03287132143355922,0.19692998002538098,0.03189190663435392,0.4082945846461099,0.42648768808519355,1.0,0.4082945846461099
3,1,1,2,0,0.359713172127655,0.07777113010362754,5.361801606780556,0.020431664742967117,1.3757017316204772,7.725033188558932,0.2284575687389938,119.60546265605987,10765814121.84626,0.0012558108352711966,0.27970231937446316,0.4083893628059467,0.2834903355946148,0.20851380133254685,1918760.3836357957,0.04018338518777365,0.23853561165517123,0.03857146632481046,0.4083893628059467,0.5891707221641072,1.0,0.4083893628059467
3,0,0,2,0,0.6390113026614676,0.02794755396260154,8.107062002556273,0.007836266227503282,3.224212986862332,2.1388923809009324,0.7320356772326279,105.68295203278022,11428098716.03433,0.0,0.30749432627741596,0.40845271934870714,0.2624808385109997,0.21155897827909464,5272443.794816877,0.03444809529271874,0.207642911662123,0.0333089588773393,0.01892786599345141,0.4008957724687611,0.04634040880822776,0.40845271934870714
5,0,0,1,0,0.13377714581347122,0.06813690109045417,5.504435237920611,0.01718853094374349,7.713377389100083,2.8865020983446357,0.4476043795134259,119.91586908479519,15989172945.763918,0.0,0.28087263268350826,0.40855608857557807,0.2822431667980138,0.19019699635805218,2087558.2453036262,0.03983060260208572,0.2445843660865633,0.037345858234246763,0.40855608857557807,0.4515825999004211,1.0,0.40855608857557807
3,0,0,2,0,2.5521663896604623,0.06153393142456165,6.826008734612265,0.00330238522647221,8.12559466028362,7.942474577203745,0.4269405637081351,99.67833809300838,12473821646.94852,0.0,0.30556253106302866,0.4086570354797864,0.2643134431713154,0.1844569137907561,2595042.6580357724,0.03493079812053808,0.20432890503157464,0.033352738258329594,0.6535189057139538,0.4440770693163219,1.5991867237687116,0.4086570354797864
3,0,1,2,0,0.6398305096060708,0.027966741774794107,8.10602380084743,0.007807147689390639,3.2179359291315968,2.1449828380738385,0.7321073723834775,105.68124573786191,11429196516.34881,0.0,0.30749639335463413,0.4092942777908646,0.2630248717987747,0.21185919111250692,5241330.04142551,0.03459104159238093,0.2085498714534636,0.03343447994707205,0.4092942777908646,0.40084141029431386,1.0,0.4092942777908646
5,2,1,1,1,0.6704193795886192,0.046646325284121756,9.683941793367945,0.04255995589441277,3.321222675406594,4.034521301846766,0.7066580381163485,108.81366223837486,10127880989.156786,0.0010450583545212784,0.3153166493180704,0.40961764956008795,0.25844192866194665,0.21923383672467156,5624981.23770959,0.033396115245253356,0.18916415086778882,0.032532406952568184,0.40961764956008795,0.4633595310911767,1.0,0.40961764956008795
5,1,0,2,0,2.438388779700865,0.006319093401020016,9.72255153676627,0.08808145283259634,7.294908980151931,12.189906770864457,0.6772532329307794,91.00686840894069,12464532095.594576,0.001292366783879066,0.32236022785450424,0.40987856178852694,0.2534424626038049,0.16811970963080156,339959.39812326763,0.03211654092534052,0.18924045999956263,0.030966770910648794,0.40987856178852694,1.003591710080823,1.0,0.40987856178852694
1,1,0,3,0,3.63914377657258,0.09845415207902412,9.493185343730168,0.018079267869862345,1.4137725584356917,4.552660626607636,0.10986368396655437,93.13356629089441,18850735167.225746,0.0,0.31363708611152796,0.41008271765364385,0.2593876844449191,0.16730960794333685,1228347.7236478275,0.033640985420848465,0.20016647450125846,0.03215260253847302,0.011967001362476483,0.3961183816680914,0.029181920737717654,0.41008271765364385
1,2,0,2,0,3.1887990497261742,0.07395504627894275,8.995645133346784,0.04838565470254452,5.722829673079891,2.2996883129740078,0.8183263591043869,88.45816723615336,17571467470.398533,0.001042037778514624,0.2901007421139018,0.4101194553315633,0.2770872305751375,0.1812269932588017,1070012.5401496086,0.03838866667389971,0.21761156190867637,0.03663099659297321,0.4101194553315633,0.4189934681654028,1.0,0.4101194553315633
3,1,0,0,0,1.0368201374166115,0.020096207244362833,3.1325494524497226,0.03832928051112832,9.051738568294933,5.192952462055857,0.8030806311624049,80.28583962288323,13083350655.26744,0.0013108188207752302,0.23607852949902455,0.41031600263197243,0.32340616474363953,0.26271667183917957,4818316.292237853,0.05229577369709505,0.3181870642866125,0.04998103034989055,0.41031600263197243,0.5316124604771549,1.0,0.41031600263197243
1,0,1,2,0,1.5971818678265837,0.039532774949874366,7.027143928201586,0.07817124825161044,4.558206435341579,5.699137742203573,0.5444609191192228,76.19519815162789,12751888232.085005,0.0012248827324467639,0.24032822733810677,0.4103215205528898,0.31976928500597684,0.261953791499921,4655372.539442767,0.05112619781661682,0.30078815091823474,0.04884312472672307,0.4103215205528898,0.6254418272423083,1.0,0.4103215205528898
4,0,1,3,1,1.0473540021877497,0.021913892854572337,8.512645957279412,0.06326589310115015,6.055771076558467,1.6839107452152875,0.1490738606489902,128.00182925701054,16157202899.286283,0.0006633176391879546,0.25387385326329126,0.41032968700628863,0.3058948825019662,0.18326897981954446,160051.65458085618,0.04678583957044586,0.29681033804125356,0.04340412823239531,0.41032968700628863,1.1232094460420838,1.0,0.41032968700628863
3,0,0,2,1,3.4787790444650493,0.08089804027985237,0.436757381149674,0.019570853001991486,8.463309228955469,6.962922615569844,0.05760098307596783,78.14446635530105,11285497825.725576,0.0006770527138177145,0.27398186545943515,0.4103824670369724,0.2889420095819207,0.21306515418268343,3719767.457068749,0.041743742450619375,0.2589228850565468,0.03956453352328876,0.4103824670369724,0.3199907489733855,1.0,0.4103824670369724
3,1,0,2,0,0.2653194303595202,0.05330420666970182,4.3839149003096,0.029168966180034252,2.541734036081544,4.887934208026621,0.6447090723042591,129.21903909700234,9337583618.535841,0.0005765021183637303,0.3385391591191875,0.41057878082804705,0.24371508153810792,0.2021250705393819,7003715.585760721,0.0296985204845633,0.1698159503927047,0.02904475730343593,0.006599185110086566,0.34501631702604724,0.016072883982892302,0.41057878082804705
3,1,0,2,0,0.2653194303595202,0.05330420666970182,4.3839149003096,0.029168966180034252,2.541734036081544,4.887934208026621,0.6447090723042591,129.21903909700234,9337583618.535841,0.0005765021183637303,0.3385391591191875,0.41057878082804705,0.24371508153810792,0.2021250705393819,7003715.585760721,0.0296985204845633,0.1698159503927047,0.02904475730343593,0.006599185110086566,0.34501631702604724,0.016072883982892302,0.41057878082804705
3,1,0,2,0,0.26515580932358346,0.05329988419099622,4.382470875134522,0.02918530289075854,2.5383837833914336,4.886363613204018,0.6445618616543207,129.22807869520165,9339495382.207886,0.00057635926982736,0.3385747257645882,0.4106180892590333,0.2437166694886021,0.20212311236745925,7006753.150552066,0.029698907493308255,0.16982151263762557,0.029045526462955523,0.006247540492765595,0.3449850437328206,0.015214966549669983,0.4106180892590333
3,1,0,2,0,0.26515580932358346,0.05329988419099622,4.382470875134522,0.02918530289075854,2.5383837833914336,4.886363613204018,0.6445618616543207,129.22807869520165,9339495382.207886,0.00057635926982736,0.3385747257645882,0.4106180892590333,0.2437166694886021,0.20212311236745925,7006753.150552066,0.029698907493308255,0.16982151263762557,0.029045526462955523,0.006247540492765595,0.3449850437328206,0.015214966549669983,0.4106180892590333
3,1,1,2,0,0.50395498791229,0.060443556090391946,9.748309298729124,0.02025107598636932,5.804187147633599,4.64939541074556,0.7794473952008584,99.89855884723545,11284687035.938404,0.0005945514113035459,0.3306401367202496,0.4106285780440702,0.24997841420355754,0.20650348516224093,8293301.607044843,0.03124460378386269,0.15613556743536172,0.030630999285994453,0.4106285780440702,0.37672578933991224,1.0,0.4106285780440702
3,1,1,2,0,0.50395498791229,0.060443556090391946,9.748309298729124,0.02025107598636932,5.804187147633599,4.64939541074556,0.7794473952008584,99.89855884723545,11284687035.938404,0.0005945514113035459,0.3306401367202496,0.4106285780440702,0.24997841420355754,0.20650348516224093,8293301.607044843,0.03124460378386269,0.15613556743536172,0.030630999285994453,0.4106285780440702,0.37672578933991224,1.0,0.4106285780440702
2,0,1,2,2,2.0923301492631325,0.025523548507310746,2.918889928847147,0.01966039037496224,3.014237509990423,13.715710657791192,0.22428323364285913,110.2894943810155,14117609796.345984,0.0005043947013043821,0.29586146650427475,0.41077278405895906,0.27232354750117566,0.21034372630407164,5038444.1278330535,0.03708005726181254,0.22589826766775245,0.035391585891194205,0.41077278405895906,0.36841897697361675,1.0,0.41077278405895906
3,1,0,2,0,1.2624228332847995,0.016429247309658706,7.821046220061188,0.04819479202855266,4.817571075822317,6.93057644863738,0.24230444538145157,126.03068705618901,14778650633.16452,0.0005658463515604282,0.3181226252685888,0.41083154446620274,0.2570511913001433,0.17185861137630623,2097524.0528713553,0.03303765747441143,0.19178115768492476,0.03182261845229529,1.0,0.703360043335159,2.5908918461526853,0.41083154446620274
1,1,0,2,0,3.2410244475162453,0.09853881420314292,2.524904341296711,0.007319370768376901,4.104630573457547,11.22847669816483,0.7242871988379899,128.87954929931922,16135014908.35485,0.0,0.31862931691113794,0.41107374693031323,0.2570681242706959,0.16086160031576643,779581.3086978832,0.03304201025802698,0.18792879172872856,0.031587572011791826,0.41107374693031323,0.31235726224295723,1.0,0.41107374693031323
3,1,0,2,0,0.3696896913966502,0.07383086704527493,4.9700612925735,0.022037144813008794,1.4175015060587994,6.470148392648155,0.2600385231060894,118.23550597394848,11618098365.231607,0.0005894076885412738,0.3369012358652009,0.4111555640365192,0.24564352770911077,0.19843859804239306,7890164.573984412,0.030170371352688338,0.16234892754386587,0.02957255550380721,0.4111555640365192,0.3563979500590707,1.0,0.4111555640365192
1,1,0,2,0,4.437424785952347,0.07021415687492147,1.4305595023612856,0.012208840950845772,4.462385535031574,2.4955979987329613,0.29859640492330086,128.85572111631933,11565648908.991825,0.0,0.3015495719807425,0.4111648102970815,0.2693515735428759,0.17727933698052564,793969.6424703577,0.03627513508501165,0.20292520894122712,0.0347004748485165,1.0,0.2676512384821599,5.873798712802451,0.4111648102970815
1,1,1,0,1,0.29821891995218214,0.03836254383729036,5.840522895377713,0.09150923673587276,5.413666605959418,1.3919785313917117,0.3150633871330622,128.75806886862392,12979981131.2823,0.0006865342362822062,0.3024577518597181,0.4114161259293776,0.26896555780581743,0.17240355553983563,1015741.034235764,0.03617123564289726,0.20025236182388362,0.034555954649486666,0.4114161259293776,0.38370016517037653,1.0,0.4114161259293776
3,0,0,1,1,2.949258877273923,0.009816188959056154,8.56637326317504,0.07370798502931392,2.7984154947541935,5.4933265975862415,0.7278772351987695,81.1271315849844,10714419474.141228,0.0005149067061270612,0.2796517395774679,0.4117825882516151,0.2854042156885464,0.16816160300650154,299400.2556617853,0.040727783166397157,0.25091095264858954,0.03771932533664523,1.0,0.6524178045878376,5.094157643590471,0.4117825882516151
1,2,0,1,0,4.888307190655632,0.07437892949249002,8.425428425958492,0.012493807331302665,8.393785904418204,7.225015753539819,0.5924520215999719,77.34831425994194,18146616279.142097,0.0,0.2953686268085748,0.41200799613131356,0.2744886007209717,0.17849084857630954,794194.8521003125,0.037671995962878506,0.21108171436215362,0.03603872510953587,0.41200799613131356,0.3229711050459204,1.0,0.41200799613131356
4,1,1,1,1,3.9349490802805365,0.059177482090039035,7.351470022295369,0.05333293142957943,4.959051874799397,1.1103769308029785,0.1762243770934576,81.51911775143464,12890812586.095215,0.0012772430164288838,0.32105643093266734,0.4121837833880701,0.2560389954605781,0.2072115998236457,7142749.9017190905,0.032777983598230975,0.18814092377515335,0.03181414564606653,1.0,0.48442197459519476,4.480908949473862,0.4121837833880701
3,1,0,2,0,0.2612167482269898,0.053305001873738475,4.369596021740829,0.029034324297087903,2.5882482428322695,4.897326910082393,0.6443219584665126,129.26296185252036,9321127036.493176,0.0005768411517604293,0.33938346472353975,0.4122474954834794,0.24422158782160544,0.20262782939841192,7028368.729291286,0.029822091979053066,0.17023147348180168,0.029164733525322954,0.4122474954834794,0.34439483084709555,1.0,0.4122474954834794
3,1,0,2,0,0.2611629879083332,0.05329645963719303,4.370077171886768,0.029050632982039557,2.586831842981622,4.8965317781434985,0.6443902345076462,129.25955418047477,9321401415.006903,0.0005767841162933836,0.33945096202328995,0.41238947284374156,0.24426636886652825,0.20265018389975184,7031579.616679029,0.02983302947961942,0.17028661206423779,0.029175529771475136,0.41238947284374156,0.3444077698064164,1.0,0.41238947284374156
3,1,0,2,0,0.2611629879083332,0.05329645963719303,4.370077171886768,0.029050632982039557,2.586831842981622,4.8965317781434985,0.6443902345076462,129.25955418047477,9321401415.006903,0.0005767841162933836,0.33945096202328995,0.41238947284374156,0.24426636886652825,0.20265018389975184,7031579.616679029,0.02983302947961942,0.17028661206423779,0.029175529771475136,0.006872484694611799,0.3444077698064164,0.016665034262928074,0.41238947284374156
2,0,1,0,1,0.35659599883398974,0.00994434679562723,2.7568835740563102,0.026064910761617252,6.758838312953103,4.059940301758463,0.7721688660519851,83.56050306783983,19873256721.95706,0.0013986192175360047,0.3472358120727579,0.4127986066452922,0.23940352484927316,0.16124857122325373,261794.12661070406,0.028657023855128274,0.16924670614668047,0.027577155654126006,0.4127986066452922,0.705466292405531,1.0,0.4127986066452922
3,1,1,2,0,0.22652786988805254,0.0733083193542318,8.531967835370734,0.016008889594750855,0.44574228880468636,5.685824741136635,0.435807122142328,116.65383398517724,10897057043.480381,0.0,0.3442534222458536,0.41287702496698103,0.2412567441972045,0.1968649028156017,6346773.0358100245,0.02910240831031768,0.1721432707637105,0.028433630459917588,1.0,0.3223892893381827,2.69929495002129,0.41287702496698103
4,2,1,1,0,1.315684347153608,0.008154502499267644,2.0393165561672078,0.02336186119147738,8.916119977956624,1.7116474709200702,0.8077355827861256,106.18931145093559,14572630193.772255,0.0006099194194782098,0.30922906009064477,0.4131559170746751,0.2648913882180661,0.1788450834461085,741688.9081870846,0.035083723776047106,0.20051233259018908,0.03376868874875233,1.0,1.181633637547096,12.513404896996613,0.4131559170746751
3,1,1,3,1,2.573023406619312,0.09742041329870614,8.767064143443642,0.03994283898206786,9.353169551893915,6.411503270603163,0.14852039957491475,128.02186918334817,19034765715.81242,0.000809068036591947,0.28796645879040317,0.41320769844449046,0.28087062004286406,0.20729304965324893,2021771.8359535956,0.03944415260163146,0.22309067593915743,0.038008784516716944,0.41320769844449046,0.5280863236875488,1.0,0.41320769844449046
4,2,1,1,0,1.558461056601904,0.015488988704487618,8.580068898175263,0.09703375342231127,7.790517905719307,1.9086357882540215,0.6925626810917718,63.114831083752,11891813721.372103,0.0010177101221825009,0.26519424378736894,0.41325379138683715,0.29842629817872834,0.1918627703345617,168404.24148913476,0.044529127722329635,0.2750293556843384,0.04213023587941356,0.41325379138683715,0.9066714285859517,1.0,0.41325379138683715
2,0,1,2,2,2.0689886650267417,0.04752872768466341,7.323053264395237,0.020629942796524713,2.6938085792826705,13.59220507015229,0.25209321660743306,109.75747245897259,10989191520.958504,0.0010470140140046852,0.3103551114022322,0.4138724490081741,0.26466642560376813,0.2084863645749546,6975211.751721417,0.03502415842093746,0.19814873621680662,0.033748833379390275,0.4138724490081741,0.4965976305684467,1.0,0.4138724490081741
3,0,0,2,0,4.735594366619414,0.09258356392077667,3.4596086518587352,0.002559622469467125,5.710553782126383,8.440347150665287,0.3049340744560615,120.10427001005147,11488388195.731077,0.0,0.3103281142231713,0.41388575164481706,0.2641128648711799,0.1739244745078701,1714972.467658134,0.034877802695231074,0.20822650950601773,0.033115186302812565,0.41388575164481706,0.47075871528219587,1.0,0.41388575164481706
5,1,0,2,0,1.7998746661487977,0.0061262175111713125,1.713115881265828,0.009821432356687906,3.3041351524010913,9.689486908804653,0.5682543912312651,112.11519149458675,13564226578.487415,0.0,0.3225509912511822,0.41401135659504096,0.25578067137592553,0.17363093394825926,1249353.6959236534,0.03271187592475961,0.1954171497582744,0.03164231065938926,0.41401135659504096,0.7670051518099554,1.0,0.41401135659504096
1,0,1,1,2,2.976409959123667,0.02892426370653698,5.165397403007156,0.008255433323661469,2.5532000677144047,19.035294276679664,0.7055730259714357,75.61904037810417,15982837690.78577,0.0,0.3045027078195027,0.41405600663690406,0.2687085901966543,0.17451005160058577,583359.8013769271,0.03610215322273674,0.20943606316430508,0.03461952854931655,0.2717985511337855,0.30739452561917174,0.656429436542705,0.41405600663690406
1,0,0,1,0,2.165596057328084,0.09992628264176998,8.261084919889312,0.08013795346047106,6.2126414489637565,12.51957186331898,0.13381580201722545,99.71529928043104,9249733431.362106,0.0008925882343423648,0.2701009186156116,0.4140748673587229,0.29474280218311716,0.2352102089251351,2785508.6854546815,0.04343665971937807,0.2699152978833418,0.04194300702613867,0.320890681315568,0.6377434618824563,0.7749581213717393,0.4140748673587229
2,2,0,2,1,0.31033942943395204,0.0676589588220193,7.747901792538382,0.05636906416934743,2.3165020763686335,4.209296095480948,0.5413857071717747,64.19390601281832,13177390116.003773,0.000915697145991779,0.31971762091379763,0.4141002569470799,0.25812387368515227,0.21446386046376018,7369119.24187846,0.03331396708311422,0.19194418749291642,0.03254398284795333,0.4141002569470799,0.41216832002766896,1.0,0.4141002569470799
5,1,0,2,0,1.474673934491101,0.0061262175111713125,1.2953792054945563,0.010287424189515516,3.3467357603131984,9.689486908804653,0.5682543912312651,112.9587453978944,13564226578.487415,0.0,0.31798353410447666,0.41456482401369427,0.25920007706099735,0.17218601900365899,1601483.818491264,0.03359233997421348,0.20112754356092588,0.03236178092190858,0.41456482401369427,0.7502707061382621,1.0,0.41456482401369427
5,1,0,2,0,1.474673934491101,0.0061262175111713125,1.2953792054945563,0.010287424189515516,3.3467357603131984,9.689486908804653,0.5682543912312651,112.9587453978944,13564226578.487415,0.0,0.31798353410447666,0.41456482401369427,0.25920007706099735,0.17218601900365899,1601483.818491264,0.03359233997421348,0.20112754356092588,0.03236178092190858,0.41456482401369427,0.7502707061382621,1.0,0.41456482401369427
2,2,1,1,2,0.8909710241174741,0.03132339606814202,7.6433187097125295,0.020555877970023565,6.024850387611676,3.607944350215022,0.2897753463596651,103.94860468318518,10600159427.731035,0.000992537946303514,0.33278994766693076,0.414740024505424,0.24985064081310557,0.2078921757020324,7553998.159017532,0.031212671357359747,0.18000665346789457,0.030548768682558906,0.414740024505424,0.4354579300979209,1.0,0.414740024505424
2,2,1,1,2,0.8909710241174741,0.03132339606814202,7.6433187097125295,0.020555877970023565,6.024850387611676,3.607944350215022,0.2897753463596651,103.94860468318518,10600159427.731035,0.000992537946303514,0.33278994766693076,0.414740024505424,0.24985064081310557,0.2078921757020324,7553998.159017532,0.031212671357359747,0.18000665346789457,0.030548768682558906,0.10020592516960954,0.4354579300979209,0.24161141739118316,0.414740024505424
2,2,1,1,2,0.8909710241174741,0.03132339606814202,7.6433187097125295,0.020555877970023565,6.024850387611676,3.607944350215022,0.2897753463596651,103.94860468318518,10600159427.731035,0.000992537946303514,0.33278994766693076,0.414740024505424,0.24985064081310557,0.2078921757020324,7553998.159017532,0.031212671357359747,0.18000665346789457,0.030548768682558906,0.10020592516960954,0.4354579300979209,0.24161141739118316,0.414740024505424
1,1,0,2,0,0.9148520004030058,0.044215537392727385,6.283633680477792,0.049316138668761514,3.8038293719759175,3.120418341456231,0.5684849850797918,79.35979866990824,9659031301.041195,0.0008589023187698553,0.31487373567327415,0.41487480249340647,0.26227506212333684,0.1657504623362214,856740.7427854458,0.0343941041059001,0.19206896129051587,0.03289052143567882,0.41487480249340647,0.38844150572000785,1.0,0.41487480249340647
3,1,0,2,0,4.741869211089264,0.06589117479259392,0.23384892241948876,0.026261271348081937,5.619547082971045,9.389339630840686,0.4208828252249046,122.6540621677901,14121420326.198431,0.0005313803610991502,0.3326756057976791,0.4149446271998984,0.24974841160232222,0.19964705838578575,5952267.538591555,0.03118713454894148,0.18551504507656247,0.030284516458494358,0.4149446271998984,0.272885720233333,1.0,0.4149446271998984
3,1,0,2,0,0.3696896913966502,0.07526780210250787,9.176340037310895,0.023499122368570963,8.995094777479522,6.470148392648155,0.27933890553573437,117.06216736626061,11618098365.231607,0.0005894076885412738,0.3369218713155085,0.4150156305158232,0.24782455119115143,0.20266689881048014,7560380.548124284,0.03070850408654782,0.16866394783570982,0.030049419412051363,0.4150156305158232,0.37622722969162953,1.0,0.4150156305158232
3,1,0,2,0,0.16921255259902637,0.09543812112028416,5.389870810845299,0.01206709506647833,5.286384483485393,10.118914954969217,0.030911276843868178,95.92658912415934,14837611785.842093,0.0,0.33508714484040025,0.41522701843847853,0.24841132112378253,0.19941603526845955,6218907.351188911,0.030854092231231506,0.18283471117143912,0.03003048444036935,0.41522701843847853,0.33439469221001045,1.0,0.41522701843847853
4,0,1,1,1,4.532604518059323,0.03542342133707118,6.310019113083202,0.055464678442068,6.448196003019529,10.535447232089126,0.8158982641035243,93.75886720578733,13339393706.734066,0.001278225844435801,0.3008693428401049,0.4152300857226901,0.27160169555841546,0.17211165410121138,2469288.8596645948,0.036883740515103104,0.22413808647258815,0.034154831653006486,1.0,0.5509928346194606,2.509288954372553,0.4152300857226901
5,1,1,2,0,0.9262553810939367,0.01045476836498654,7.602899054210604,0.02537535541578281,2.8803239233566265,9.860376485446391,0.4038612560173522,126.55744249056929,12217610492.487728,0.001334793584797746,0.3405387496927993,0.4152873927027087,0.24527419090317418,0.1619053684869688,1675323.9356244474,0.030079714361603366,0.17312396952227427,0.029004339293812787,1.0,0.733863474846736,18.31487933210533,0.4152873927027087
4,0,1,0,1,4.278698634212682,0.05333503349905925,1.7823568607964366,0.006401826236821687,4.364487083240301,4.990140897264047,0.2624828479329882,123.16168257604856,17289818624.072613,0.0,0.29805017747804,0.41562769577259795,0.2740959763771084,0.18911351055814885,2434293.3035624875,0.03756430213306019,0.22554917957504217,0.03549021623149227,0.41562769577259795,0.42418646799269033,1.0,0.41562769577259795
2,1,1,0,1,0.3106641332455103,0.03511106823239623,3.3592767893457314,0.04725206114039971,6.627216348829458,1.817627742141792,0.5969101886436716,65.4398593981418,17292264067.395996,0.0012063438011555812,0.3364982121083043,0.41595591976086194,0.24820914127309085,0.21039606775413625,7767638.736472819,0.030803888905762584,0.17783463378740416,0.03021174797202791,0.41595591976086194,0.41874330348047606,1.0,0.41595591976086194
2,1,1,0,1,0.3106641332455103,0.03511106823239623,3.3592767893457314,0.04725206114039971,6.627216348829458,1.817627742141792,0.5969101886436716,65.4398593981418,17292264067.395996,0.0012063438011555812,0.3364982121083043,0.41595591976086194,0.24820914127309085,0.21039606775413625,7767638.736472819,0.030803888905762584,0.17783463378740416,0.03021174797202791,0.41595591976086194,0.41874330348047606,1.0,0.41595591976086194
3,1,0,2,1,3.7014367613559203,0.08788077536257241,0.5444623388819401,0.04110889493968432,0.32903070065138257,9.943346598241844,0.32509962294570227,127.39474465921174,14564676678.902084,0.0008822529496769681,0.29144731625635456,0.416043834694405,0.2805476625479427,0.2025405525033353,1419301.0952299926,0.039353495480557166,0.21406298383907363,0.03777620766053352,1.0,0.5503813576374047,67.42711940561782,0.416043834694405
3,1,0,0,0,0.26505886541192025,0.05334671232787284,4.37327962189104,0.02921554325949044,2.53763743801455,4.89721324299786,0.6444364161485229,129.2706332931898,9334321156.30253,0.0005758055612048549,0.3308323997534128,0.416151618608479,0.25199539709163304,0.20466340022000956,6880315.508964404,0.031750840077684916,0.1831180700711199,0.030955582897586365,0.3160809882448447,0.3700587524673411,0.7595332424796308,0.416151618608479
3,1,1,0,0,4.248026527967187,0.07522720777737639,4.462242230226492,0.03196255926390128,1.5009327061505688,3.3143192935067267,0.5381499521276321,111.25094070430632,10856153049.562916,0.001005192566744872,0.3006505737745551,0.4163966434966007,0.27271539648385285,0.1919579225508708,1536574.9031394036,0.03718684373967253,0.22250710922628447,0.03578401299337923,0.4163966434966007,0.5268240115143996,1.0,0.4163966434966007
3,1,1,3,1,0.5088587855398291,0.06010164639339788,6.22105525994132,0.009989324263334792,5.066685361774173,2.920243080302623,0.5884535603901264,82.868428795434,18638467386.029507,0.0,0.2668862827100246,0.4166999384591087,0.29975632496431953,0.24401189771676923,5378760.078861491,0.04492692717805737,0.27119977814447327,0.04337073428802631,0.4166999384591087,0.3890009384189659,1.0,0.4166999384591087
3,1,0,2,0,3.272657500009259,0.00956701441133295,4.298343191471824,0.004117022866099187,7.1938619239188215,10.85561409062741,0.09614592998725272,100.87536788211068,12611358229.00064,0.0,0.2415125898315211,0.4167289930768374,0.32496916241044704,0.2679593257134837,6058966.583516329,0.05280247825887375,0.282433627729087,0.0503397362580909,0.4167289930768374,0.3847122505851814,1.0,0.4167289930768374
3,1,0,2,0,3.272657500009259,0.00956701441133295,4.298343191471824,0.004117022866099187,7.1938619239188215,10.85561409062741,0.09614592998725272,100.87536788211068,12611358229.00064,0.0,0.2415125898315211,0.4167289930768374,0.32496916241044704,0.2679593257134837,6058966.583516329,0.05280247825887375,0.282433627729087,0.0503397362580909,0.3099970357766457,0.3847122505851814,0.743881613534597,0.4167289930768374
1,1,1,1,2,3.07277620803358,0.04728610609775603,6.1284077643479336,0.07800162221445472,5.092941374502375,11.223962453237629,0.32894203317751747,104.34556959322376,18541178553.592934,0.0011207964301455764,0.31108004026850766,0.41675231190614037,0.2653754648422796,0.18770474159739065,4864330.330198632,0.03521206867012799,0.2113172905085613,0.033636379589844764,0.267230289805844,0.41142228939320385,0.6412208934932766,0.41675231190614037
4,2,0,2,0,1.8332432877604492,0.06008762794107683,1.2466354020980952,0.04411751919017234,7.4206478261852675,17.1289419339133,0.12139376060927744,115.772778567558,11486998206.787525,0.0006534440398074286,0.34544349095601606,0.41676708979178995,0.24410165830887096,0.1978356197867715,9136882.82958357,0.029792809794570396,0.15314954775390244,0.029235393011435132,1.0,0.5022416880193483,4.527156709303851,0.41676708979178995
2,1,0,1,0,0.514009007023095,0.06576054814736894,6.155649136959369,0.010371427848471414,4.77962854087694,3.4319636020472686,0.32277235256213715,68.75876414006586,14082913136.21115,0.0,0.3285260676160927,0.41723847328021135,0.2544593827413343,0.20689545384832891,7548892.677945047,0.03237478873255043,0.18158709677294893,0.031573692569332346,0.26067132085641764,0.3425770901999322,0.6247537980069123,0.41723847328021135
3,1,0,2,0,0.8397018337274986,0.059697360040076766,1.4960868282232533,0.025090271647661568,6.074414330530504,10.511667134383485,0.5423067213823787,128.3919313653459,12593011002.877615,0.0007195263976471396,0.3232439250836355,0.41724582751566547,0.25755565892890453,0.20447714325199723,4587873.409801461,0.033167458723151105,0.1942837769531739,0.03211186273311587,0.41724582751566547,0.30081465092135595,1.0,0.41724582751566547
0,1,0,2,0,2.421197546246442,0.044211645477366245,6.6402189291835905,0.04800691357675319,9.458082974492878,3.5229297436204146,0.5108635451963099,111.17751824686604,9631396116.032217,0.0006168161418470674,0.32448453517578285,0.4172816944505789,0.2576698733585517,0.22026478757104412,8414682.959797634,0.03319688181830603,0.1770885316801568,0.032624901694986906,0.19736286770609043,0.5377743665651373,0.4729727431871931,0.4172816944505789
4,2,1,1,0,1.1165875917529178,0.015488988704487618,8.580068898175263,0.09703375342231127,3.8531295687559384,1.9086357882540215,0.6762447278151719,64.41067435700377,11625205983.896572,0.0010177101221825009,0.3433064584353648,0.4173870809993761,0.24454735066725347,0.16107802421874623,330555.1611013052,0.029901703359186318,0.17714534942906168,0.028840705119015778,0.4173870809993761,0.4167391455348193,1.0,0.4173870809993761
3,1,1,2,1,2.688895374877672,0.07692813264795842,7.106227941015645,0.029744657262814472,0.11878920929353001,2.2507695610562815,0.03934816840308555,104.73367799979894,9764503370.665672,0.0008261408809710317,0.31173211181261,0.4175381212907712,0.2699383990467496,0.21725809057776974,7240820.859636229,0.03643336963996112,0.13338885955041835,0.035236959184549534,0.20783908292895134,0.4252231129957881,0.49777271183392946,0.4175381212907712
4,1,0,2,1,1.757867294419394,0.05923211183155983,1.6860727333065386,0.0033239815752841243,6.47731074640806,4.009961529655799,0.8262436327799592,83.44012017876375,9778290584.389801,0.0,0.30309535296663087,0.418155956872873,0.27186877616275884,0.2077962086892989,4923320.9515297515,0.03695631572611814,0.22499106323959994,0.035440209191751525,0.418155956872873,0.43500226411623216,1.0,0.418155956872873
2,0,1,2,2,4.235401169159533,0.07776031181577077,7.826702084472231,0.022299482973572964,0.6641655177391532,6.914723151250152,0.3965797909111483,86.48239455612959,11955708744.454006,0.0007139529380451047,0.3058674202661219,0.41817910048339124,0.27101324288925355,0.21293481961591784,7132505.360301578,0.03672408891067477,0.20185456765285925,0.03540542972819341,1.0,0.438287018079615,4.546377084533296,0.41817910048339124
3,1,0,2,0,3.5691933812996375,0.017494162468446865,6.656774917185468,0.03365912259541378,5.486776282453751,10.111290003346863,0.5218832280618376,84.3044829333695,9293650038.267385,0.0014221102415322374,0.25100325012060065,0.41849542080690705,0.31540532712034863,0.2490598076761701,3787340.4368281886,0.04974026018794707,0.2987839591497573,0.04750446072131483,0.04430156722834582,0.5517670519302902,0.10585914451089412,0.41849542080690705
1,0,1,1,2,4.818713218935108,0.05046821599137898,6.194620906794407,0.005092984852270395,7.615391560809293,19.99785884692297,0.3681862189659883,99.556093944899,15310451053.707561,0.0,0.3048691157223016,0.4187582952956402,0.2714699464894976,0.17923710164177886,624348.2159052317,0.036847965923505345,0.21482061328232938,0.035329535496343135,0.4187582952956402,0.31545059624476834,1.0,0.4187582952956402
3,1,0,2,0,0.2532489442833888,0.0744796802750652,4.907188914859572,0.022881643446892894,1.3073470812629846,6.3392297122145935,0.26297729639944306,118.39735848863629,11323851892.721992,0.000600078354872624,0.3409640044138529,0.4187970243987907,0.24747530765042522,0.199647318449128,7577377.510456756,0.03062201394833631,0.16998693196287396,0.029957450955260548,0.030441295392117543,0.35316584755465374,0.0726874681973157,0.4187970243987907
3,1,0,2,0,0.2532489442833888,0.0744796802750652,4.907188914859572,0.022881643446892894,1.3073470812629846,6.3392297122145935,0.26297729639944306,118.39735848863629,11323851892.721992,0.000600078354872624,0.3409640044138529,0.4187970243987907,0.24747530765042522,0.199647318449128,7577377.510456756,0.03062201394833631,0.16998693196287396,0.029957450955260548,0.4187970243987907,0.35316584755465374,1.0,0.4187970243987907
1,1,0,1,0,2.4756785669734906,0.07564201503600618,8.67056956616202,0.024937234079008563,1.0398720543352071,1.8709358219057,0.7737406361303142,72.44918722239879,11741055584.571178,0.0014403415646672636,0.24522487946621152,0.4189574716457658,0.32236583263573204,0.25772543603090475,4319884.632319826,0.05195986502546441,0.2904883148072325,0.04953941449892284,0.4189574716457658,0.6451717474274009,1.0,0.4189574716457658
3,1,0,2,0,2.134962021679607,0.08097333290076704,1.6239358222990217,0.0054952048938955375,9.462802421733743,2.7773220224589465,0.6314219668644957,124.54832630130329,13821529941.147026,0.0006097923018625898,0.34573643491026523,0.4191141611656365,0.24564835894442208,0.19775281597649794,9374852.851162275,0.03017155812604382,0.14943744344069398,0.02957405436529493,0.09284267394628376,0.4571282205359063,0.22152120483848733,0.4191141611656365
3,1,0,2,0,2.134962021679607,0.08097333290076704,1.6239358222990217,0.0054952048938955375,9.462802421733743,2.7773220224589465,0.6314219668644957,124.54832630130329,13821529941.147026,0.0006097923018625898,0.34573643491026523,0.4191141611656365,0.24564835894442208,0.19775281597649794,9374852.851162275,0.03017155812604382,0.14943744344069398,0.02957405436529493,0.4191141611656365,0.4571282205359063,1.0,0.4191141611656365
3,1,0,2,0,0.8539310741984057,0.060350732368894544,1.5591396795739587,0.02337626657816337,5.879754363172704,10.873563455342056,0.5603580335874286,126.96816250582188,12346595230.187695,0.0007147421243453959,0.31940497447035315,0.4193728051002303,0.2614800428914445,0.20571210176411767,4374030.1121410355,0.03418590641525583,0.20086487793588292,0.033030764544411374,0.4193728051002303,0.30617287921574593,1.0,0.4193728051002303
3,2,0,3,0,4.017606172939533,0.024683514028944226,9.887664944338434,0.09646000694636123,8.121104514701083,7.958590758737312,0.2429958506721026,71.70450270429055,15913921856.132992,0.0011800321668986797,0.3263434064101357,0.4194697045781239,0.25683293390063633,0.1667174318171869,423798.7680739736,0.032981577968004314,0.19390287078918111,0.03168683810233758,0.4194697045781239,0.7567814636744716,1.0,0.4194697045781239
3,1,0,2,1,2.5123987580983838,0.09190037512315118,0.6308433795451835,0.02589632300966525,7.463757600264655,4.308297304531728,0.310651023457839,106.33194960560202,13741892668.68334,0.0006519489598061642,0.33542885277806733,0.4203393045118981,0.25198106215500676,0.19922501371183118,7806701.772670359,0.03174722784238269,0.17587360288043274,0.03098535524941179,0.01725325836455073,0.3138857741685481,0.041046026815373296,0.4203393045118981
3,1,0,2,1,2.5123987580983838,0.09190037512315118,0.6308433795451835,0.02589632300966525,7.463757600264655,4.308297304531728,0.310651023457839,106.33194960560202,13741892668.68334,0.0006519489598061642,0.33542885277806733,0.4203393045118981,0.25198106215500676,0.19922501371183118,7806701.772670359,0.03174722784238269,0.17587360288043274,0.03098535524941179,0.01725325836455073,0.3138857741685481,0.041046026815373296,0.4203393045118981
4,2,1,1,0,3.705769597379122,0.07555395735032847,6.353286170446699,0.022281235791781793,6.158006389357862,11.512904671506245,0.7847371450902065,80.27879870341415,13970759154.236197,0.0010060151027855265,0.2966847724439246,0.42056257160602273,0.27871158732258605,0.19781441575718017,1635240.7317479495,0.03884007445393775,0.22734509274523396,0.037285909714943964,0.42056257160602273,0.5598846698608155,1.0,0.42056257160602273
1,1,1,3,1,0.587148747613864,0.019994110159637903,1.9739934253901765,0.01733796802087285,4.497724585556698,3.304907390347504,0.23445696422679996,110.2850334784879,10837206084.758045,0.0,0.28116574539255207,0.42089808434214576,0.2904973155262619,0.2183229184761813,2353630.670929385,0.04219434516398228,0.25938058243133155,0.040639437293070714,1.0,0.37890028427047207,21.328840112416852,0.42089808434214576
2,0,1,2,2,1.4797797508147414,0.09665821289915846,0.2518507050323947,0.06990578951181353,3.95996627902432,3.816218382304146,0.47917124870180083,90.48340491127915,16429306598.941925,0.0008031876189106837,0.29025944826752137,0.4210952541048963,0.28360220534072206,0.21172191117842237,3800116.956260891,0.040215105437060535,0.24335597979139967,0.03853145903231153,0.4210952541048963,0.23173285997573947,1.0,0.4210952541048963
2,0,1,2,2,1.4797797508147414,0.09665821289915846,0.2518507050323947,0.06990578951181353,3.95996627902432,3.816218382304146,0.47917124870180083,90.48340491127915,16429306598.941925,0.0008031876189106837,0.29025944826752137,0.4210952541048963,0.28360220534072206,0.21172191117842237,3800116.956260891,0.040215105437060535,0.24335597979139967,0.03853145903231153,0.4210952541048963,0.23173285997573947,1.0,0.4210952541048963
1,1,1,3,0,4.249370104722355,0.06486922600378808,6.121583704323925,0.06413120903441255,7.804346611299509,1.837160636994767,0.047456839418237924,125.75187176844214,13826217879.439363,0.000999590067313364,0.2600285219841389,0.4214310754128918,0.3089041071441915,0.25061891293713434,4927575.564832382,0.04771087370527507,0.2936364638176019,0.046005158484704115,0.4214310754128918,0.5573599631816117,1.0,0.4214310754128918
3,2,1,0,0,0.3780373554389692,0.062403394091485334,6.0747832548443625,0.03037109806517671,2.378265150976937,4.2237352315706,0.45527928964752873,103.6710737371841,11309042874.058723,0.0005703149818278504,0.33927857810672785,0.42162287504864315,0.2503728345499819,0.21129247087160843,7879030.781639844,0.031343278140296305,0.17207746997633266,0.03075640205680316,0.3513185548544386,0.38687391149285855,0.833253069615605,0.42162287504864315
0,1,1,2,0,1.5488826731190881,0.01985234944021199,1.8936345831284402,0.05938291039117166,8.539880835128592,4.66038475741391,0.6228465347867727,89.6283099424776,14169460604.599121,0.0007405156868136661,0.26687983450213143,0.4220961119364261,0.3031166066715406,0.235097953517127,4582631.60074336,0.04593983862003473,0.286709765834529,0.04395073023389177,0.3987637790760895,0.4194143144691816,0.9447227012982987,0.4220961119364261
3,1,0,2,0,0.8180722094636137,0.05926034273981574,1.5327684300165587,0.024665146806359877,6.059285614660045,10.484125254411,0.5428746962932596,128.30773242135336,12626902296.295902,0.0007175637973281391,0.32645810661818553,0.4221971520180387,0.25846736166363316,0.2061241301477296,4594244.474182113,0.03340268852267968,0.19623657500976555,0.03234424840495068,0.4221971520180387,0.3037455648606942,1.0,0.4221971520180387
1,0,1,2,2,3.7362330797988954,0.005121301889999981,6.150183162840783,0.07822040484451319,2.778857089793567,6.991281906880239,0.12455465900092848,67.53473795003345,12139256827.917475,0.0013663473504073047,0.32836199664042975,0.4223379408199221,0.25746346295823846,0.16223292390041688,702773.4066501271,0.033143717379224114,0.19130040329711462,0.03164442924718927,0.4223379408199221,0.5254348567141568,1.0,0.4223379408199221
5,1,1,1,1,2.456343766852444,0.022723632819236728,2.219972985409779,0.06533619757221051,8.831775841066069,15.831968367283656,0.06851621161579642,116.03032864957066,13343621092.813187,0.0006497888327735602,0.32878729949549135,0.42248560039667654,0.2572944410129491,0.1625221058873801,276150.4014722386,0.033100214688082975,0.19062417898148443,0.03186912320929296,0.42248560039667654,1.100426597826289,1.0,0.42248560039667654
1,0,0,1,0,4.019307016018911,0.06427393231565416,8.92214354463894,0.08288681161396383,6.40003683034769,13.218170767304597,0.3735352978036336,92.7455928174568,11393623167.49535,0.001322606415632864,0.31858188141273397,0.42260259200559497,0.2639528197683465,0.20281063803512636,4824811.588027366,0.03483554553183061,0.2074124037388576,0.03354528888077596,0.05548805112275995,0.5033738549695478,0.13130078275058316,0.42260259200559497
5,2,1,3,1,0.15653888139060776,0.04221147149660464,2.3461046984847616,0.018693832022858427,0.16155034520433798,4.482768064184936,0.2203965879079523,122.48936285512416,15698635850.611557,0.0,0.31119427456296656,0.4226706699755914,0.26914580356387796,0.22235048370624214,6254430.131143776,0.03621973178802279,0.21665688570243524,0.03526453542213382,0.4226706699755914,0.37280091321142894,1.0,0.4226706699755914
3,0,0,2,0,2.133213068817369,0.024439647246814314,8.41359246962339,0.020938140384873783,9.363101812812836,9.349051607992243,0.8001320772878988,112.80669752965429,12341561865.683308,0.0011051783517565417,0.2639932254713099,0.42295804810246346,0.30703865489750376,0.2274319717760246,2801934.8186946036,0.04713636780063421,0.2791847029497656,0.04480524489808063,0.42295804810246346,0.6351876107127692,1.0,0.42295804810246346
3,0,0,2,0,2.133213068817369,0.024439647246814314,8.41359246962339,0.020938140384873783,9.363101812812836,9.349051607992243,0.8001320772878988,112.80669752965429,12341561865.683308,0.0011051783517565417,0.2639932254713099,0.42295804810246346,0.30703865489750376,0.2274319717760246,2801934.8186946036,0.04713636780063421,0.2791847029497656,0.04480524489808063,0.42295804810246346,0.6351876107127692,1.0,0.42295804810246346
3,1,0,2,0,0.2638283761526914,0.05288824645294461,4.408348371900039,0.028667414832669703,2.558296922585686,5.094207021342416,0.654624007900134,129.47893032932868,9298167223.883747,0.0005680126606586404,0.34557688850447266,0.42349143525464117,0.24723446666200857,0.2071477713120815,7193182.689855651,0.030562440752823918,0.1730448587446367,0.029905101117614918,0.42349143525464117,0.342649329450493,1.0,0.42349143525464117
3,1,1,2,0,0.6806540659403296,0.05290404112971172,8.471107586410069,0.020064531694535807,1.039859796496795,1.3001003373486881,0.022572166807376164,124.17303152252876,14342352083.41188,0.0005944742457913313,0.33224462972999713,0.4235660301757615,0.2555532017562056,0.2106147135265973,7205580.142221192,0.03265371946392396,0.19030731489603436,0.031941623997895796,0.4235660301757615,0.47099891312036357,1.0,0.4235660301757615
2,0,1,2,2,2.364803151290798,0.055532971529580526,5.742237268592576,0.03666542450258391,2.7028250827426823,12.155556960586166,0.6871008162860761,104.06572779738181,12032932339.688015,0.0005605067339770323,0.29871071382783754,0.4248524975857168,0.2794426547215866,0.19968935760525613,4139223.2504316214,0.03904409863892393,0.23954901760325065,0.03658603851020663,0.3014035303234417,0.4238556086575836,0.7094309955483586,0.4248524975857168
3,0,0,2,0,3.128648154670674,0.089432201811162,9.423517228946151,0.0434821788511322,2.102158606545847,6.467660856909697,0.8138593399697958,69.90702459879192,13747282649.05441,0.0011694402141290909,0.31443022556757405,0.4250400196409222,0.268368122025274,0.16368470123472548,3131483.8365077944,0.03601072445968618,0.21530556375594445,0.03337623348683496,1.0,0.5972159695698978,13.223924587112961,0.4250400196409222
2,0,1,2,0,0.2964263758796374,0.08458736300364125,7.040565748043236,0.03211091190792907,6.998126893198427,2.1343536475051152,0.27495525552291133,82.64726391719778,9400393460.847082,0.001390017289933377,0.26661747098754784,0.42506831229381503,0.30967260007589775,0.25610867170153706,8227113.849708782,0.04794855961888345,0.21816365051212683,0.04598443965911567,0.42506831229381503,0.6572828147601034,1.0,0.42506831229381503
1,0,1,1,2,2.740415886401496,0.0067597798824770485,9.489475777661282,0.01812967982452488,3.2021109351335193,19.96369480032215,0.8047960346542724,93.80919362096043,18142880485.358017,0.0,0.3219937057487573,0.425187567815558,0.2672154569130504,0.22333671164327001,8900491.007823385,0.03570205020662515,0.13748400857112175,0.03500757877522903,0.2712334244198362,0.32180962805326574,0.637914757981575,0.425187567815558
1,1,1,1,2,4.870113252103514,0.04728610609775603,6.1284077643479336,0.08073594795207256,5.092941374502375,11.280720983516302,0.3304499130851409,104.34556959322376,18708212379.248337,0.0009601448417536212,0.32312041366671285,0.42531824219592484,0.26253448008460284,0.19204553986396214,4584737.031674315,0.034462176616646356,0.20530291565985803,0.03295606160394691,0.42531824219592484,0.3931594047074411,1.0,0.42531824219592484
3,1,0,2,0,0.43473429546268627,0.08363685482403269,5.076386147164191,0.04403291553331874,3.6509613706757595,9.964842571864502,0.19702250633034363,127.26390761902636,10251817943.820948,0.0014103024774677997,0.32955187275059195,0.4254794090572549,0.2607354989146405,0.21426558909356472,9176312.440370435,0.03399150019713324,0.1565495145139626,0.03331757400977473,1.0,0.4159520094140615,7.447165131675246,0.4254794090572549
3,2,0,0,0,0.33872198273802956,0.06068523746993309,4.7123752719968675,0.021784223621587797,1.134210100327286,8.810053495809763,0.04591395470167269,124.36534022016106,10805674045.810818,0.0005002160657175484,0.3453964162157829,0.42562297825536277,0.24955510063254066,0.21105227173449245,8500374.250995334,0.031138874125858747,0.1590522797422136,0.03060694103492375,1.0,0.37538234831901823,5.590483581219511,0.42562297825536277
4,0,1,3,1,3.8374273149583344,0.04092164162783271,9.118511507983577,0.08391594175515274,9.471300089820302,15.90790246648522,0.7965718702110194,69.71985598647424,10650482060.656956,0.0014360857511147337,0.2934523507452693,0.42572949678469635,0.2845376194630242,0.21195542585779473,3972128.846228075,0.04048082844484238,0.23910587926814275,0.038144649874632966,0.42572949678469635,0.5771124603497999,1.0,0.42572949678469635
4,0,1,1,0,4.920219787331009,0.034309336799135996,1.423231033714733,0.06568217357989192,5.864444140814379,16.46726163239927,0.7667383242217589,77.69844890591584,15827294609.435286,0.001169851694150133,0.2954919041029732,0.42596444401694067,0.28267927502199636,0.21049507372034967,3320428.7013533902,0.03995378626348073,0.24425522718698056,0.03784936302916927,1.0,0.2804508462685951,13.0266873555915,0.42596444401694067
5,0,1,0,2,4.894633026340887,0.05275565703552641,6.362939667753322,0.0034602893340542145,7.376834166801561,19.543239597974768,0.3581212991556603,101.66270533284953,15309126650.424303,0.0,0.2893274536534934,0.4259968778341569,0.2876505064695767,0.180871766375667,669760.5562521133,0.041371406936101994,0.2501754656558778,0.038830969625112434,1.0,0.46349613614909735,102.0015886684068,0.4259968778341569
3,1,0,2,0,0.2621914538905019,0.05292687455066885,4.4118789497544,0.028493187480833494,2.559837992810458,5.055140995947134,0.6548564353187206,129.42738710473952,9326605996.632502,0.0005683940971572219,0.3468366151689522,0.4264904682580903,0.24826704182308884,0.20767354257600157,7265936.737922506,0.03081826202779367,0.1741366597416132,0.030152930788701803,0.005414731888168749,0.34272867146060243,0.012696020875411522,0.4264904682580903
3,1,0,2,0,0.2621914538905019,0.05292687455066885,4.4118789497544,0.028493187480833494,2.559837992810458,5.055140995947134,0.6548564353187206,129.42738710473952,9326605996.632502,0.0005683940971572219,0.3468366151689522,0.4264904682580903,0.24826704182308884,0.20767354257600157,7265936.737922506,0.03081826202779367,0.1741366597416132,0.030152930788701803,0.005414731888168749,0.34272867146060243,0.012696020875411522,0.4264904682580903
1,0,0,0,0,4.025606971095729,0.05006990523944574,6.660141747964413,0.030244663157404716,4.3370611703536825,2.4287230280234127,0.29411894360262275,116.8392914900256,12881057403.760824,0.0007478312416193683,0.29781987953536776,0.42661641588862315,0.28208400379305254,0.18744115937000871,725059.8855750398,0.03978569259795944,0.2288956916386633,0.03804367072276166,0.42661641588862315,0.4211493084008012,1.0,0.42661641588862315
3,1,0,2,0,2.484274541874936,0.09609982988472296,8.952958181900119,0.021561597667265946,3.918879516343213,2.957078945374041,0.8125263587515592,106.14806662230968,13771443921.113207,0.000976949343841416,0.30065431363280326,0.42665431363135725,0.2791704857933817,0.19953836966947483,1530869.0422857332,0.03896808006905637,0.2389485861773546,0.037430226491038075,0.06668060181856784,0.5552253918854271,0.15628718540551773,0.42665431363135725
3,1,0,2,0,2.484274541874936,0.09609982988472296,8.952958181900119,0.021561597667265946,3.918879516343213,2.957078945374041,0.8125263587515592,106.14806662230968,13771443921.113207,0.000976949343841416,0.30065431363280326,0.42665431363135725,0.2791704857933817,0.19953836966947483,1530869.0422857332,0.03896808006905637,0.2389485861773546,0.037430226491038075,0.06668060181856784,0.5552253918854271,0.15628718540551773,0.42665431363135725
4,1,0,0,0,0.19231785989639255,0.06656556820789944,3.4773368846912436,0.03895968762678731,4.123439292707065,1.3329648559814746,0.24844054557579054,86.16269934761507,18019759394.230507,0.0006322744740682325,0.33661539826229053,0.42691641592195373,0.2561136586213586,0.21224766711278809,8283760.935167939,0.0327971030662089,0.16558521183057207,0.032140691180420636,0.42691641592195373,0.3660859619246945,1.0,0.42691641592195373
4,1,0,0,0,0.19231785989639255,0.06656556820789944,3.4773368846912436,0.03895968762678731,4.123439292707065,1.3329648559814746,0.24844054557579054,86.16269934761507,18019759394.230507,0.0006322744740682325,0.33661539826229053,0.42691641592195373,0.2561136586213586,0.21224766711278809,8283760.935167939,0.0327971030662089,0.16558521183057207,0.032140691180420636,0.42691641592195373,0.3660859619246945,1.0,0.42691641592195373
1,2,0,2,0,3.1887990497261742,0.03780736157128301,6.507912998518361,0.04838565470254452,5.722829673079891,2.2996883129740078,0.8183263591043869,88.45816723615336,17571467470.398533,0.001042037778514624,0.30300784843940654,0.42736154415075794,0.2788302583078767,0.1823988698830632,1008233.2217529729,0.03887315647401863,0.22015375312678342,0.03705376525242494,0.11960719423201349,0.4019586074849444,0.2798735540646126,0.42736154415075794
3,1,0,2,0,0.14382904843083857,0.06996747265468407,5.9646443382685,0.015966471808536976,1.5382517015840522,7.78823971146227,0.6434376572646651,122.73130744488502,9179879112.939823,0.0,0.34477948023762367,0.42754765586892257,0.24968147193250023,0.1992389913611772,6122180.564972828,0.031170418713189953,0.18575308006791302,0.030297878231963563,0.42754765586892257,0.32848894918956983,1.0,0.42754765586892257
3,1,0,2,1,4.989939311976965,0.08551186610925952,0.3230272020957251,0.0024068628513450032,2.881568608228722,6.557141178591933,0.47699581371805927,122.30346650858812,11424773582.033,0.0005535457328291111,0.33956621065352716,0.42790725372029176,0.2532019110091703,0.19355554819688986,6498505.379173154,0.032055603869347894,0.19132680439053584,0.031090707938118932,0.42790725372029176,0.2866806052425614,1.0,0.42790725372029176
3,1,0,2,1,4.989939311976965,0.08551186610925952,0.3230272020957251,0.0024068628513450032,2.881568608228722,6.557141178591933,0.47699581371805927,122.30346650858812,11424773582.033,0.0005535457328291111,0.33956621065352716,0.42790725372029176,0.2532019110091703,0.19355554819688986,6498505.379173154,0.032055603869347894,0.19132680439053584,0.031090707938118932,0.08217973982496758,0.2866806052425614,0.19205035462821496,0.42790725372029176
5,1,0,0,0,0.16301363220300413,0.06726469337197703,3.5526821198698313,0.03963841608703683,4.108244001629755,1.19096990834894,0.2493672041722535,85.8508860958942,18022973233.517193,0.0006269439805802237,0.3335157805251396,0.42803762209350604,0.2592281878238924,0.21746973954191942,8212998.716992119,0.03359962668122962,0.1628224814517355,0.03295017829771905,0.42803762209350604,0.3678558980766823,1.0,0.42803762209350604
5,1,0,0,0,0.16301363220300413,0.06726469337197703,3.5526821198698313,0.03963841608703683,4.108244001629755,1.19096990834894,0.2493672041722535,85.8508860958942,18022973233.517193,0.0006269439805802237,0.3335157805251396,0.42803762209350604,0.2592281878238924,0.21746973954191942,8212998.716992119,0.03359962668122962,0.1628224814517355,0.03295017829771905,0.42803762209350604,0.3678558980766823,1.0,0.42803762209350604
1,0,0,0,0,1.6174075286349292,0.05603432068804898,7.666711744532715,0.06951349757502921,9.309786662115826,3.8247403858684823,0.23986294245544645,98.33241672258245,13668470840.45989,0.000596746147302743,0.2912815659405471,0.4281871015774055,0.28821208048116304,0.19165736006123532,680965.7484628375,0.0415331016676402,0.23917815397273667,0.03970111303872992,0.4281871015774055,0.3886989589982422,1.0,0.4281871015774055
3,1,0,2,0,0.23823185666104438,0.0530457999933051,4.433210274462882,0.029917786642909092,2.5861976492886622,4.581058463511068,0.6417592303822467,128.84916737626526,9469780966.156769,0.0005712956844969113,0.3457559343589067,0.4283230518560352,0.2501317880898505,0.20500558142694167,7454008.161493875,0.03128295570651294,0.17517780249674986,0.030579652317224638,0.4283230518560352,0.3427206258034187,1.0,0.4283230518560352
3,1,0,2,0,0.21056799290551506,0.04895864157818438,4.394705115493785,0.024968665447248968,2.3834305665119206,4.9081952001922495,0.6358215600772599,128.36175374811282,9152041229.25371,0.000544643715942041,0.3427362390520706,0.42839032104021224,0.25177733986084994,0.19898780823209092,6860931.9727239385,0.03169591443370297,0.18333879552173915,0.030842696700754166,0.42839032104021224,0.34032482770807865,1.0,0.42839032104021224
2,2,0,2,0,1.2265386794073794,0.08785308932021745,2.7760074685873675,0.0021158129878095988,7.6598189704336725,7.3658753195476905,0.21405337722127962,100.05892537588551,10188775289.735252,0.0,0.3350136881798407,0.4286075086186357,0.25887194759997734,0.21305145911807727,9356696.625412295,0.03350734262710271,0.15702392914536645,0.032840334190817985,0.4286075086186357,0.32158479577644616,1.0,0.4286075086186357
2,2,0,2,0,1.2265386794073794,0.08785308932021745,2.7760074685873675,0.0021158129878095988,7.6598189704336725,7.3658753195476905,0.21405337722127962,100.05892537588551,10188775289.735252,0.0,0.3350136881798407,0.4286075086186357,0.25887194759997734,0.21305145911807727,9356696.625412295,0.03350734262710271,0.15702392914536645,0.032840334190817985,0.1634567618515528,0.32158479577644616,0.38136700492802744,0.4286075086186357
2,0,1,2,2,2.364803151290798,0.055532971529580526,5.742237268592576,0.03666542450258391,2.7389419134686253,14.108861359096935,0.06699985302301224,104.06572779738181,12032932339.688015,0.0005605067339770323,0.3043783164096915,0.42900685540148625,0.27800723191803506,0.1970559109741561,4436502.132716715,0.03864401049936407,0.2353782174316883,0.036204776861411096,1.0,0.4274873209271771,3.1352249340351843,0.42900685540148625
4,2,1,1,0,0.4002268361639786,0.03266398315292064,4.162238964858717,0.04327842229976146,1.4180456206717535,3.2394097569364275,0.762688032197192,79.0605023877697,9614595088.993607,0.0010670491048675014,0.3328238643981804,0.42907904886757486,0.2598342538193581,0.22458639681002632,6951593.66801557,0.0337569197289313,0.17297662998100916,0.033145161688900186,0.42907904886757486,0.3940722778858936,1.0,0.42907904886757486
5,0,0,0,0,4.223166089103226,0.016558237126250666,2.070860536601075,0.07196394108804569,6.695652433180583,5.743516154667511,0.8140662286252399,106.90322518560797,12538801308.777834,0.0009004607437495236,0.279626759482637,0.4291377690595905,0.2973025129479703,0.19491360495353283,123209.68463264282,0.04419439210258902,0.27413728213295663,0.04197910494151952,0.11922327171573337,1.5442073649616888,0.2778205050023875,0.4291377690595905
1,0,1,3,1,1.279081684728805,0.018378210617218838,3.827449898179343,0.005387986266648594,6.0309370946157355,5.420038870507679,0.18386291821523967,110.97515236555859,10790853229.019403,0.0,0.28020726013670105,0.4295253353082843,0.29695573566590233,0.23948130306671417,4813886.217636609,0.04409135447243862,0.2760221777643862,0.042613747513224026,1.0,0.4717486405883472,3.243061769050481,0.4295253353082843
3,1,1,0,1,2.3821496162428337,0.07406733764399422,6.564891751822858,0.02763651465147409,3.309968261110594,9.082155959196408,0.21187074398226355,107.86957569242522,12915703612.505106,0.0012893660255053666,0.2829875595556549,0.42956315781479426,0.29809501450003634,0.2162135546298864,1266409.6224940969,0.04443031883488844,0.21302315653449078,0.042452602194940396,0.42956315781479426,0.5442804307250995,1.0,0.42956315781479426
4,2,1,1,0,1.3821697770191674,0.007313121899767651,7.826276205681672,0.06544901175659291,5.458311640523991,2.7772859983714397,0.5450202598515306,84.24247298279694,19658284260.316025,0.001288113273956387,0.3031493431807263,0.42981081027972917,0.2797326009625968,0.18023940176092693,650566.3550677303,0.0391251640206497,0.2329361720864469,0.0374325110432002,0.2526572256930768,0.88701044612321,0.587833576192843,0.42981081027972917
4,2,1,1,0,1.3821697770191674,0.007313121899767651,7.826276205681672,0.06544901175659291,5.458311640523991,2.7772859983714397,0.5450202598515306,84.24247298279694,19658284260.316025,0.001288113273956387,0.3031493431807263,0.42981081027972917,0.2797326009625968,0.18023940176092693,650566.3550677303,0.0391251640206497,0.2329361720864469,0.0374325110432002,0.42981081027972917,0.88701044612321,1.0,0.42981081027972917
2,0,1,2,2,2.1140165679743412,0.04813470601157063,7.431634383513745,0.020948842015181945,2.7506563964742767,13.010977334717708,0.22581451905760283,108.53990277231485,13888889811.466728,0.0005009383010137417,0.3061498989850589,0.42986114578121354,0.27752564926855217,0.20961486612173194,6016760.134058381,0.03851024300096571,0.22930647579095587,0.03657054994484851,0.42986114578121354,0.4114179477483399,1.0,0.42986114578121354
3,1,0,2,0,0.11643249664937383,0.08070683354787583,4.594297342105661,0.016954449363242172,2.2365369414912126,7.452641757835204,0.3686545751187651,120.98056637042546,16329177661.459597,0.0,0.34885664618662293,0.43006643242092807,0.24864200464195932,0.2001220055084971,6314472.262496988,0.03091142323618606,0.18400588173615717,0.03007408450701536,0.6196308951972971,0.32676817152992654,1.4407794900645317,0.43006643242092807
3,1,0,0,0,0.8991948447056777,0.047432827909269684,5.343955585940003,0.03832928051112832,9.051738568294933,5.192952462055857,0.8030806311624049,80.28583962288323,13083350655.26744,0.0013108188207752302,0.2779721227101857,0.43064941176559324,0.3003691069353257,0.22025610490129852,2249261.516154634,0.045110800200562566,0.267483188589723,0.042860096151426705,0.43064941176559324,0.6329310914033569,1.0,0.43064941176559324
4,0,1,3,0,4.85206176334098,0.014891320260751578,8.222676106829391,0.06859753558706772,6.145715004190069,11.216126788468861,0.7440156842681926,92.06412031873201,10973231553.982817,0.0,0.2877067085595681,0.43083544217784947,0.291953944549262,0.18506773548502772,222218.3389781629,0.04261855286893677,0.2626607680791955,0.040121394977332955,0.43083544217784947,1.4641213660074648,1.0,0.43083544217784947
4,0,1,3,0,3.0250703632667677,0.03589592692564403,8.90120554796908,0.06619602367555781,6.326112858462046,10.649475381632339,0.27911884788312324,108.221577774869,14600465984.641571,0.0013330412631138906,0.29954606946829343,0.43114189357158983,0.28307114774824077,0.19618799439373605,3011151.5085762977,0.04006463734375318,0.24357628912645668,0.03742062484898855,0.43114189357158983,0.5631379894239237,1.0,0.43114189357158983
4,0,1,3,0,3.0250703632667677,0.03589592692564403,8.90120554796908,0.06619602367555781,6.326112858462046,10.649475381632339,0.27911884788312324,108.221577774869,14600465984.641571,0.0013330412631138906,0.29954606946829343,0.43114189357158983,0.28307114774824077,0.19618799439373605,3011151.5085762977,0.04006463734375318,0.24357628912645668,0.03742062484898855,0.43114189357158983,0.5631379894239237,1.0,0.43114189357158983
4,2,0,2,0,1.4221888023625953,0.05883799685612704,5.597229260307766,0.053148791788366026,5.917879940367633,8.147791728607379,0.5739841434543177,123.34193715963741,16726573449.619843,0.001362129353617672,0.28476500814984673,0.4313264384238468,0.2952269606245961,0.22945131070813982,2585120.6808910794,0.043579479139818404,0.2578603932440171,0.04188265950225064,0.4313264384238468,0.6451446576753551,1.0,0.4313264384238468
3,2,0,0,0,0.48230787375335193,0.09273230122633973,5.678543761840955,0.021325742626917464,1.9840404441161774,7.002631056434508,0.10107607313784638,124.65199034133579,10398168904.645716,0.0007445337853682133,0.339792764557545,0.4320426041705014,0.2567584790447222,0.21468482344005915,8364154.846241516,0.03296245828067952,0.17423912939755337,0.03234337070097892,0.4320426041705014,0.40113106665705855,1.0,0.4320426041705014
4,2,0,2,0,1.7394334862018046,0.06008762794107683,1.2466354020980952,0.044016140217432304,7.4206478261852675,6.050591845245811,0.6936515439208443,115.772778567558,11486998206.787525,0.0006534440398074286,0.3474951524529078,0.43257328276875084,0.2527613778489313,0.2050316700711606,9543682.650601426,0.03194415706604512,0.1568906600416976,0.031296290983096296,0.6801008157244888,0.48514896245067035,1.5722210381820172,0.43257328276875084
3,0,0,2,1,2.0240368275039007,0.06751298697344525,9.19205973022631,0.005631350789282164,4.429144081817483,2.919594370015077,0.4187009381665973,116.98441534289344,15993867666.443428,0.0,0.3351519447598643,0.4326387011863836,0.2589115808352714,0.20602406141793597,5297779.330853679,0.033517603345309635,0.2009558074847676,0.03247385668962155,0.4326387011863836,0.4180600011815831,1.0,0.4326387011863836
3,1,1,2,1,0.17181491327584056,0.04865789089074119,9.216456983315444,0.00888274117715157,4.591129172184852,13.296478887191567,0.24133050507627618,73.81489638886714,18928299643.14426,0.0,0.341371330140011,0.4329972952278129,0.255080476721855,0.1995473708076052,5907642.045569352,0.032533024802324416,0.19486371139397507,0.031536080769793216,1.0,0.3429252986688913,5.611897740265768,0.4329972952278129
3,1,1,2,1,0.17181491327584056,0.04865789089074119,9.216456983315444,0.00888274117715157,4.591129172184852,13.296478887191567,0.24133050507627618,73.81489638886714,18928299643.14426,0.0,0.341371330140011,0.4329972952278129,0.255080476721855,0.1995473708076052,5907642.045569352,0.032533024802324416,0.19486371139397507,0.031536080769793216,0.4329972952278129,0.3429252986688913,1.0,0.4329972952278129
3,2,0,0,0,0.35184671602474815,0.07421664789369647,4.910295868838798,0.01709684202288775,2.4254513988616067,5.363579354644335,0.3488237672083694,126.89208478075736,10105359105.3485,0.0,0.3475405966303744,0.4332435839569978,0.2520660518309867,0.21100363136403882,8021614.695493938,0.03176864724283083,0.17583920701971134,0.031143502324432148,0.5065298449873968,0.3622573120884509,1.1691571756494221,0.4332435839569978
3,1,0,2,1,4.389255684304045,0.08661702834597806,0.17487530090675907,0.024807377453681775,2.0166236536461626,8.26912253271248,0.23690096330863897,111.80283209969643,10228034383.118374,0.0005240794498616013,0.3422429752673989,0.43363971297566833,0.25491314894911865,0.1986426373267546,6150745.05738239,0.032490356753577775,0.19447463444464963,0.03146894719056753,0.43363971297566833,0.2725547544581592,1.0,0.43363971297566833
3,1,0,2,1,4.389255684304045,0.08661702834597806,0.17487530090675907,0.024807377453681775,2.0166236536461626,8.26912253271248,0.23690096330863897,111.80283209969643,10228034383.118374,0.0005240794498616013,0.3422429752673989,0.43363971297566833,0.25491314894911865,0.1986426373267546,6150745.05738239,0.032490356753577775,0.19447463444464963,0.03146894719056753,0.43363971297566833,0.2725547544581592,1.0,0.43363971297566833
2,0,1,2,2,3.112422024443203,0.006206720901309169,6.082191725730741,0.06630395540759502,2.9422417667634893,12.222101245562454,0.20519000700330295,84.57790718011245,14982009772.159721,0.0006972001206300433,0.3134949835218116,0.4337398973563161,0.27435594155178794,0.22512247044941203,5250313.556753414,0.03763559133238404,0.22962083041832626,0.03650192092435518,1.0,0.49878338761304897,18.096601250428936,0.4337398973563161
2,1,0,1,0,0.43813719341636503,0.08600231211307845,7.418007349247059,0.012133293209971772,9.554619219303937,5.340310985185602,0.41274888135546545,80.70549411513451,14290998610.124054,0.0,0.3354422014523451,0.43425714166265555,0.2607181822931786,0.2145322632824671,8125604.209285564,0.03398698528912956,0.18475417019932816,0.03321041369291236,0.6171537345281705,0.34001834707217493,1.4211711802027074,0.43425714166265555
1,1,1,3,1,1.3628389616063612,0.06272540927968889,6.212051001637361,0.0037857754089842812,5.66526051239134,5.455264129022109,0.16646523448848186,111.39326698207468,10711501395.46785,0.0,0.3549732048793616,0.43502414864135613,0.2486744400176767,0.20325218398392358,8696690.70411213,0.030919488559052542,0.16740851730945883,0.030357560462832934,0.43502414864135613,0.4802978991736142,1.0,0.43502414864135613
1,1,1,3,1,1.3628389616063612,0.06272540927968889,6.212051001637361,0.0037857754089842812,5.66526051239134,5.455264129022109,0.16646523448848186,111.39326698207468,10711501395.46785,0.0,0.3549732048793616,0.43502414864135613,0.2486744400176767,0.20325218398392358,8696690.70411213,0.030919488559052542,0.16740851730945883,0.030357560462832934,0.08615416210679512,0.4802978991736142,0.19804455080451772,0.43502414864135613
3,0,1,1,0,1.7131420798746093,0.06854439282808888,7.838643017691862,0.038986987116910024,3.267792653778312,5.292012253242618,0.7364207652311593,64.12557000744432,11981105396.660652,0.0011120806118380384,0.3102224813548943,0.43528646799484894,0.27789839038569525,0.18641717916313208,4721029.511822846,0.03861375768948013,0.23238372632999083,0.03602478456976323,0.43528646799484894,0.49774543634000595,1.0,0.43528646799484894
3,1,1,3,0,4.26340915924464,0.012841068954158433,3.654098883355997,0.005225858681027932,2.7581495437108687,2.801649190203995,0.8186864199214142,89.25150642038254,10949978132.694412,0.0,0.3746722811447588,0.4352921573385929,0.23638685430021084,0.15276929511692844,78804.99351060441,0.02793937244297455,0.16399800996367775,0.026962950789669177,0.4352921573385929,0.7757439778918562,1.0,0.4352921573385929
0,1,0,2,0,2.495916861635537,0.008406526673523623,1.0842480219966457,0.012866298486315538,1.216299802761697,8.833320563181813,0.022627894763920003,111.33958400465198,10545414363.377815,0.0,0.277980716963818,0.43539172870437093,0.303248674474665,0.247749037886966,3223961.2733188737,0.04597987928532068,0.28025559662948873,0.04444588214285077,1.0,0.4712181660752523,18.052301242891776,0.43539172870437093
3,0,1,1,0,1.77965563316096,0.05816321912868344,8.749684558563356,0.04498428221811583,2.9462835534373673,1.5614095045086092,0.30744419488498825,62.75821624998297,10000502281.454897,0.0014460288054881458,0.29898143854016246,0.435867639189169,0.288056737528294,0.21536111989592885,6344270.912159721,0.041488342017722245,0.22482027636119384,0.0392480553815831,0.435867639189169,0.5610700583446087,1.0,0.435867639189169
1,0,0,3,0,3.910892840774868,0.08902998984153276,4.336325859097205,0.06580013760304348,6.621194005463496,7.392528007745595,0.2908629579510481,110.78129443354489,16696241440.317478,0.0006289053962542605,0.30162638570232003,0.4360308694811579,0.2854438836793577,0.1885990188766174,965158.1675157995,0.04073910536497734,0.23340302202692964,0.03883957345970678,0.4360308694811579,0.39635544562932395,1.0,0.4360308694811579
2,0,0,2,1,4.422836101176851,0.029552988303152866,1.5432093019805453,0.014354222786524318,1.3553845236753497,5.996929250287157,0.7116199051953842,120.82018008172605,10213745500.243408,0.0,0.3082006714866765,0.4362403868128884,0.27980739402445076,0.1955703898037664,2912607.084711194,0.03914608887537713,0.23938257798264118,0.03687854693511847,0.4362403868128884,0.3518971639461346,1.0,0.4362403868128884
4,2,1,1,0,0.3743194831158389,0.046725305496043604,6.183189002378326,0.019664129038529665,1.678551494027365,2.2314927552112547,0.46830245080728705,99.41854075904811,11234265383.68412,0.0010185014788855634,0.3283667225006979,0.4364083043517769,0.26660629338108127,0.21757320986845888,7072523.165937678,0.035539457835199594,0.19765012067991383,0.03463480368971607,0.4364083043517769,0.41597995766927404,1.0,0.4364083043517769
3,1,0,2,0,0.5741887176702775,0.08475721385261356,1.7121478262605685,0.0018506911740002185,1.0084676884892931,6.774714636817573,0.2670362040099704,127.79009596820839,10418604260.917974,0.0,0.31268043561909326,0.43658984149004243,0.27673589792752756,0.1885586667041077,1047003.8565449886,0.03829137860087748,0.2342021876660011,0.03671903798010757,0.061793452522138755,0.31072074949684514,0.1415366246526561,0.43658984149004243
4,2,1,1,0,1.2544761071033093,0.033682216214420975,0.3137885105643953,0.03431035695697641,6.160954880211838,7.07532757398387,0.689213017160699,90.03909884871847,18504980418.06549,0.0005620359969976089,0.3457777261740748,0.4366855444492025,0.2545101177547034,0.20281115269244446,6872664.216111929,0.032387700019756493,0.19318145906926076,0.031511548506100585,0.18635174078723818,0.28060019135097697,0.42674126303467685,0.4366855444492025
2,2,0,1,0,3.523155151087618,0.09384961570300478,8.807282048912379,0.0023977413838922592,6.866187998485157,4.551554790186456,0.27228294988909585,96.6695721968415,17994727164.25059,0.0,0.31745223954833046,0.4367486956764481,0.279220140230911,0.22347110920014082,10670577.707529949,0.03898194335528481,0.1279451556102812,0.03799493408955958,0.17518067349143168,0.3420756328335375,0.40110176681834653,0.4367486956764481
1,0,0,1,1,4.691242141108165,0.06311197928593378,5.327990048262547,0.02049026519867634,4.36393178836363,7.4675636807383,0.3657426819780778,115.02408863691446,16848255848.32175,0.0007553957229373366,0.3185853142287619,0.4368361078929226,0.2733488158478438,0.1793342150359527,594508.4519517784,0.03735978756270921,0.21513069029082876,0.03578684359869211,0.4368361078929226,0.4295235487684252,1.0,0.4368361078929226
5,1,1,1,1,4.39725852921617,0.09420840112400376,4.62341766764439,0.0666792303263896,8.884677698762813,11.012250702719676,0.05035783264824684,113.1618114181027,13384571564.78753,0.001035565012890393,0.32143098071798537,0.4368752798708646,0.27072692969112044,0.21142260221297723,5438306.626914784,0.03664653522999043,0.22280107932471982,0.03526315577675189,0.4368752798708646,0.4062169106645661,1.0,0.4368752798708646
4,2,0,0,0,2.475150153651025,0.0790576322016148,6.799525091806125,0.04111494068742358,3.3614250635779905,7.948410516505948,0.41348921423809076,93.2995195120255,13644333330.415451,0.0010120376571389306,0.28602787372355126,0.4368800155124318,0.29794221423632217,0.22345177638416583,2402387.9720010003,0.04438478151202124,0.26322863970881316,0.04254960988991582,0.11677220945485403,0.5725443675202493,0.2672866812593564,0.4368800155124318
4,2,0,0,0,2.475150153651025,0.0790576322016148,6.799525091806125,0.04111494068742358,3.3614250635779905,7.948410516505948,0.41348921423809076,93.2995195120255,13644333330.415451,0.0010120376571389306,0.28602787372355126,0.4368800155124318,0.29794221423632217,0.22345177638416583,2402387.9720010003,0.04438478151202124,0.26322863970881316,0.04254960988991582,0.11677220945485403,0.5725443675202493,0.2672866812593564,0.4368800155124318
3,1,0,2,0,0.38156923668176734,0.05329645963719303,4.370077171886768,0.029050632982039557,2.6986340290846353,4.8965317781434985,0.6443902345076462,129.25955418047477,14785296113.27187,0.0013176476569637745,0.3229898747174474,0.43711919748747846,0.2716268591358428,0.2295745767165178,8107430.885565911,0.03689057530200148,0.18948021404994486,0.036074062428549804,0.43711919748747846,0.40859652378698735,1.0,0.43711919748747846
4,2,1,1,0,3.886880248157758,0.04217572588902521,4.269091080070531,0.07401774508984124,1.3864004925586624,9.723734194388081,0.5561771293667014,61.60007002539847,15607935834.778088,0.001276906317639462,0.32572959461330186,0.43712039619192206,0.2705481188134006,0.2269004678010175,7232686.052183577,0.036598142296734956,0.17213401477377155,0.03583519894377294,1.0,0.4076160445980311,14.274761332217533,0.43712039619192206
1,1,1,1,0,4.414028923622495,0.09775928719234675,0.40745715630116164,0.013082633928719802,4.8554839304673925,7.376306488113197,0.12140304904916388,73.69366922170516,13756588030.813587,0.0007778645482443181,0.30381444760374,0.43717644351126894,0.2837178533476995,0.20662338167921343,4406940.806269992,0.04024791015411336,0.2458198496426326,0.03845124479171604,0.2083416873927122,0.3064303777722452,0.4765620162865473,0.43717644351126894
5,1,0,2,0,0.2521290628929956,0.0744936544929614,4.906574362550656,0.022867201154533428,1.3110563907529431,6.3330341406059105,0.26392860691320436,118.3725806304278,11321170316.153751,0.000599645755249205,0.3472654715264719,0.43776988428413177,0.2550566827950246,0.2058773926475811,6416238.079979406,0.03252695571920089,0.17809238584320253,0.031773511397730735,0.43776988428413177,0.3532542271081417,1.0,0.43776988428413177
5,2,1,3,2,0.1368901871868147,0.04122147882544895,2.3840560942092233,0.016277483547350098,0.31159155874172484,4.5636076638106875,0.22674511807448655,122.77080994436899,15774096992.505518,0.0,0.307396644337567,0.437973601761164,0.28181601215170604,0.2372273539904651,5502756.810668766,0.03971013235254526,0.23729359013800655,0.038664319558430214,1.0,0.37850116604276135,81.81504212117618,0.437973601761164
3,1,0,2,0,1.2782981079247868,0.0854973004102635,2.015001118606053,0.020066382454082946,2.462688487368448,9.806151888607554,0.32605345087107934,109.31045167464364,12195882099.202072,0.0010074174009301463,0.32341417981424087,0.43819247268022526,0.270346739653617,0.18991444930948098,1245467.2878304895,0.036543679820670284,0.21866100451950665,0.03515114770203508,0.1199412593587135,0.5670936530938177,0.27371821023096776,0.43819247268022526
2,0,1,2,2,2.113716118470881,0.04807267752574799,7.12089424689338,0.020211878458577495,2.3993977125006625,13.104095091366728,0.21960590200914962,109.16985172790594,14340165821.117558,0.0005412941557648553,0.3142789511166452,0.43825014340961876,0.2774346602580156,0.21088540706894432,6779859.26896133,0.038484995356240274,0.22015904532226138,0.03675117920491031,0.43825014340961876,0.4307054515182306,1.0,0.43825014340961876
4,1,0,0,0,0.1697985014466903,0.06666626357841923,3.6852641249839784,0.041389011814416544,4.033503366307721,1.0244838233522349,0.24713510112850634,86.63824491591662,17930742104.31942,0.00062860749891613,0.33808585711841677,0.4385644434994828,0.26263203758902115,0.22004106889449362,8763499.06759783,0.034487793584080516,0.16814395442293018,0.03379427217868659,0.4385644434994828,0.3703912195873024,1.0,0.4385644434994828
2,0,1,2,2,2.002851993567312,0.04768683578213665,7.345673739913113,0.021918787656032078,2.7431515349290447,13.005318835741171,0.23969064987499236,107.60634044219792,14141813759.502378,0.0005449762277243993,0.30648334028465085,0.4386112068356525,0.28291173234369066,0.2082775185656468,5723471.520068465,0.04001952414885403,0.23919059238142004,0.03771278826709748,0.4386112068356525,0.4199210410272584,1.0,0.4386112068356525
1,0,1,3,0,0.3245305717144692,0.017812594709167236,2.786291555213626,0.045564094291619665,1.7435483843735653,8.364528542115394,0.2856451731607716,94.70780567260314,9814258147.507828,0.0010269942896890942,0.33484282154306994,0.4395370024819965,0.2638073152313712,0.16368976504892616,785765.2889487481,0.03479714978479202,0.1996112754791841,0.033186895503104774,1.0,0.5065350614352148,2.7265950011136915,0.4395370024819965
5,2,1,1,1,4.654817803715608,0.09895270654893001,1.4260155744138177,0.05872613728622749,8.094718340727672,12.834832952243168,0.1246962716699706,109.39986343963511,15784811365.903519,0.0005700254447615607,0.34297115731532124,0.43962195270291626,0.2591151146819413,0.21361769738949055,8483013.784888217,0.0335703213283178,0.18069770398217821,0.032825143235859916,0.43962195270291626,0.3305830099083687,1.0,0.43962195270291626
3,1,0,2,0,0.44714002977219336,0.037042584198102364,9.259612182896504,0.004921934798492371,8.434311384431515,1.8579530507677606,0.22407329218077532,115.12359551174629,10338408675.719564,0.0,0.3511411653368718,0.4396236801181152,0.25379113370513584,0.21119547660655003,8442834.416223159,0.032204969773669066,0.17455624030297445,0.03158686606936253,0.6490357279471479,0.49443571067131903,1.4763438761369025,0.4396236801181152
5,1,1,1,1,4.4007381418083025,0.09388534804448391,4.583687082858461,0.06664289469325015,8.965119872675787,10.980024854308489,0.05355359045866855,113.38284330868747,13320840960.977402,0.0010387084366490964,0.32061665187114335,0.4397379144453085,0.2730738534275312,0.21233718767057094,5331613.781290709,0.037284664712880396,0.22714352677576177,0.03583331179776066,0.4397379144453085,0.40471505648434214,1.0,0.4397379144453085
5,0,1,1,2,4.882574265129722,0.052567992047409924,6.5144406179493375,0.0034228508250998615,7.532403441748552,19.372663112643963,0.3327470660881131,100.50486336288034,15458789493.879587,0.0,0.31066707904196667,0.44093863605030686,0.2810089631573829,0.18234502682487605,758027.617073386,0.03948301868739368,0.24126319350014158,0.037319024780128995,0.44093863605030686,0.4854091192781074,1.0,0.44093863605030686
5,0,1,1,2,4.882574265129722,0.052567992047409924,6.5144406179493375,0.0034228508250998615,7.532403441748552,19.372663112643963,0.3327470660881131,100.50486336288034,15458789493.879587,0.0,0.31066707904196667,0.44093863605030686,0.2810089631573829,0.18234502682487605,758027.617073386,0.03948301868739368,0.24126319350014158,0.037319024780128995,0.44093863605030686,0.4854091192781074,1.0,0.44093863605030686
5,2,0,2,1,3.0732524137067787,0.07347229970211341,0.26437471572706667,0.003028608215949501,1.9326624660825253,5.966278632905671,0.49892734121654236,124.7409455564383,9233692030.953756,0.0006739158776553416,0.34070251532682255,0.4412598420648907,0.2604471026888531,0.19702851693554588,6250905.764849712,0.03391634664950901,0.20410355497601984,0.03280188050052683,0.4412598420648907,0.28861568733647747,1.0,0.4412598420648907
3,0,0,1,1,3.0480355967674995,0.030121194052594637,1.8472654675204527,0.07370798502931392,2.7984154947541935,5.799118851418854,0.7278772351987695,81.1271315849844,10714419474.141228,0.0005149067061270612,0.2995764124582019,0.441570114929545,0.2896267329777349,0.19425523717991577,2037055.5124869407,0.04194182222767808,0.26030505015058614,0.03918379863775715,0.441570114929545,0.39217032918234945,1.0,0.441570114929545
4,0,1,1,0,4.6807634795944235,0.03603336233412834,1.504542753453934,0.06744134983763567,5.87453579723546,16.466091385933012,0.7590926767111089,78.06369448537878,15743764144.201536,0.001174815809083148,0.24704345503399394,0.4419460706290477,0.337256483769052,0.2914366570360254,5667772.929290824,0.05687096792213241,0.3300269720965895,0.0545988427930893,1.0,0.6698852337895926,5.030600977746036,0.4419460706290477
4,2,1,0,2,0.9611931292638881,0.0057365003474553755,4.934547126827895,0.052766554317786034,1.8270704415622112,6.014766606188869,0.17495250130519366,84.31398261811105,16338699880.247421,0.0013601711928390146,0.26796805443668303,0.44212400944289554,0.3175679327197441,0.21601099507483273,21474973.170172077,0.05042469594594596,0.290593601797717,0.04717494796635296,0.44212400944289554,0.692744119838916,1.0,0.44212400944289554
3,1,0,2,0,4.65022915103915,0.0935530517851848,6.911492857682741,0.02129719425054377,1.8538975139569576,8.375535768541292,0.05855891180710259,106.79013915004197,13548447944.041098,0.0009055995735544726,0.3239937438944429,0.4422338349008168,0.27230228571468706,0.18881876957094165,1240425.4538841413,0.03707426740272153,0.22489171813648712,0.035613705613402345,0.1229219610006853,0.530781600018598,0.2779569343179134,0.4422338349008168
3,1,0,2,0,4.65022915103915,0.0935530517851848,6.911492857682741,0.02129719425054377,1.8538975139569576,8.375535768541292,0.05855891180710259,106.79013915004197,13548447944.041098,0.0009055995735544726,0.3239937438944429,0.4422338349008168,0.27230228571468706,0.18881876957094165,1240425.4538841413,0.03707426740272153,0.22489171813648712,0.035613705613402345,0.4422338349008168,0.530781600018598,1.0,0.4422338349008168
3,0,0,1,0,0.10698450945855026,0.009374504277176222,9.323752789636398,0.08981082601171102,9.702329107653286,12.769482893239294,0.10328675571517254,87.46171486931622,17080796274.51528,0.0008660416961427065,0.27111441988898577,0.442330412587686,0.3160546396953854,0.24393192557098856,3612609.7308119335,0.04994526763648993,0.2654997905981872,0.04744636783732474,0.442330412587686,0.5377535821012391,1.0,0.442330412587686
1,0,0,1,0,0.10332685420082784,0.008649613980397115,9.239936118819632,0.09010913616749752,9.376234282404386,12.76609476625155,0.12695862469878844,87.10800410323691,16936755392.721193,0.000882895430570681,0.34700663216509814,0.4423520436302355,0.2575903101900144,0.156645580983723,499784.45004306413,0.03317638395189391,0.18871773441690753,0.031689886276340215,0.4423520436302355,0.5807242365537392,1.0,0.4423520436302355
2,2,1,1,0,2.3327457029880367,0.040216488266867516,4.807847295998214,0.043615897312041775,5.701734225988597,7.585653605286947,0.7444191312001238,62.2862788630484,10531677307.000904,0.0014546310464062784,0.28616217986279846,0.4424443836940299,0.30184787116780626,0.22931486106340873,2528943.854448433,0.045556068664268284,0.2656058497606386,0.04333684001569578,0.4424443836940299,0.6243949022692195,1.0,0.4424443836940299
3,0,0,2,1,1.7323037050787893,0.06561784073037547,2.7688166915864136,0.03111799250637188,5.116914227375719,4.141138532613185,0.4293592854318934,65.63388428179509,16955691372.754057,0.0006877882274743851,0.3114069414748193,0.4425200888255823,0.2813888409786197,0.1915852580290426,3821582.4477818087,0.039589839913645467,0.24352396710550006,0.03695209614768622,0.4425200888255823,0.4207925670453219,1.0,0.4425200888255823
4,0,1,1,1,1.2596177016707508,0.03357990495374254,3.908692347314106,0.036253229590886185,2.7559883001662793,1.6470468494214927,0.18523072573328828,78.07384866106064,10556693013.99327,0.0008628363963004632,0.3080414488894482,0.44287179761367584,0.28591585709984896,0.22206829512606993,5108737.0266272025,0.040873938670570625,0.21731419191496715,0.03868816000602827,0.44287179761367584,0.5108167693028622,1.0,0.44287179761367584
2,0,1,2,2,2.0923301492631325,0.048847869252769946,7.404412018994901,0.01966039037496224,2.7904946190021316,13.715710657791192,0.23275570631205578,110.2894943810155,14117609796.345984,0.0005043947013043821,0.31467701309944,0.4433116236328711,0.27999300369159386,0.21278694089727587,6353783.809727865,0.03919804105812044,0.23150790338159788,0.037279517171842656,0.906043183281603,0.4123420882693274,2.043806512125077,0.4433116236328711
3,1,1,3,1,0.26997867239660267,0.09742041329870614,8.767064143443642,0.03994283898206786,5.109228216854063,6.411503270603163,0.14852039957491475,128.02186918334817,19075234484.323616,0.000809068036591947,0.3415456001518055,0.44358475032726297,0.26237312527226114,0.23341547471972932,8060431.57020539,0.034419828432566815,0.18678249030807004,0.033833146322078296,1.0,0.4690464778908256,293.2737297630346,0.44358475032726297
4,1,0,1,2,1.8363724180479937,0.09107135586408535,8.330744483789491,0.0788154748340667,1.287049841112365,1.817746126756517,0.39174578341913785,63.533054099681635,18406158476.114334,0.0006368328529254513,0.3220865800929749,0.4436870510155811,0.2763963910253216,0.21785883073760556,8118222.568694424,0.03819748248591123,0.19685454292117244,0.036974288931895985,0.351938867836093,0.405718855939674,0.7932141968770999,0.4436870510155811
3,1,0,1,0,1.8351975368952549,0.058781654917550774,0.4404730135600663,0.034037391019237744,9.495060054860941,1.4370279115121376,0.7546365455976882,89.2574958928875,11564322505.580141,0.0008787943951000391,0.3413622193042462,0.44409968053723486,0.26170438601720525,0.19939407032083145,6193196.083077432,0.03424459283032119,0.20643012942689742,0.033093021821929254,0.44409968053723486,0.3030400191642929,1.0,0.44409968053723486
3,0,0,2,1,2.7072066017815617,0.05594970349299461,1.3955769717110673,0.037563563916115636,3.788238586751733,3.0732849634978385,0.5403355805047158,75.92827649292936,15471128733.712448,0.0006352308001532704,0.29742536037958067,0.4444370252744112,0.2932444387697757,0.20191527424087063,2445993.830622076,0.042996150434700356,0.26587578552925384,0.040321898958905755,0.13614972032408637,0.3512044299029644,0.3063419845365554,0.4444370252744112
3,1,0,2,0,0.45949162455309245,0.037042584198102364,4.771867841149658,0.004921934798492371,2.8391678332163233,1.8579530507677606,0.22407329218077532,115.12359551174629,10338408675.719564,0.0,0.35254494360892774,0.4449400039070075,0.2561547318640191,0.21355132882745598,8571481.170141498,0.03280762332816377,0.175992854000815,0.03217115719559521,0.4449400039070075,0.48752438545087917,1.0,0.4449400039070075
4,0,1,1,2,2.1002872799917833,0.006274013523860904,1.9328757965584735,0.025122641623502296,1.9681026527904266,4.708621268303126,0.7509459461617557,75.92886432995294,11084473708.79632,0.0,0.31539414650979103,0.44505314699557796,0.2800759636788221,0.1740982267066613,622575.090200761,0.03922127271531043,0.24109149413035957,0.03668518898515011,0.44505314699557796,1.3384533925075328,1.0,0.44505314699557796
3,1,0,2,0,0.2568064233076461,0.07458861472755252,4.931464790632829,0.023264252439264218,1.3187129261428738,6.352086022222311,0.2637022131943831,118.7009924722129,11330639387.991892,0.000597904469019333,0.3504538880344908,0.44572445707312097,0.2579811632312676,0.2090972522394188,8098839.096864476,0.033277140291078956,0.17809291369373037,0.032545172365132394,0.44572445707312097,0.3530564453499106,1.0,0.44572445707312097
3,0,0,2,1,1.742501326919543,0.06622998311255195,2.759734659338783,0.03118387526213456,5.138925012858433,4.0830699738658165,0.4302549884770925,65.53989659444922,16989548146.458975,0.000687505242644094,0.31465632709098856,0.44667956143317583,0.28163576201926843,0.19168700372188474,3779487.2596584903,0.03965935122408701,0.24401824256815874,0.03700929758809654,0.44667956143317583,0.42059202039570137,1.0,0.44667956143317583
3,1,0,2,2,3.644863536376245,0.09580463176964624,0.654487131159842,0.07346638025430452,1.1986276072042588,5.479889067287124,0.5840895084421763,123.2963363162836,17537368857.940758,0.001075353026233496,0.3460685734230944,0.44686084108756086,0.2612009594768483,0.22381608377012358,6987867.791991246,0.034112970615813074,0.1882827039398659,0.03343559936478424,0.9688410718346213,0.2574524787289017,2.168104659778815,0.44686084108756086
2,0,0,2,0,3.7112011569599352,0.060432725613080406,8.085974755898134,0.005480799342688854,7.87919157631723,2.4074947226731,0.2425640137069469,121.04594961623691,11603490345.6855,0.0,0.3175730393525225,0.4470335618879984,0.27988812877438785,0.20465748641609652,3934356.216996759,0.03916868231441415,0.2379190050835952,0.03709909201452198,0.4470335618879984,0.39107966226310337,1.0,0.4470335618879984
2,1,0,1,0,0.21820390232720832,0.0730578553570036,8.716738200145668,0.00892494879367857,9.176686948670936,4.953498969600732,0.22091249929987375,83.45494254932386,15255829134.773201,0.0,0.3387971824232414,0.44728543907360074,0.26563971318909785,0.2147475359379982,7105812.440738462,0.03528222861159308,0.20676733296628358,0.034256263209490406,0.44728543907360074,0.3307902442014082,1.0,0.44728543907360074
2,2,0,2,0,0.6416710559262452,0.07318588746184768,4.707441316647755,0.012114981645794564,8.15496152315804,8.156342992112112,0.3831235385364741,96.45505602782485,11211260351.761826,0.0,0.3449809491604483,0.44728735148150617,0.26317466929342703,0.21424198572956046,8954397.300273145,0.03463045327885235,0.17233496186892894,0.033840332831995994,1.0,0.3450976018072366,10.917157863807725,0.44728735148150617
4,0,1,1,2,3.9087807353107045,0.0766712613750957,1.8294099946822184,0.03956138117890626,1.4169425433886702,5.779130095390848,0.1719717675228683,101.59462977304753,12420459448.961044,0.0005213062793620083,0.3333456601305212,0.44734334406582693,0.2701918516076181,0.19800783721133683,2799842.2210253035,0.03650181833757656,0.19839818761176575,0.034877113278463746,0.44734334406582693,0.3792482598212467,1.0,0.44734334406582693
3,1,0,2,0,0.2522723086647471,0.07455117738641884,4.919989606166413,0.02311700362125186,1.2956616581099647,6.380457309643795,0.26276088757411037,118.40135435907003,11338911688.178173,0.0005991286211962685,0.35120829814680227,0.44805108865997295,0.25890749641995886,0.20964159512212432,8155443.060381636,0.03351654585122551,0.1788615530465737,0.03277737871782471,0.06749289543448464,0.3530389616674942,0.15063660627706935,0.44805108865997295
3,1,1,2,0,0.3143080698820065,0.04112514351560506,7.51167274636601,0.02314800542061717,4.827027857422686,1.4723304804268318,0.8187661747442784,83.61767520633055,14542916893.356432,0.0008065818586033844,0.345159962527948,0.44815398201514434,0.26225902623457775,0.21008574994888024,7582754.930350618,0.034389898420754475,0.19567527311584687,0.03346386857718773,0.03733766246781649,0.3732787367285772,0.08331436061312236,0.44815398201514434
1,2,1,0,2,1.7565750893199585,0.032514494170619156,7.008567476170259,0.01669026687942238,6.429313916640985,6.971336117402343,0.27572217093561,111.68623417538501,9222826535.710474,0.0,0.3521541502881258,0.4481595848506365,0.257382949833011,0.1626829677268144,620738.2858575085,0.033122991432371136,0.19504010499556101,0.031689558730123614,0.4481595848506365,0.33182062524372674,1.0,0.4481595848506365
1,2,1,0,2,1.7565750893199585,0.032514494170619156,7.008567476170259,0.01669026687942238,6.429313916640985,6.971336117402343,0.27572217093561,111.68623417538501,9222826535.710474,0.0,0.3521541502881258,0.4481595848506365,0.257382949833011,0.1626829677268144,620738.2858575085,0.033122991432371136,0.19504010499556101,0.031689558730123614,0.4481595848506365,0.33182062524372674,1.0,0.4481595848506365
3,0,0,2,1,2.705746286217399,0.05533593454313002,1.4961659408234473,0.03695319619304733,3.885602523091767,3.1111763964648094,0.5218560663458628,75.4961022207202,15487900954.781347,0.0006389670514319121,0.3023415512198715,0.44821340485319444,0.2919526937203724,0.19728458288693224,2325556.553522908,0.04261818768529079,0.26190557009164706,0.03988299913712096,0.31025539628284005,0.3592989877342218,0.6922046349427223,0.44821340485319444
2,0,1,2,2,3.936423967721434,0.04807267752574799,9.057634632772881,0.020211878458577495,2.3993977125006625,13.104095091366728,0.21960590200914962,109.16985172790594,14340165821.117558,0.0005412941557648553,0.31162676873522765,0.4482730599169643,0.284842685858009,0.1981125348696196,3725082.135655966,0.0405676778434022,0.25061968994635,0.037811539188120344,0.4922923309980513,0.4255765772231492,1.0981974493163629,0.4482730599169643
3,1,0,2,0,4.595239961622229,0.0963276703870811,1.178539904480423,0.025929641360005258,5.503592299375906,10.433662126016095,0.2723782991129978,105.07626792446955,14054880626.328724,0.0009574224922711241,0.33125023005295007,0.4483178859690758,0.2709715514365736,0.19930071590720164,5598689.984533556,0.03671279084397182,0.22340636481217047,0.03527302254852902,0.4483178859690758,0.30059880649496545,1.0,0.4483178859690758
2,1,0,1,0,0.38801382936427653,0.08600231211307845,9.204084277418032,0.016685507084331717,1.9309373036594746,5.340310985185602,0.41274888135546545,80.70549411513451,14290998610.124054,0.0,0.35433058798803707,0.4483625616894108,0.25699511136362485,0.21136662281289972,8720064.165502725,0.033023243632400966,0.17804993886869191,0.03233575713259993,0.4483625616894108,0.3431501367363422,1.0,0.4483625616894108
2,0,1,2,2,2.1515572959388147,0.04829998536493175,7.74097057173996,0.021742683450208317,2.937864004370867,12.928177879827025,0.258971920450002,107.76615662302989,13889801537.83833,0.0005069281314605603,0.30800729995712084,0.44837178163174457,0.28776941462914607,0.2147151039781517,5552123.623157055,0.041405617998000695,0.2531609485963272,0.03898849663384155,0.7380742199833747,0.4134008274964907,1.646121032187453,0.44837178163174457
1,0,0,1,1,2.9865434305524867,0.09061079720154525,2.5102549504581644,0.044375163085640455,4.934191796984702,3.0576599744214543,0.1688614628690264,68.63002748271965,14473367113.670322,0.0009977886738963214,0.331286217169989,0.44866499039437324,0.2719669350390178,0.17343888584750902,733598.3078968588,0.03698300687725867,0.2097689828463567,0.03532580917920022,0.44866499039437324,0.3726777752847842,1.0,0.44866499039437324
3,1,0,2,0,0.2821498316191605,0.07530120174582991,4.979200983764602,0.020988526286857465,1.3390378000505896,6.2850319835415025,0.24474377868867536,117.86223247775501,11428323912.116657,0.0005919627971412095,0.3467800267885825,0.448742341602415,0.26221816475984683,0.2128632196158843,8186112.50779852,0.034379182965011086,0.18309262651256386,0.03358896053599275,0.448742341602415,0.3543536455834507,1.0,0.448742341602415
3,1,0,2,0,0.6422604435394844,0.08111755136263306,2.0419962596933185,0.0013933301771884583,3.506099736207318,11.37804043222869,0.26320932922597906,110.7990766022766,16599219807.163002,0.0,0.31243640787105265,0.4488439115880186,0.28465104306136363,0.1899641540207739,697073.8309055049,0.04051310815796114,0.24935387026453437,0.03875655272905019,0.4488439115880186,0.3114444505190319,1.0,0.4488439115880186
4,2,1,1,0,0.37556667890211937,0.032816563280359055,4.159339115528743,0.04337252561878107,1.4060198482681927,3.2135302345562797,0.763549828396534,78.82725123516721,9587087029.199272,0.0010624381445782682,0.3401922279609277,0.44897378546279143,0.2672072065115604,0.23129742738348819,7142503.7831231905,0.03569984560585583,0.18133226431852278,0.035022101268956496,0.27612672282170764,0.39433148522774664,0.61501747265062,0.44897378546279143
4,2,1,1,0,0.37556667890211937,0.032816563280359055,4.159339115528743,0.04337252561878107,1.4060198482681927,3.2135302345562797,0.763549828396534,78.82725123516721,9587087029.199272,0.0010624381445782682,0.3401922279609277,0.44897378546279143,0.2672072065115604,0.23129742738348819,7142503.7831231905,0.03569984560585583,0.18133226431852278,0.035022101268956496,0.44897378546279143,0.39433148522774664,1.0,0.44897378546279143
3,1,0,2,0,3.9334712400305216,0.07782474779170762,0.6490629608590239,0.00902817958538111,8.099232253142368,3.544151292146376,0.17823261838371415,124.58961703539926,14132333881.797626,0.0009330435892574598,0.3441446829148169,0.4493646701474517,0.26303963266768904,0.20227653446405586,5885763.592299798,0.034594924176976384,0.20835112842539238,0.033395233933969246,1.0,0.3001810497431125,9.308698775116135,0.4493646701474517
3,0,0,1,1,3.2168355400467075,0.01909450307717458,6.66121342904028,0.060073484755775196,3.8654412277006354,2.023386478986505,0.7715826510352245,71.23242947390843,10323985275.585436,0.0007299619742842458,0.29297144398202235,0.44941703565843644,0.29985570360016145,0.18042877096613846,271023.06538351177,0.04495672149077394,0.2827143568203181,0.041497356217118656,0.44941703565843644,1.0268759614422978,1.0,0.44941703565843644
3,0,0,2,1,1.739059340203522,0.06396990892428606,2.900590316624992,0.030803471339038168,5.157703571470679,4.0958959387309,0.45094607952660787,66.37265993802497,17002690993.729477,0.0006975098883664935,0.31510343354098236,0.4498855858085288,0.2833040751219565,0.19256924874360487,3887920.3802558403,0.04013059949035359,0.24755434547105348,0.0374188062954561,0.6640772708440573,0.42134741848708585,1.4761025731699893,0.4498855858085288
3,1,0,2,0,0.24790595407018373,0.0746123513056683,4.921372255289631,0.023061694334083466,1.2923390771635335,6.358170772801635,0.26302882427866436,118.4014676026835,11318599544.071384,0.0005991820630595121,0.35163159285716494,0.4499756991590388,0.25980717034358325,0.2102626581802457,8200526.941312272,0.03374988288096984,0.17956427828961385,0.03300350937277724,0.06777600881000839,0.3530073225390978,0.15062148675289627,0.4499756991590388
3,1,0,2,0,0.24872865202023242,0.07457610485946863,4.914364530251774,0.022938382390548885,1.2881165840940536,6.325039999191313,0.263696817431276,118.34316029043433,11326752103.754633,0.0005997099486260144,0.351417747722372,0.4502073249928647,0.2601123667891171,0.21037039484714337,8246041.427710036,0.03382922167831809,0.17943589286806794,0.033082847207900064,0.03388001252035473,0.35301920278461396,0.07525424540991574,0.4502073249928647
3,1,0,2,0,0.24421095837859091,0.07455145564089566,4.926778269025878,0.023021387049268163,1.2933747651113983,6.379336592988984,0.2638853971084596,118.32533866738572,11299243734.46572,0.0005976744275433881,0.3517927117862258,0.450492487365636,0.2600098750527224,0.21028548802876038,8204297.914196975,0.033802567562466156,0.17984723214431142,0.03305316819309636,0.06788169127947669,0.35278124265145544,0.15068329258148416,0.450492487365636
3,1,0,3,0,4.401356887955639,0.07953047438803937,3.660956430896532,0.002132040506786014,8.1185277000819,16.76403636102983,0.15513872822316033,117.475161790265,13878878280.555775,0.0,0.34538501968019764,0.45059186610389773,0.2629750440839365,0.17673040113797298,851180.8673451231,0.03457793690547418,0.2079146118318067,0.03307804673995609,0.05781770619285789,0.3829949832394542,0.12831502417650445,0.45059186610389773
3,1,0,2,0,0.253142611844569,0.07450757428440678,4.899027647779387,0.022850940587077633,1.3109898305569088,6.328813060536549,0.2632202875007993,118.35901260718822,11322701888.211006,0.0006004343084102094,0.352053539616995,0.4507346317585354,0.2600012854175347,0.21032030735335555,8247070.67746737,0.03380033420938518,0.17953631332670994,0.03305622722487605,0.4507346317585354,0.35272820496149637,1.0,0.4507346317585354
2,2,0,2,0,0.541113365535593,0.07295723067084382,4.54247311845459,0.009909426698342104,8.362900898562279,8.452156880136567,0.3811927776125832,95.79285858877616,11298290225.049187,0.0,0.35092385906155416,0.4513642973988197,0.26140602627837173,0.20434248328536128,8763612.126516702,0.03416655528732439,0.1758908718197647,0.03333411196530573,0.4513642973988197,0.3350617285662809,1.0,0.4513642973988197
3,1,0,2,0,0.40755856648122457,0.07753415350105249,5.172539120017467,0.022185137712707036,1.1542646555894778,7.217207130022951,0.24816817166501998,118.74571329602026,10936230742.908508,0.0012435002652239457,0.3335812978119171,0.45184493321218044,0.2729592854916032,0.23314863377904568,8200169.735580416,0.03725338576804327,0.19947119908451127,0.03647380242668011,0.09434148260550698,0.42336269930956516,0.20879172404309215,0.45184493321218044
3,1,0,2,0,0.40755856648122457,0.07753415350105249,5.172539120017467,0.022185137712707036,1.1542646555894778,7.217207130022951,0.24816817166501998,118.74571329602026,10936230742.908508,0.0012435002652239457,0.3335812978119171,0.45184493321218044,0.2729592854916032,0.23314863377904568,8200169.735580416,0.03725338576804327,0.19947119908451127,0.03647380242668011,0.09434148260550698,0.42336269930956516,0.20879172404309215,0.45184493321218044
1,1,1,3,1,4.041470944716916,0.01831903135060683,4.303805498202823,0.005567576852944644,5.983346980266461,4.0114933550653715,0.017401263069600322,105.31255255620312,9442561156.982193,0.0,0.3177697895446466,0.45205321789092423,0.282895524171109,0.2006818756841617,1718058.305981976,0.04001493879802326,0.2433061944711994,0.03841496313078715,1.0,0.3814188390658148,19.69249312184446,0.45205321789092423
3,1,0,2,0,0.11643249664937383,0.08070683354787583,4.594297342105661,0.016954449363242172,2.2365369414912126,7.841255274879584,0.3686545751187651,120.98056637042546,12025389886.051163,0.0,0.3582721826452267,0.4521283426457867,0.2556633304314982,0.2068015010897411,6403009.478088354,0.03268186926366271,0.19573667819557639,0.03177388628968157,0.41309361169267395,0.3267053834284398,0.9136644902093786,0.4521283426457867
1,0,1,2,2,4.356010299254411,0.02940548413565158,1.4093711982739934,0.05402347747862585,8.65601944801892,9.975834225051859,0.6230701200670454,129.8394881540642,11799641081.548372,0.0009721351864221161,0.3166109258869926,0.4522144309734609,0.2837111425240114,0.21288556819145069,4782262.070618329,0.040246006196139966,0.2473528692268837,0.038530731872378536,0.08244376568451109,0.34400544235216024,0.18231122237085234,0.4522144309734609
3,2,1,0,0,0.3780373554389692,0.052514546965928686,9.120070940275058,0.03037109806517671,2.7999315418125574,4.067852002545688,0.45527928964752873,103.6710737371841,11309042874.058723,0.0005703149818278504,0.34459193842914376,0.45280423646615603,0.26649360255086446,0.2272798338450058,8677738.541976111,0.03550942010026905,0.18186510105961873,0.034834787766797395,0.3878091535780414,0.40924245969714323,0.8564609655701122,0.45280423646615603
3,1,0,2,0,0.18911139106669098,0.0746123513056683,2.812259334017889,0.023061694334083466,3.304735769921083,6.358170772801635,0.26302882427866436,118.6569480871453,11318599544.071384,0.0005991820630595121,0.3525677871443409,0.45301866461058915,0.259948098887978,0.20180446910292674,6809004.308496165,0.03378650705773699,0.1995093499209254,0.032813377593679055,0.45301866461058915,0.3427487370612428,1.0,0.45301866461058915
4,1,1,1,1,0.2109888825072377,0.05865409202903819,8.553816940597313,0.04263257716678252,3.557756106776789,1.2567170980106717,0.49371209160482205,99.44657283497644,9541145435.277155,0.0008832007974643797,0.3381601702281908,0.4532507409574413,0.27041420588331516,0.2379183015617533,7971431.7024647305,0.03656192137175198,0.20044022509975856,0.035846291451470065,0.4532507409574413,0.40979756856378724,1.0,0.4532507409574413
3,0,0,2,1,1.9360929230010413,0.039028213625598406,0.4288241324648133,0.035245543529716976,4.875276407207633,1.0764507546540438,0.6140833109307297,66.78306248410973,18792335913.751633,0.0005782997847207013,0.285484644033832,0.4534287986698683,0.3087402169259588,0.21287707211410467,1973934.4566195556,0.04766026077374406,0.29955365419703106,0.04475739345185801,1.0,0.29871408048726356,7.686822435212321,0.4534287986698683
3,1,0,2,2,1.4224430545895201,0.058912478557459375,0.3858168997130518,0.005482284568059286,3.5555802069822366,2.8646836087688903,0.4118408693525221,105.13130664411206,13097811173.312952,0.001016681696697231,0.3225746599721532,0.45358446554453363,0.2803257363063283,0.2073947069264441,4761852.304677198,0.03929125921784255,0.23951167363793624,0.037600833740207784,0.33547855942208626,0.2865725801234856,0.7396165100569311,0.45358446554453363
3,1,0,2,0,4.962131156526028,0.08409570542449737,2.8021443505799817,0.04693516049592842,0.4949972225766629,16.145832270769905,0.2838747093496305,122.77572511775854,14722961671.839968,0.001122480410857502,0.3080006939682327,0.45459957480227736,0.2915727899435308,0.21979781150462385,1935327.933853987,0.042507345917727174,0.2638182758537364,0.04093509634046291,0.45459957480227736,0.6068161097449309,1.0,0.45459957480227736
5,0,0,1,1,3.920809806367627,0.09537325868191224,5.404038827439006,0.010534353940591733,1.4374000525581037,12.082656485162369,0.1419022039614818,92.24901378641495,14532125452.905886,0.0,0.3198023591200154,0.4552392572801479,0.28322278736051076,0.16080659760227975,324143.46521919104,0.04010757364012854,0.2473691306468001,0.036954077523029295,0.9074449007851864,0.44637249372764204,1.9933362210604728,0.4552392572801479
1,2,1,1,2,4.876601004682122,0.04603369333534634,5.69798486851266,0.012670462034525824,7.615904593892756,14.168740464495084,0.08562102981572106,90.21404145234773,13070044076.994308,0.0,0.3284712188609996,0.45526228113375766,0.27806284099416223,0.18221740685548884,510739.20212822995,0.03865947177087238,0.21843650691174055,0.03700048905875376,0.45526228113375766,0.3145691787665832,1.0,0.45526228113375766
3,1,1,3,1,0.5570979941598642,0.0793869044521062,1.0822465524584726,0.02315485330019201,3.7471578405192476,2.1087894815462014,0.04645241480596618,120.13046894924564,18256182992.440636,0.0006560168690588815,0.30805134008635743,0.45530331708742816,0.292548183750368,0.24039601185696322,6439497.434708421,0.042792219907819534,0.2548328047960654,0.041434881537767164,1.0,0.358352868201867,124.63318267598069,0.45530331708742816
3,1,0,3,0,4.256273325444758,0.04096319385412631,2.556604557514838,0.025407204379700662,3.2358298369082537,7.2113740377972535,0.24493498682848527,123.38981640172382,16682817168.00889,0.00092260412005521,0.35952111050585567,0.45566327538577206,0.2573090761107707,0.15253487514879704,575904.0410234662,0.0331039803244892,0.19114392442422523,0.03159224439086319,0.45566327538577206,0.3925538862158996,1.0,0.45566327538577206
4,2,1,1,0,0.3439455962597012,0.031419000891587424,2.9765415867197733,0.034946941664082076,7.229726520165814,1.0038802441683579,0.6805098883817804,107.70386337425465,19268578702.923584,0.0010054044402907974,0.35143809513258784,0.45586351752718757,0.26328597367585854,0.2153103396703137,8034741.602006464,0.034659751967222444,0.18705532072678788,0.033868291998396104,0.45586351752718757,0.368600156012884,1.0,0.45586351752718757
5,0,1,1,1,3.2559618544428717,0.07432157363140221,8.381183635696491,0.06086546132076927,7.4161003332984325,2.8098368140704912,0.7364875722034254,68.31941271934436,9474883878.508385,0.0012773019187098812,0.3226742591880064,0.45592533357120885,0.2817782556138866,0.17234874540241996,2385392.0114872074,0.0396994926684024,0.24073750868892774,0.03648523591500594,0.45592533357120885,0.5544361166766698,1.0,0.45592533357120885
3,1,0,2,0,3.063108179800322,0.08898771946573392,1.4422107031256806,0.04213706215887076,2.1615880660719955,5.854457801483876,0.8228411818980682,71.30348483266961,13679502772.555563,0.0011718103860405922,0.3162808939609982,0.4560695812378062,0.2863633861047811,0.21611018536542023,1825605.600245341,0.04100199445069797,0.2524462672124055,0.03950598988847358,0.4560695812378062,0.6018150043931798,1.0,0.4560695812378062
2,1,1,3,1,3.7565085353616046,0.005869490174970483,5.995360261008028,0.03246104243580167,3.07543591549454,2.9238120096895557,0.5254237926400336,129.35609550022946,9931861731.318615,0.0012632575662563945,0.3563226081650953,0.4562535454001859,0.25976296695214485,0.16540152223013826,359824.3618801254,0.03373839949989055,0.19321182235755985,0.03234661073518539,0.4562535454001859,0.7911069385404934,1.0,0.4562535454001859
3,0,0,2,1,0.9964419540826078,0.06641899255812948,0.8849701347258566,0.03607000062350027,8.697843654289551,17.698814560611165,0.11036017321982076,94.73242306106218,16451618665.990652,0.0007753656024119509,0.33555923234989526,0.4565949053573136,0.2758154827954805,0.23703272910413356,9616701.614217719,0.03803709027485201,0.17901937151522074,0.03727154634564031,0.05744219979235183,0.3717707289481145,0.12580560825005213,0.4565949053573136
4,0,1,1,0,4.649414540116104,0.06714376574745726,2.744858369961446,0.019783097671394967,7.345010756279313,3.084745457080787,0.362512995327379,84.17421306779354,16233395279.133799,0.0007211386951884076,0.3128705271286979,0.45697120217564785,0.2894326674121888,0.18578664237277506,1805425.632172207,0.041885634482667355,0.25896239871772164,0.03893874165541182,0.45697120217564785,0.4337496615464284,1.0,0.45697120217564785
3,0,0,2,1,2.706421512708236,0.05572588225011974,1.4161779508540255,0.037447670657573796,3.773462938690265,3.090312220788123,0.5402133586138319,75.67853914046479,15508468071.09132,0.0006361355235476474,0.3030020580050681,0.4571133290785369,0.2970434428230375,0.20083863978627625,2147804.5223180978,0.044117403462081574,0.2744943026526878,0.04123769674898582,0.1849189203267441,0.3442918200911504,0.4045362682805801,0.4571133290785369
3,0,0,2,1,2.706421512708236,0.05572588225011974,1.4161779508540255,0.037447670657573796,3.773462938690265,3.090312220788123,0.5402133586138319,75.67853914046479,15508468071.09132,0.0006361355235476474,0.3030020580050681,0.4571133290785369,0.2970434428230375,0.20083863978627625,2147804.5223180978,0.044117403462081574,0.2744943026526878,0.04123769674898582,0.1849189203267441,0.3442918200911504,0.4045362682805801,0.4571133290785369
3,0,0,1,1,3.1978846250079864,0.018850507897519485,6.662778068032196,0.059803658523764125,3.912887492935626,2.1246326898979064,0.7697349299578996,71.01715891583025,10239720694.666908,0.0007213346695338887,0.29753410069575914,0.45750050463064057,0.30144775876874896,0.17858657449194124,242161.7629972786,0.04543537563335093,0.28664830992888846,0.04188788066908851,0.45750050463064057,1.0315940137140118,1.0,0.45750050463064057
1,1,0,2,0,2.600478906013981,0.07021415687492147,1.4305595023612856,0.012914121702077246,4.462385535031574,17.00588669635455,0.29859640492330086,128.85572111631933,11976442293.123066,0.0,0.3497991143244785,0.45752144948786116,0.2649259489010022,0.16715471561459394,454017.23689137696,0.035092879200548203,0.19720892016707603,0.03359460173082225,0.45752144948786116,0.26922974612248013,1.0,0.45752144948786116
1,1,0,1,0,3.0804855743129016,0.09213192447152317,2.287896958413218,0.005935319387904147,4.397967103905581,7.247961180065716,0.3253946888714203,122.63510930543062,9041167283.718618,0.0,0.3609335392645224,0.4577952802778782,0.2574317856577896,0.15698325104682856,650124.5608034098,0.033135562133479075,0.19554811851989884,0.03162288666497546,0.6851848842692593,0.32259749116396036,1.4967058722260251,0.4577952802778782
5,0,0,2,1,2.5277546697252875,0.028574583996674573,4.275914688504282,0.0025537187174446627,3.61740156398567,9.239789825243333,0.47320899636937774,119.07903461455513,16118564200.921389,0.0,0.35359073589927315,0.45813032069492315,0.2621986023795101,0.2016981405777838,1762208.1435299835,0.03437405354488422,0.20469950705043438,0.033205518436479994,0.45813032069492315,0.4886829916335678,1.0,0.45813032069492315
2,0,1,2,2,3.594207677458425,0.08168365416164856,3.4932750679799818,0.08462444800668657,4.928324724762969,4.276085493768365,0.8339884573232389,100.62600869159463,13856697655.05466,0.0005551592731847013,0.300752629253629,0.45844975327476495,0.299529209724556,0.22081613499456848,4237601.090035976,0.04485887373910852,0.2822515135045637,0.04225129036805873,0.027611765333595634,0.3711127070614133,0.06022855315410528,0.45844975327476495
4,1,0,2,1,1.79978705591069,0.06073206673375983,0.16126288278969647,0.022440082702293994,0.6170544241926108,7.9224156341195835,0.8334006188861505,112.88572651840433,18286066035.860996,0.0011163116933356426,0.30557710163714974,0.4585552551976495,0.30048309205181123,0.2587088377504945,9617878.986681463,0.04514504430450863,0.19418590849565864,0.04405590139648532,0.4585552551976495,0.6133000511737763,1.0,0.4585552551976495
5,2,1,3,2,2.5676701573741183,0.017287992606106507,8.26652389071957,0.007558851411560839,4.475187317251466,16.063975334662928,0.4669259900523899,75.03240094962044,18227468035.258347,0.0,0.2957542600408192,0.45875015000137054,0.30553708379162137,0.22043270070615736,1897687.1834605911,0.04667645478594413,0.2593354096758018,0.04434272518189828,0.007482318666932975,0.3916120723901616,0.016310226093464213,0.45875015000137054
4,2,1,1,0,2.1381303441281725,0.08477309037766324,7.543325420775205,0.05545821260000874,1.556860125270827,14.143885842314795,0.7793990567793574,92.56631456804419,11297201428.642317,0.0010812100941932936,0.3280574150521045,0.4593892878897813,0.2825320511193528,0.22598798938828557,3907305.43501774,0.0399121799548543,0.19496299291176433,0.03867101086487,1.0,0.4281212765541504,24.06965249798189,0.4593892878897813
3,1,0,2,0,1.8052844969851558,0.03855414308347537,0.4161778006694078,0.01719139989267024,3.5835228794928207,1.8844949638622583,0.6833339941159426,110.36207711162743,10570901631.909632,0.0007910253828459684,0.35067732523379547,0.4596723139487035,0.26482623254908644,0.2025227765390321,6358380.7986649545,0.035066466723071406,0.2120043669400895,0.0338937287886755,0.2705897207645442,0.27790276992077884,0.5886578602920607,0.4596723139487035
3,0,0,2,1,3.993593220897326,0.07639651088850023,6.625289172322486,0.04262020889700043,3.836640621880427,5.645010171951443,0.25303685789716557,88.65448889148118,9127326703.268373,0.0007990097195736367,0.3292684538331073,0.4611604904202706,0.28018797815786617,0.16319813184695547,2500335.729959819,0.03925265155209645,0.23975287081802255,0.035976827194728195,1.0,0.524196270723695,4.869902608128974,0.4611604904202706
3,2,0,0,0,0.4327363561658806,0.09825010275097734,5.196906921606556,0.023746026324317118,0.6890241422316875,8.632625835757816,0.027613763379428086,129.909121530885,11153546467.842205,0.0006377626175121179,0.33471952178267694,0.46139854233372374,0.2806756822678128,0.2330772243730831,9631188.19737934,0.0393894193082511,0.16125772107068959,0.03852024932894115,1.0,0.4059086981711283,29.352219299426526,0.46139854233372374
2,0,0,2,1,4.422836101176851,0.029484120984251763,1.585964559230229,0.014354222786524318,1.3553845236753497,5.996929250287157,0.7116199051953842,120.82018008172605,12245789847.186226,0.0,0.328169839822069,0.46156460076663575,0.2811572815902365,0.20364381244144034,3812877.7804417303,0.03952470849560577,0.2426026275545693,0.03734424801105784,0.46156460076663575,0.35922677283033033,1.0,0.46156460076663575
3,1,0,2,0,0.5345699622583132,0.033486909121728664,0.577262041710153,0.00302052278480218,0.4471881639823858,7.059578049381818,0.5003773680435972,107.73345030695097,13955291257.063675,0.0,0.33114002186789415,0.46161630743573406,0.27950122296951574,0.20961686163035495,3966033.7888893113,0.039060466820727474,0.23171709377168725,0.03744184783671754,0.44572722294301004,0.22806185914755842,0.9655794558450773,0.46161630743573406
3,1,0,2,0,1.0278052604148815,0.0678091961746592,1.7910599584530127,0.04201917046831557,0.48447210098542515,17.09020798846582,0.41678056788247303,113.94234988179018,12380255955.785528,0.0012990580060780461,0.3122781122293404,0.4618429528454244,0.2934495197606678,0.22283913585899492,1920214.2734297416,0.04305631032388328,0.2571330309228651,0.041376337620109616,1.0,0.6429591960378696,7.514324347372817,0.4618429528454244
3,1,0,2,1,4.24619721604885,0.07516617306465974,0.4552681588065368,0.006676940573738072,3.5798911350171005,3.108251710598293,0.10091330401998082,95.67312300509568,10603495466.979944,0.0007029874239088804,0.34119571980605634,0.46250130067911854,0.2776722593808493,0.20220935039364135,11094128.097156312,0.038550941814832825,0.1412776438406642,0.03742869393164458,0.46250130067911854,0.47953476577022985,1.0,0.46250130067911854
4,1,0,0,0,0.37985715939212567,0.08208791886354756,3.199290177412264,0.056108343323042716,3.7418251479182976,5.326552482547109,0.5359023261279434,81.28666272671015,14666898577.25505,0.0008372144721111026,0.3602929412788836,0.46271501005705357,0.26174120297517667,0.20981487464524523,6923554.639503851,0.03425422866744631,0.18216245900285155,0.033469887069204236,0.46271501005705357,0.3767882783587844,1.0,0.46271501005705357
4,1,0,2,0,3.5907014868028018,0.08829149392196546,9.308362161704535,0.07678267294941626,4.504024428378436,7.981021025023815,0.4492752156743185,128.17487196992028,14898836811.825607,0.0005594294065532464,0.31601482593504177,0.463239787095582,0.2910379962912404,0.21953402705524036,3720620.88985432,0.042351557642610026,0.2615751573261267,0.04003982944005965,1.0,0.40162016926636795,2.2372816176417945,0.463239787095582
1,1,0,1,1,2.550335205117678,0.07677469004702973,7.171538993304643,0.025399659574382085,7.388573696482926,1.4221316764166958,0.7533369565577297,73.42909078354606,11957836247.060738,0.0014214157539725587,0.33555865961677983,0.46391442625010515,0.2779737706542957,0.18129546930657217,1053999.5387104545,0.03863470858588349,0.22576283803765917,0.036884299306159066,0.46391442625010515,0.45990480592047256,1.0,0.46391442625010515
3,1,0,2,0,2.7756489707418046,0.016861180850592253,0.9486470855132513,0.027514389344214765,4.156125235327128,4.043706575454048,0.5531046588586429,122.75930189173351,14741083208.9412,0.0005985580563014171,0.3375945081052174,0.46425758158176916,0.2764960734799805,0.18395749242974524,150360.763767834,0.038225039324923396,0.22840223201193,0.03675674715863881,0.46425758158176916,0.7820132594170139,1.0,0.46425758158176916
3,1,0,2,0,3.059625187714499,0.08902170537427001,9.235700702703994,0.04212442280323855,1.9729415728182864,6.271631101267813,0.823261646157759,71.35493558819914,13689751179.728872,0.001136438429145398,0.30961499939042414,0.46457640486495105,0.2970588939973382,0.22083989963088713,1979942.5348554407,0.044121993251460906,0.2671528358100981,0.04233089341201374,0.09220525766932204,0.5908337950835423,0.19847167592621376,0.46457640486495105
2,0,1,2,2,3.5927076799462667,0.08169808905045896,3.4986146342670583,0.08459146479981351,4.922235285952345,4.273189879825179,0.8342735867773141,100.62141318963445,13860407088.48473,0.0005548161977351095,0.3143638391416166,0.46517238078389056,0.2933912827917726,0.1983590245328203,2442560.9952389584,0.04303922240910094,0.26803605305811173,0.04003800081853607,1.0,0.38283542018677263,3.3927980408022216,0.46517238078389056
3,0,0,2,0,1.8640938844819905,0.08937916092097109,2.0461446208715515,0.005330788822000193,8.801172390825236,2.01393124238315,0.3869362993576077,115.4892947330524,9855108200.73285,0.0,0.33791186568211584,0.4654820208211121,0.2767143378230305,0.2110303991573417,5108197.802456926,0.03828541237841912,0.2344501195813643,0.03656395263391481,0.4654820208211121,0.4203438929884593,1.0,0.4654820208211121
5,2,1,1,1,2.735491553557218,0.005846519114200985,4.733743861814225,0.004333037010048681,7.467569309988835,2.969960995074902,0.1741565573989463,119.07400443276336,11945344986.277433,0.0,0.3654127764164145,0.46627517828835996,0.25934899493459296,0.17050706748873543,62951.18469634743,0.03363095058679177,0.20128827313391207,0.03243755953071655,0.46627517828835996,1.1250206974101373,1.0,0.46627517828835996
2,1,0,1,0,1.2294127977218423,0.0073124798160819305,2.9995089052647503,0.014496241579314756,9.331338658077508,2.3253364964944496,0.6919924831979398,84.66324871285596,19355271678.936188,0.0,0.38039461933012325,0.46628882917830655,0.2503911910800344,0.15467508475046973,279867.58946924476,0.03134787428523915,0.1847926437025369,0.029989041434359397,0.46628882917830655,0.7771034416823741,1.0,0.46628882917830655
3,1,0,2,0,1.3694104529483153,0.016110731708839685,8.805962525937185,0.018712011310458354,5.126612443139349,2.956647452206532,0.5561290037232833,128.76942403140913,11837519184.399944,0.0,0.3670528925029109,0.46713633035046065,0.2593582645614633,0.22205405072704912,8304800.6724069,0.033633354698167,0.19111649292465105,0.03302912093190711,0.17814864486863946,0.4368294385937409,0.38136328367991984,0.46713633035046065
5,2,1,1,1,3.360110510625384,0.02227499260098069,1.0096071706443026,0.03893846724987297,7.146219139121751,1.6128353070812496,0.8165578365153873,105.5956100486157,14028853658.1491,0.0014116086670691455,0.32968872675489175,0.4671551444635035,0.2845298998350657,0.23247763581626857,7570261.743687295,0.04047863195007627,0.22879596001221458,0.03930246422174533,0.21319786145687825,0.3555724071752508,0.4563748552993498,0.4671551444635035
4,0,1,1,0,3.7600809435314053,0.03603336233412834,1.504542753453934,0.06744134983763567,5.87453579723546,6.38864182337003,0.7590926767111089,78.06369448537878,15743764144.201536,0.001174815809083148,0.27609177262995355,0.4674941166162945,0.32690910874988427,0.2741159890817947,4216864.094765359,0.053434782691821836,0.32817870628275314,0.05139432827531656,1.0,0.6022306437575086,5.236515380372123,0.4674941166162945
4,0,1,1,0,4.7157050800098546,0.037065295728151385,2.312117732912379,0.07324827358172216,5.172990696504786,3.568045201406966,0.8303798405440751,80.86305769591365,14149514116.770622,0.0008313922392965814,0.32758966512092946,0.467867636066461,0.2853468653436667,0.18246391871632822,2036479.5378951335,0.04071141678072833,0.25179080018820876,0.037706230919092774,0.467867636066461,0.43785226604594246,1.0,0.467867636066461
3,1,1,2,1,0.27801924658715776,0.05468610491380859,5.6313086912339765,0.007261886276329212,0.8928490710915146,2.613956777454291,0.4864592262200411,103.91264642958927,12751256465.780815,0.0,0.3462482086140066,0.46791998338670526,0.2725328463144222,0.17990947977215427,899367.3390845791,0.03713707616012024,0.22637830850005292,0.03547770237642796,0.46791998338670526,0.3411848204303587,1.0,0.46791998338670526
3,1,1,2,1,0.27801924658715776,0.05468610491380859,5.6313086912339765,0.007261886276329212,0.8928490710915146,2.613956777454291,0.4864592262200411,103.91264642958927,12751256465.780815,0.0,0.3462482086140066,0.46791998338670526,0.2725328463144222,0.17990947977215427,899367.3390845791,0.03713707616012024,0.22637830850005292,0.03547770237642796,0.011426676015568306,0.3411848204303587,0.024420149643672954,0.46791998338670526
1,1,0,1,0,4.741475177694917,0.07564201503600618,6.028345440507693,0.02154890709606923,1.0398720543352071,1.8709358219057,0.7737406361303142,72.44918722239879,11741055584.571178,0.0014209793524732424,0.2766706299812689,0.4682887705002279,0.3278245854789673,0.2537056235893143,3546277.8510002363,0.053734479422228365,0.31273414784653053,0.05111191395374949,0.4682887705002279,0.5925901296516201,1.0,0.4682887705002279
4,2,0,2,0,1.129831983620179,0.08842231446175346,5.633846505512696,0.06662800013507435,8.178617934807733,14.884797949803763,0.04625558823243045,127.7392297759103,9549406624.38192,0.0005952746874268483,0.337952127169017,0.468321017410418,0.2785423529683926,0.22017181884359513,4433083.3349394165,0.0387929211985843,0.23474967587844708,0.03716715350504834,1.0,0.38349460078447545,37.46588504392567,0.468321017410418
1,1,0,2,0,4.562176459313966,0.06490062623530463,3.5774586358744016,0.025021902116791523,3.449348765750922,8.018242479934747,0.029644328606084784,128.50016761269544,9663615716.417309,0.0007799832784544292,0.35563826422668965,0.4689280108881358,0.26769563782360545,0.16998082514505963,536268.710950337,0.03583047725489347,0.2035420111770787,0.034232544032991474,0.4689280108881358,0.3573381664863241,1.0,0.4689280108881358
4,2,0,0,0,0.8271333311918174,0.07333889063902402,8.583055463300083,0.04637398887705517,0.46504500684131356,3.674417860658937,0.4604134566289936,103.52390097967839,11787916619.75164,0.0013675784256228984,0.29526836173925464,0.46923122225744923,0.31267271643156086,0.24594858707571107,2947657.7694696886,0.04888211380034563,0.27601644010399706,0.04665315386847257,0.05526644464973064,0.6602300338051987,0.11778083390070761,0.46923122225744923
4,2,0,0,0,0.8271333311918174,0.07333889063902402,8.583055463300083,0.04637398887705517,0.46504500684131356,3.674417860658937,0.4604134566289936,103.52390097967839,11787916619.75164,0.0013675784256228984,0.29526836173925464,0.46923122225744923,0.31267271643156086,0.24594858707571107,2947657.7694696886,0.04888211380034563,0.27601644010399706,0.04665315386847257,0.05526644464973064,0.6602300338051987,0.11778083390070761,0.46923122225744923
4,2,1,1,0,3.004586678973104,0.0282219288825082,4.180492278939704,0.06481285980065812,1.325415172447969,7.231853580036014,0.6737882272004736,63.7900514308577,11094063357.925781,0.0014817632389902873,0.285062368386117,0.46965743390985454,0.323400121805346,0.2870510332277173,7954199.943184671,0.05229381939185631,0.26330101032823017,0.05073942397846804,0.46965743390985454,0.583595895336519,1.0,0.46965743390985454
3,1,0,2,0,3.063108179800322,0.08898771946573392,9.234106598107127,0.04213706215887076,1.9664523661109325,6.259842513411956,0.8228411818980682,71.30348483266961,13679502772.555563,0.001136036638445481,0.3167142051578775,0.4705446710842993,0.295170643820528,0.22079328015737024,1869328.0312631119,0.0435628544867125,0.26771389518013533,0.04190266661770505,0.09725994421668148,0.5908601939280831,0.20669651617254656,0.4705446710842993
2,1,1,1,2,0.49071391152233657,0.09082407741828845,9.322619393841787,0.05580610222606058,9.446750130503768,10.241583279863276,0.020633517057165675,79.28493683941656,14635380295.280354,0.0011316940362798883,0.34292337048498434,0.471002600964559,0.2776619878773631,0.23741250467816916,6492301.497160368,0.03854808975600447,0.21525091317532197,0.0373913870950998,0.471002600964559,0.45370876822673833,1.0,0.471002600964559
2,1,0,1,0,0.12927402537106011,0.07082718819771618,8.080416895442433,0.009297303918273535,8.82109110916295,4.886615624752548,0.23771230798449167,87.61728011714641,15568916583.569107,0.0,0.3438067889869038,0.47203457218793327,0.27698223641662345,0.22385126755684923,7018351.592480736,0.038359579645177146,0.22715444279336905,0.0371341304621031,0.47203457218793327,0.3277563529118034,1.0,0.47203457218793327
1,2,0,0,0,3.696364006613514,0.08509368258133998,0.9745971241214528,0.02289732384431678,1.3804914300214142,3.3207622925861386,0.3222556236686417,115.53132834025877,12907636024.45918,0.000680832572181671,0.3493348447183414,0.47224924293982673,0.2734877128211387,0.16906783650114257,793914.554669472,0.03739776453206881,0.21895759118596891,0.035618098627201604,0.6533547191019963,0.26814351296737793,1.3834955351855285,0.47224924293982673
3,0,0,2,1,3.5761278358175703,0.06622998311255195,2.759734659338783,0.03328019211893759,5.138925012858433,17.28655503652422,0.4302549884770925,65.53989659444922,16989548146.458975,0.000687505242644094,0.32351741765210984,0.4728563791571758,0.291327216973977,0.19846968760207448,2908915.7934856135,0.04243577367490134,0.2639744670129256,0.03943292108906467,0.4728563791571758,0.43000425834123,1.0,0.4728563791571758
3,0,0,2,1,3.5761278358175703,0.06622998311255195,2.759734659338783,0.03328019211893759,5.138925012858433,17.28655503652422,0.4302549884770925,65.53989659444922,16989548146.458975,0.000687505242644094,0.32351741765210984,0.4728563791571758,0.291327216973977,0.19846968760207448,2908915.7934856135,0.04243577367490134,0.2639744670129256,0.03943292108906467,0.4728563791571758,0.43000425834123,1.0,0.4728563791571758
4,2,1,1,0,3.8531025217775268,0.040411832399997925,4.26658107122972,0.0766357002791942,1.173357636676979,10.10720219518406,0.5632076431509273,60.50990705487493,15581162132.404533,0.0012827817492569666,0.3363375508402229,0.4730491035618366,0.28561252502559514,0.24367727556693985,8969094.719526827,0.04078725722574811,0.18814062263535924,0.03986335084339145,1.0,0.4110060654969852,17.49895495807041,0.4730491035618366
1,0,1,3,2,2.738106761276101,0.04374809927166843,4.06381310023131,0.0062277764565797245,9.298036270823843,1.2849374092586388,0.513797174137643,68.28185403431976,16581317277.035131,0.0,0.3442287289864193,0.47320349936140793,0.2777452801479978,0.1790500620616111,503810.8285766798,0.0385712203222449,0.22165474258762308,0.036882253523405996,0.47320349936140793,0.3624686342406712,1.0,0.47320349936140793
5,0,0,1,1,4.861017740183154,0.09375774740823975,5.404038827439006,0.007535743740516719,5.7561073922961095,11.851453332801189,0.1419022039614818,92.24901378641495,14503084769.297083,0.0,0.32733315370979055,0.4732996545181369,0.28881409078316084,0.16420387917035748,273141.1856102597,0.041706789517451937,0.25895031216875664,0.03835893032104876,0.4828520500838573,0.4554119605946942,1.020182553430016,0.4732996545181369
1,0,0,1,1,4.484333985317197,0.07530817768787738,4.606116799675648,0.038463689489725714,2.2871175780223423,1.5158300093613846,0.27861300004856265,67.51651297365395,11307793057.361353,0.001272806922717096,0.31400862340970304,0.4735196733411519,0.30481327926017854,0.26421507460702687,10728669.365731657,0.0464555676066718,0.17642757813459675,0.045313221749312245,0.4735196733411519,0.5974677257575273,1.0,0.4735196733411519
1,0,1,3,2,2.7697031921543105,0.04398045261059864,4.098379439555587,0.006314267777237845,9.323527704159696,1.3125528307318193,0.5147265148868184,69.80775371752101,16247877952.869762,0.0,0.34497325289855585,0.4736115786921484,0.2774986544055343,0.17838607156006425,505441.1975889091,0.03850275159844108,0.2208451540680113,0.036814630175922264,0.4457433371037533,0.36574341787642695,0.9411580230674433,0.4736115786921484
3,0,0,2,1,4.089585053429073,0.06795846709733579,2.900590316624992,0.02911016079701587,5.155526209758154,14.127544947761123,0.45094607952660787,66.37265993802497,17288250756.637604,0.0006975098883664935,0.320569896561007,0.47422778964209095,0.2943285497996377,0.19542303428663446,2457012.551081365,0.04331464761357891,0.2704489607690185,0.040158073930100964,0.47422778964209095,0.42979410504288496,1.0,0.47422778964209095
5,0,0,1,1,4.860484258672542,0.09377560396971013,5.401345558499879,0.007694130100315888,5.756159317035885,11.825721171663991,0.14113751179102088,92.09309744874278,14499374446.50998,0.0,0.32869429517497284,0.47460417999674853,0.2886220463735339,0.165229001772114,297512.5497834332,0.04165134282642317,0.2585413856961717,0.03829129081027106,0.12049845974200198,0.456535602290039,0.25389253786771854,0.47460417999674853
3,2,0,0,0,0.21592603769096322,0.060597093745897,6.386823614492727,0.031323508079348646,2.462174644096128,4.592518040176597,0.46709888973034547,104.90008699659073,11661240314.076017,0.0005571754498503118,0.3632140272452149,0.47464435290890367,0.2665259851429967,0.22594161856872602,8362096.113054765,0.03551805037822244,0.193706782951665,0.0347744567953232,0.11103201860903433,0.3884876732043597,0.23392676627998185,0.47464435290890367
3,1,0,3,0,3.4149197302379344,0.010968885849897346,9.722366415959176,0.09436947322896048,5.888464779242568,12.247431376455657,0.27330494633486124,92.76253337043002,12181207112.523855,0.001290769397923122,0.2521648834740843,0.4746690741282912,0.3562806237254827,0.29635869602631876,5709435.036547878,0.06346794142110948,0.36689819443356,0.06040007073330505,0.4746690741282912,0.6581149598005941,1.0,0.4746690741282912
4,2,1,3,2,0.10693763318759897,0.04130124323380625,2.4146703529030336,0.016040239234302558,0.3210700058057252,4.624743679761861,0.23159977454903435,122.80872271267128,15758744620.64967,0.0,0.3165289959795916,0.4747714708466138,0.2984216403278707,0.2511551070425913,6036699.2275719335,0.04452773770798852,0.26491608197656813,0.043222273553575434,1.0,0.379638865381768,16.778123204546173,0.4747714708466138
3,1,0,2,0,0.4356643316958957,0.09537091114312102,7.074545117311454,0.019834538760610268,0.4371684861271483,8.382368764565046,0.16467945764714226,112.96877056811503,19026939928.133133,0.0010547209161304656,0.33205726930610296,0.4750739810032397,0.28677557314296703,0.2062328720826559,1371829.137982815,0.041120114675738624,0.24945048625144506,0.03945813093548663,0.4750739810032397,0.5784034266190362,1.0,0.4750739810032397
4,0,1,1,0,4.743547931528433,0.039064404425895045,2.286594751720507,0.0755706214622468,5.379293053873705,3.4612091103514366,0.8295561455185707,83.273685834939,14272415576.245657,0.0008288138643248649,0.3308044343023663,0.47510653038478423,0.28741148862289834,0.18264187802090995,1912130.0893473632,0.04130268189621521,0.25607631534607245,0.038215268167512056,0.47510653038478423,0.42953979068937875,1.0,0.47510653038478423
3,2,0,0,0,0.2463959657675883,0.07468039753262425,4.937757999438307,0.023157319551480197,1.2847378831491516,6.3628842303166735,0.2620022469034428,118.3784119551697,11314888632.772726,0.0005995249098011934,0.35585881253259116,0.4751642670175947,0.2720163162293892,0.23064421772655894,8653795.454925735,0.03699643814750353,0.19461555020499555,0.036210207352250834,0.02997201941994989,0.37954598566656994,0.06307717456969479,0.4751642670175947
5,0,0,3,1,4.891185669188272,0.07288899326888569,2.5148102000944155,0.016333859786866148,3.7773723031430806,5.885186352490747,0.7798384697435604,98.41603109544721,12578472652.915123,0.0,0.33784007085758766,0.4754750466498263,0.2827019460536893,0.17473209796990233,1659174.5419229937,0.039960195151271534,0.2460465901155664,0.037239211980910826,0.4754750466498263,0.4943938491425621,1.0,0.4754750466498263
1,0,1,3,2,2.738106761276101,0.04374809927166843,4.06381310023131,0.0062277764565797245,9.298036270823843,1.2849374092586388,0.513797174137643,69.73779348514653,16209363990.802073,0.0,0.3459894416337801,0.4754895806722176,0.27789049222691276,0.17903064777147168,495474.29140021506,0.038611562835057935,0.2219875046415225,0.036918392540724876,0.4337202685473657,0.3627014548812493,0.9121551474044898,0.4754895806722176
5,2,1,1,1,4.815387213517238,0.09386457984042049,7.363389322952293,0.05177679387220231,1.4483460921318583,13.979688324105245,0.7481350268745863,80.4023263334248,13852699411.639835,0.00079658242808506,0.3404710467807326,0.4757205817032068,0.2841231608397612,0.2389317714958011,8099338.861247154,0.040362985262788406,0.18920676215979115,0.039322652139684854,1.0,0.3990497958315011,51.55401899772224,0.4757205817032068
3,2,0,0,0,0.2448695069285371,0.07466466841004606,4.941098315665663,0.02320258918447915,1.284803851384623,6.3639025840922265,0.2636463407971567,118.25400987153746,11377722892.698378,0.0005927652345879144,0.35617833419649025,0.4757595818158496,0.2721568768478945,0.23083028781204487,8660814.715329273,0.03703468280780002,0.19474280361050145,0.03624779355097376,0.03001618275426998,0.37910553774694067,0.06309107352017185,0.4757595818158496
2,1,0,1,0,0.16289779599337884,0.07333333040683682,8.506683550510042,0.00966204423589476,9.500306199566282,5.5040715293643006,0.20408608703573725,83.94745742535302,15661393599.972784,0.0,0.3471275224477749,0.47607262312996923,0.27716309273287565,0.22649710748137145,7227335.665474495,0.03840968998662631,0.2263685716305298,0.037248013813067894,0.47607262312996923,0.3291433070301735,1.0,0.47607262312996923
2,2,0,1,0,0.8210800436085769,0.025342999017604798,1.6064835785758824,0.018625357665315825,3.3401305718878422,3.900763667094653,0.3888928942919029,126.99783927525617,15975849092.922144,0.0,0.3541859459659564,0.4764244404569119,0.2722549564295809,0.21985486168705828,6666922.591611565,0.0370613806502365,0.22523548392287673,0.03593602687350444,0.4764244404569119,0.42900437910309397,1.0,0.4764244404569119
4,2,1,1,0,2.3161818017575344,0.040411832399997925,4.26658107122972,0.0766357002791942,2.832877638448001,10.10720219518406,0.5632076431509273,60.50990705487493,15581162132.404533,0.0012827817492569666,0.35797562502316965,0.47694629949144485,0.2717386428432951,0.22676973500615483,6443217.579927949,0.036920945007157945,0.19266095742281975,0.03612132204992062,0.47694629949144485,0.40884119968279403,1.0,0.47694629949144485
4,0,1,1,0,1.45157922028487,0.03973348227052901,3.0079455286104557,0.03578387771912475,4.332182383777022,1.0555719296331592,0.3730740306394206,79.46588673606195,16501126520.854599,0.0005369411577661625,0.3360714355608616,0.4775472094619736,0.285345647899968,0.2052795169796776,5265096.473118754,0.04071106938772627,0.247903172241414,0.03827012328812283,0.4775472094619736,0.4300455849381156,1.0,0.4775472094619736
3,1,1,2,0,0.490770443145099,0.020100369469855474,9.337696188490767,0.052556172470642266,1.5365601616574072,3.939682447842427,0.15236338148875728,97.02966083471614,14873195415.75817,0.0008382953825794316,0.33611016099781477,0.47761145102216596,0.2893335878837806,0.24099195864119832,10183378.139666565,0.041856962538850705,0.1791738874769292,0.040870205289892075,0.47761145102216596,0.4831348181025064,1.0,0.47761145102216596
2,2,0,2,0,0.3235745122932684,0.055400192580147785,4.3209787726915385,0.011512895000950329,6.802252796652819,2.7759570474346997,0.3108951402889005,74.04835690470034,10826997356.49448,0.0,0.3658200470515974,0.47897161770472574,0.2673251703213636,0.2047802807357447,8614472.079333402,0.035731373343673024,0.19508647054738293,0.03477855959083196,0.4030785769114725,0.3313207350809292,0.8415500251206127,0.47897161770472574
3,0,0,2,1,1.4864219030128794,0.07793436779843414,6.091566495559148,0.02212746231123618,4.824146131478971,7.205223671716329,0.201272356920029,114.6502327051896,13072353096.439991,0.0007843823758116722,0.3189579628127312,0.47907201404041433,0.2990920963036753,0.2151799677611386,6292048.125805477,0.04472804103566349,0.26917178285842347,0.041984849946111444,0.47907201404041433,0.49610272867407074,1.0,0.47907201404041433
3,1,0,2,0,0.21681431403377935,0.06922034160727404,6.567031112068385,0.03262336832942918,1.3257879382863877,4.04035261292713,0.7437376918347538,70.87167296707317,11987049319.013664,0.0007642697267341116,0.35445568951945894,0.4792180222743137,0.2759208693689668,0.23852047966406234,9023837.904985636,0.03806616307666323,0.18926283061279447,0.03732830504897771,0.4792180222743137,0.4016436537757024,1.0,0.4792180222743137
3,1,0,2,0,0.2930941064131014,0.0798821738079422,5.254671346704134,0.020529109046765772,1.0207454353558114,6.956204661833954,0.2409104539693047,118.51786303716815,11251480348.407806,0.0012378631017204362,0.3206291894521731,0.4792225411714796,0.2979297041954978,0.21950888493210405,1689639.8890009117,0.044381054321008404,0.2666812857241674,0.04246788350541633,0.40157883398915645,0.6081401897003865,0.8379798517145711,0.4792225411714796
1,2,0,1,1,3.290303129884188,0.07562366240666624,4.547487416448519,0.037339054101244655,6.8203771673167894,1.511196803773508,0.243822478809953,67.35176686681977,11256437932.011839,0.0013108207448206586,0.3474338305031918,0.4794451178616301,0.2789031893392944,0.1782192405673392,970397.2335278674,0.03889349451181515,0.23003936572485595,0.03705368290617745,0.4794451178616301,0.4402376491297098,1.0,0.4794451178616301
1,2,0,1,1,3.290303129884188,0.07562366240666624,4.547487416448519,0.037339054101244655,6.8203771673167894,1.511196803773508,0.243822478809953,67.35176686681977,11256437932.011839,0.0013108207448206586,0.3474338305031918,0.4794451178616301,0.2789031893392944,0.1782192405673392,970397.2335278674,0.03889349451181515,0.23003936572485595,0.03705368290617745,0.4794451178616301,0.4402376491297098,1.0,0.4794451178616301
4,0,1,1,0,1.4544212192426074,0.03943905505889792,2.9420002436955484,0.03644864301621113,4.296924012772741,1.0206057247717248,0.37765501084525477,79.58837779398324,16479538985.26071,0.0005417208177067412,0.3377879237925687,0.4805620350301966,0.28594188984428937,0.2049757117158324,5228715.23797294,0.040881382183861864,0.24884404799360094,0.038405821251042006,0.4805620350301966,0.4281416983064061,1.0,0.4805620350301966
5,1,1,1,1,2.0202651478752327,0.01881004960393453,2.149732481635642,0.059518985071660875,9.188563078601147,16.63861436532396,0.1615917557976749,110.32656075590273,17246243609.944412,0.0006621387087277938,0.3596835276830209,0.48067659848372923,0.27129835317249146,0.1797922605794264,944785.0454952333,0.03680139821705295,0.21978571827725446,0.03512218679585886,0.21420321242467846,1.0363778840553095,0.44562854339148605,0.48067659848372923
4,0,1,0,1,0.5635361613604916,0.05441631786870675,9.823748765892637,0.0069491487944214475,4.424776598104031,4.682717522021526,0.2590522137906251,122.92775407768197,17537188384.67563,0.0,0.3511515614745313,0.48130749185980426,0.28044335482547694,0.2197051981772733,10399740.571935339,0.03932423763288419,0.1761978084803637,0.038293739457362766,0.48130749185980426,0.37908643552881044,1.0,0.48130749185980426
1,1,1,2,1,3.8682013475235246,0.08584024593815788,5.31937204873235,0.03687452350162192,5.153299102801441,2.6934793432109245,0.32909596671605934,124.6862414682331,10654602472.266268,0.0006429217743050066,0.34386015112283785,0.48133257581816224,0.28266955841745506,0.18419187570578302,650459.8864012319,0.039951039627959525,0.2329260378770912,0.03812225073908202,0.7691859202138841,0.36237845058678403,1.598034205157282,0.48133257581816224
2,1,0,0,2,0.8200995635300284,0.04153269183337745,1.0358684320560096,0.029561682523669287,3.581165508300638,9.967498238304854,0.47836942592534987,108.05083799045394,17130610800.42479,0.001329538925333968,0.3338545196968632,0.4818906206415831,0.2893908823086295,0.2331592868120078,6038870.826949391,0.041873541381683525,0.25822381102096925,0.04053426439546678,0.2264975866666584,0.3497616766195022,0.47001866598918723,0.4818906206415831
1,0,0,0,0,4.011115597553389,0.05603432068804898,6.824168078948754,0.06951349757502921,9.309786662115826,3.8247403858684823,0.23986294245544645,98.33241672258245,13627110553.392658,0.000596746147302743,0.32102248099881847,0.4821904488263194,0.299665022757772,0.1983828362772007,552668.3018779409,0.04489956293220801,0.26619420446851283,0.04278806950569354,0.14429496278441395,0.37938182207361754,0.29924890286739725,0.4821904488263194
1,0,0,0,0,4.011115597553389,0.05603432068804898,6.824168078948754,0.06951349757502921,9.309786662115826,3.8247403858684823,0.23986294245544645,98.33241672258245,13627110553.392658,0.000596746147302743,0.32102248099881847,0.4821904488263194,0.299665022757772,0.1983828362772007,552668.3018779409,0.04489956293220801,0.26619420446851283,0.04278806950569354,0.14429496278441395,0.37938182207361754,0.29924890286739725,0.4821904488263194
2,1,1,3,1,0.22635716175301682,0.04957098259501782,3.3881546911393654,0.025765354782221223,9.124605557819999,5.089197025437997,0.05444167319247483,114.29415738271092,10528275817.141169,0.0007022673936515784,0.3423729493690404,0.48274820080976155,0.2841694706251295,0.24042317867665777,7300693.066695395,0.04037614401768316,0.2427184632193854,0.03926853189023488,0.48274820080976155,0.42780552828520607,1.0,0.48274820080976155
2,0,1,2,2,2.529499468081923,0.07911171034875147,3.66413674051437,0.08054762541547557,5.795549842771949,1.8562679906084252,0.5683405126206759,77.57387148657409,16376688442.02032,0.0005753879508071865,0.3174453322326981,0.4844788497842365,0.30291198405042136,0.2155579758631901,3667881.326966218,0.04587783504068135,0.29007485381849707,0.042849139485642264,0.4844788497842365,0.3915909883427084,1.0,0.4844788497842365
2,0,1,2,2,2.529499468081923,0.07911171034875147,3.66413674051437,0.08054762541547557,5.795549842771949,1.8562679906084252,0.5683405126206759,77.57387148657409,16376688442.02032,0.0005753879508071865,0.3174453322326981,0.4844788497842365,0.30291198405042136,0.2155579758631901,3667881.326966218,0.04587783504068135,0.29007485381849707,0.042849139485642264,0.4844788497842365,0.3915909883427084,1.0,0.4844788497842365
2,0,1,2,2,2.567745994485061,0.07408881423623219,3.67389143924636,0.09165603597481631,8.791808137712678,11.591314347380898,0.7269447095926671,96.53340023007642,11436470717.661999,0.0005975808065693446,0.3201798947802853,0.484722626358649,0.3010644131266371,0.20353937742567318,2632491.6067044856,0.04531989042564321,0.28444207751024997,0.04214248826406106,0.484722626358649,0.3788343897148197,1.0,0.484722626358649
4,2,0,2,0,4.236383157122237,0.07142633009584635,6.982511743826762,0.07987535170796922,8.855623035242047,15.172315823584519,0.3888099212111075,117.58931064545692,10242562116.90296,0.0013905209034557413,0.34679765945516644,0.4847540161035181,0.2820460302366592,0.2257627664893029,6201059.3967819,0.03977498158612923,0.24340486600002453,0.03829066125605618,0.4847540161035181,0.4390026313463931,1.0,0.4847540161035181
3,2,0,0,0,0.2444216922857693,0.07467522942441639,4.9351459257901995,0.023167103772130965,1.2822463057770341,6.3581081132246124,0.26170798164943676,118.34846634558521,11309961432.901426,0.0005998951681010239,0.359287783343408,0.4847678506991647,0.27531330211805316,0.23344245070056927,8720704.943619257,0.0378987071615732,0.1998741044204435,0.037076833010433206,0.030577012028731056,0.37952830747832705,0.063075577278136,0.4847678506991647
3,1,0,2,2,3.479641045112336,0.09621586506841505,1.2344082066730753,0.02349282215036653,0.7431689118843706,4.352350583996024,0.33561811733668645,83.09723040417867,16062014858.805758,0.001073029336524516,0.30641801550846826,0.4847778950401066,0.31254814655898744,0.2156975202341348,1115438.5682005847,0.04884317195872914,0.2954509070462711,0.04636933050612609,0.4847778950401066,0.5774660882058334,1.0,0.4847778950401066
3,2,0,0,0,0.3653058893562057,0.09789328497921079,5.016258342273757,0.02420431750279322,0.682383941358191,8.239748489006045,0.01774970680653822,128.65989791645458,11368630938.447004,0.0006681351939152156,0.34710625097679776,0.48510573881383806,0.28636839419752635,0.23735565979044326,10133778.26202834,0.04100342859763493,0.16857680904229,0.04004106157220164,0.17203114805214717,0.4301306344785157,0.35462608311497434,0.48510573881383806
3,1,0,2,0,0.16331930335491063,0.07753415350105249,5.172539120017467,0.022185137712707036,1.1542646555894778,6.810193700320741,0.24816817166501998,118.74571329602026,11184963030.336782,0.0005448082787714273,0.3638158135147391,0.48564276012563856,0.272715658495583,0.22111064538856598,8474726.058111476,0.037186915194339726,0.1981286451560773,0.03628662164875314,0.48564276012563856,0.3524504667718782,1.0,0.48564276012563856
3,2,0,0,2,0.24356222230272642,0.07467962741041052,4.938934496417905,0.02316770135880612,1.2868839895095252,6.380762512133419,0.2643036276899574,118.26035766732134,11374212536.92584,0.0005928453572937434,0.3676546564048688,0.4866901235508695,0.27024662907953895,0.22776753380312653,8280853.28677336,0.03651662026442695,0.20515658506941226,0.035703607843049844,0.0350241358615418,0.3896183535758573,0.07196393386002424,0.4866901235508695
3,2,0,0,2,0.24356222230272642,0.07467962741041052,4.938934496417905,0.02316770135880612,1.2868839895095252,6.380762512133419,0.2643036276899574,118.26035766732134,11374212536.92584,0.0005928453572937434,0.3676546564048688,0.4866901235508695,0.27024662907953895,0.22776753380312653,8280853.28677336,0.03651662026442695,0.20515658506941226,0.035703607843049844,0.0350241358615418,0.3896183535758573,0.07196393386002424,0.4866901235508695
1,0,1,2,2,4.728562369288058,0.02880253825901223,2.25508819574979,0.0690682385474238,0.626830015002539,10.342385431877778,0.4822143212011955,105.14286489868367,10804835143.114521,0.0009022607368389503,0.29185647859823133,0.4872703159021153,0.3320337052989392,0.2775013358023118,9513849.888713073,0.05512319072727141,0.22590631492419333,0.05298402532909409,0.24646720018100918,0.583539324368853,0.5058120557266215,0.4872703159021153
2,2,0,1,0,2.4608610105227386,0.08682788086139592,7.049595873658115,0.004332274631749721,0.4830844377740586,4.7449761039931975,0.23330439454386337,109.61820618454617,12989237503.0004,0.0,0.3693812681432541,0.4875065565646141,0.26900851170495377,0.17336393450027948,762295.7435648532,0.03618278968485713,0.21436763600005482,0.034650498613243194,0.4875065565646141,0.35556007884262664,1.0,0.4875065565646141
2,2,0,1,0,2.4608610105227386,0.08682788086139592,7.049595873658115,0.004332274631749721,0.4830844377740586,4.7449761039931975,0.23330439454386337,109.61820618454617,12989237503.0004,0.0,0.3693812681432541,0.4875065565646141,0.26900851170495377,0.17336393450027948,762295.7435648532,0.03618278968485713,0.21436763600005482,0.034650498613243194,0.4875065565646141,0.35556007884262664,1.0,0.4875065565646141
1,0,1,1,2,0.6886487894779009,0.010557667026011571,0.31908942551820196,0.029725899888997227,3.374851169292782,2.6093607901757885,0.4575752077963484,65.95605092485381,15084326438.262873,0.000805510636347083,0.33579115873380205,0.4875496999273244,0.2912780447120438,0.21896767275816287,5238190.991858841,0.042421449665635706,0.2639063320821665,0.0405824848821415,0.4875496999273244,0.31544985234208733,1.0,0.4875496999273244
3,1,0,3,0,4.175368365246739,0.054215326265262966,6.706548773321504,0.06630130291321625,7.049132524571925,13.86024241881641,0.32321935223434073,91.58449367393864,18526420934.71752,0.0005607668815193359,0.3779357687727294,0.4875648913904912,0.26350135585575163,0.1672271087656371,685991.9696906526,0.03471648226890973,0.208561275817995,0.03314433663638058,0.8542756184490741,0.39381909430423906,1.752127016391104,0.4875648913904912
2,2,1,1,2,0.35519059362675376,0.027276020295085312,5.129752193441521,0.03188489892000981,8.248122674318664,7.676142664029902,0.4197637375310756,91.31173137524236,9868696180.394424,0.0012118935299848918,0.3645024374287843,0.4877213399173742,0.27294311797147197,0.22858899487641546,8872537.671046339,0.037248972823994426,0.20814863751299784,0.036440212152167674,1.0,0.4236091638379363,3.8032496910588978,0.4877213399173742
4,0,1,1,1,0.30837282753297257,0.014330653307579716,4.058278165046853,0.06248599168994507,1.9736844061904013,2.17543425016998,0.5050441302977812,85.32640774352211,9381521897.408543,0.0,0.3182096289169304,0.48772611580131997,0.3043104855636229,0.18503768069561274,182969.8317018896,0.046302435811983976,0.2933297945953133,0.042926650016264216,0.48772611580131997,1.2581154238883139,1.0,0.48772611580131997
1,1,1,3,1,1.3419729369203552,0.01831903135060683,4.303805498202823,0.005567576852944644,5.983346980266461,11.789035007880667,0.017401263069600322,105.31255255620312,9457385114.207396,0.0,0.289946433630638,0.4884672277083326,0.3289738667052541,0.2531617345494867,3227507.752724375,0.054111902487503145,0.3266465418746288,0.0515544126816899,0.4884672277083326,0.3815529844055308,1.0,0.4884672277083326
4,2,0,2,0,1.0674794286044738,0.08133453431223218,9.109426231608989,0.07040069770231532,9.41861962912461,13.953222863845609,0.5299056123709665,98.61166648953625,9695725916.231522,0.0009573621313173056,0.3451337800442358,0.488467427545482,0.28563215261255664,0.22114623385608506,4725932.365572847,0.04079286330304142,0.24507534709098655,0.03894703103021052,0.488467427545482,0.41781467069918427,1.0,0.488467427545482
1,0,0,1,0,0.3678458907952522,0.02054068500774792,9.896961590129912,0.09482176189033718,6.398234992113553,7.9272054937674605,0.7399763756882253,82.81782345974152,17494445786.677216,0.0,0.34295100842075865,0.48848392532897433,0.28719229187850825,0.19245568343766975,201637.4897967911,0.04123970625721513,0.24751270456056496,0.03948926807931051,0.48848392532897433,0.7754300691726972,1.0,0.48848392532897433
4,0,1,1,0,1.4660947840576943,0.04050329527225778,2.976880942005183,0.03642889525250002,4.3031810408046685,1.0185210853528301,0.369255532107266,79.90564455508917,16538725467.807692,0.0005407609845434984,0.34135092101114317,0.4885905191757946,0.28815046096628305,0.20519412806696985,5184743.85453553,0.04151534407754071,0.25374639338711746,0.03895516571788902,0.4885905191757946,0.42878420842513826,1.0,0.4885905191757946
5,2,1,1,1,4.618186726252291,0.09748593525547325,1.4815777461825663,0.05984996257851296,8.020982898855713,15.262433714199876,0.05719081473878783,110.03860116504,15759335006.36511,0.0005518976851054202,0.356643374382269,0.4886043824199757,0.28001083471003835,0.2329370075177517,9605705.405349378,0.03920303377750621,0.19392529547921555,0.0382617697034849,0.4886043824199757,0.33373427837876546,1.0,0.4886043824199757
3,0,0,2,1,2.947577851208912,0.06595099057493489,2.863423364500961,0.011746154549232668,8.226061120427111,1.3389522015156228,0.14760115358608533,81.85127263815015,16249221834.556715,0.0,0.35393934240719815,0.48871856006789766,0.2794555045997913,0.20246940907106717,3857222.317940501,0.03904768952556198,0.23935160385414278,0.03702629940135369,0.7635656827030197,0.5138917370230751,1.5623832305385283,0.48871856006789766
5,0,0,1,1,4.3568245316522605,0.0916054375786322,9.998901268172615,0.002114699107466987,7.245594567868904,10.111482379227327,0.033244660020151494,100.564354983223,19829813763.234726,0.0,0.35179837887282017,0.48959048850766895,0.28218423446830343,0.19335980401752892,931361.8918723795,0.03981397109123123,0.22949653657565328,0.03827695663479239,0.48959048850766895,0.4210862104744894,1.0,0.48959048850766895
5,1,0,2,0,0.535169837270255,0.05403518193534876,2.338271140350098,0.04504734743109084,1.3269919162686026,12.192321229204202,0.6649930513230589,123.92116522390121,18075329399.45512,0.0011691042168544762,0.35512078600199287,0.48967515754167945,0.282470853986334,0.23398124873873188,8630652.961727358,0.03989489167588441,0.1825973984159487,0.03894844270045867,1.0,0.39311489512140496,172.13923599236514,0.48967515754167945
4,2,1,1,0,0.32473752213360674,0.04526027167029247,6.40313842671173,0.01884006971311778,1.5958771900941553,2.373777165905821,0.47366136129400077,100.42457489374341,11182333693.579643,0.0010175663202049558,0.3497445428179052,0.48981772177486216,0.28456175242538323,0.23621189786581187,7865868.9608610105,0.04048769547170255,0.2177284229890487,0.039493059080119845,0.48981772177486216,0.423976267709697,1.0,0.48981772177486216
3,1,0,2,0,1.0278052604148815,0.0678091961746592,1.7910599584530127,0.04201917046831557,0.6539329916737721,17.56086179007686,0.19429984261341574,113.94234988179018,12380255955.785528,0.0012990580060780461,0.3267558508927084,0.4900002196284562,0.29966545226227315,0.22602346607663848,1718403.876706363,0.04489969163977635,0.27502182929100083,0.04312468947430199,1.0,0.6442165225032952,8.795564903327282,0.4900002196284562
3,1,1,0,0,1.8628883906738924,0.09873091879647311,8.073406234982786,0.020797033077618043,1.1188171387403256,2.172600410928932,0.5758449514532163,91.74054188115862,10324685906.66873,0.0011658449029425466,0.32079481372674984,0.49085380558583946,0.3046998746817546,0.22320825789868426,1855071.4807733265,0.04642100681553847,0.28534656809463577,0.04441999790701728,0.39007779026913936,0.5430793678747143,0.794692402972362,0.49085380558583946
3,1,1,1,1,3.189904689588575,0.07756975990531727,3.9996698036935054,0.038058675628411476,0.6984824221727536,1.5804783506934919,0.08970488236210283,121.44407827082054,12175055664.60947,0.0010389058100997253,0.3103578482487489,0.49124223359702196,0.3223058511510623,0.26867944287056544,11515024.038153937,0.05194053084310537,0.14403691926833284,0.0503774413751313,0.920642699565725,0.43970880651339883,1.8741114598891566,0.49124223359702196
1,1,0,2,0,4.5095153851458925,0.06510730768561902,3.9316911497022184,0.05900857546397914,9.112967679610582,1.1798925921253027,0.08169184611383085,104.33827148916284,9808719555.004084,0.0012583410778332746,0.34887569937191604,0.4912993348813182,0.2851037848078827,0.18308817776810846,780895.7434473649,0.04064208405588973,0.23627225424392362,0.03864040177736378,0.4912993348813182,0.3676544440901894,1.0,0.4912993348813182
1,2,1,1,1,3.2911975752211076,0.07606031852164773,8.465181920811505,0.058475602246156035,7.442100211755034,3.6415056982279554,0.7612389563596703,67.65851968526667,9416040717.759941,0.0013062785780525064,0.357668972896556,0.4915594687835976,0.2792766200882248,0.1774939490203079,726866.0451237408,0.03899771526395133,0.22588195508298992,0.037125597393100944,0.07605930049766739,0.4423319887559775,0.15473061822180353,0.4915594687835976
5,2,1,3,1,3.9338568697399143,0.06142082920652971,6.830197451911584,0.06956471034678889,9.929181682569977,16.915584183285034,0.48449505430253975,64.89485041268378,9761005793.242573,0.0013791222666319728,0.36122350043011076,0.4916820520359786,0.27634204721922173,0.22588058971089647,6531127.125498656,0.03818246353065529,0.2329722045884719,0.037029471392592765,1.0,0.4934451969372851,846.8853275841583,0.4916820520359786
3,2,0,0,0,0.33872198273802956,0.06053318659106274,2.6987431373813835,0.016729458327624232,9.486168291004384,8.810053495809763,0.021647098207673326,124.36534022016106,17787730547.674667,0.0,0.365021803916298,0.4918685696640644,0.27684132373720544,0.22244460349914996,9759026.751920942,0.0383205592642841,0.17901649842797474,0.037434528311007347,0.43107514257630597,0.3356101280547996,0.8764031067704142,0.4918685696640644
1,1,1,3,1,0.6277549581162014,0.038397098968065084,1.2032461145077975,0.016481186046129675,2.897008736315515,5.482478985411677,0.07934015397983883,121.29988647117845,12215734519.106281,0.0,0.35484453901232293,0.4919199732873127,0.280653483192763,0.19737563943740105,1045934.9845245936,0.039383188814115254,0.24222466516022412,0.03785810851956597,0.20255485356497024,0.31575655233251404,0.4117638326644348,0.4919199732873127
2,1,0,1,0,0.2891823265155231,0.0734045707447156,0.8992221103267235,0.0065587423648432955,3.382883099174122,5.079309936527873,0.23032006321508947,83.97031849044184,15412314565.150679,0.0,0.35945808610554514,0.49207620508919575,0.2785961631498926,0.21909978392356694,8124029.052508783,0.03880791106092078,0.22056217334983463,0.03758716202317002,0.8268769741117632,0.27100017398828297,1.6803839843503103,0.49207620508919575
3,1,0,2,0,0.3992364249844116,0.009809751789808188,2.9817125942277976,0.035970237201782246,4.407183497236777,1.9469023365713711,0.3999606977859593,117.77045424847726,16491336753.050318,0.0008971011893063723,0.4006418275421109,0.4924029622135711,0.25264393503454613,0.15414140385698993,216305.31273143506,0.031914478954869985,0.19021376766046905,0.030527342539779838,1.0,1.0530950847692426,62.2953016560395,0.4924029622135711
3,1,0,2,2,1.4224430545895201,0.058912478557459375,0.3858168997130518,0.005482284568059286,3.7643472604407364,2.8646836087688903,0.4118408693525221,106.08527720198735,16333414778.903042,0.0010299000887932237,0.34320374811316007,0.4925065000691617,0.2889721057105016,0.21669776964417306,5243030.763472898,0.04175243893938065,0.2587266689533987,0.039943713497586915,0.5004924576261923,0.30207755080965915,1.0162149282413717,0.4925065000691617
4,0,1,1,0,3.2367555696167964,0.07870155982610134,6.03978782658998,0.010091506950856616,9.644383689737277,1.6199093643698126,0.5674825950515462,100.64536009206195,19964828302.49526,0.0,0.3516711102651424,0.4929311158838365,0.28346661642434023,0.2048182373394884,3201676.7730660397,0.040176661313532015,0.24596808534169667,0.038092536578616804,1.0,0.49047896311745537,4.800231414649564,0.4929311158838365
5,2,1,1,1,4.654817803715608,0.09895270654893001,1.4260155744138177,0.05872613728622749,8.094718340727672,15.304157413379231,0.04403065557229676,109.39986343963511,15784811365.903519,0.0005700254447615607,0.3574321097851983,0.4929932911300493,0.282117500324751,0.2350989317486554,9686966.238484312,0.039795141994742954,0.1954797147306696,0.03883157202798941,0.4929932911300493,0.3338462109514449,1.0,0.4929932911300493
5,2,1,1,1,4.654817803715608,0.09895270654893001,1.4260155744138177,0.05872613728622749,8.094718340727672,15.304157413379231,0.04403065557229676,109.39986343963511,15784811365.903519,0.0005700254447615607,0.3574321097851983,0.4929932911300493,0.282117500324751,0.2350989317486554,9686966.238484312,0.039795141994742954,0.1954797147306696,0.03883157202798941,0.27258778780141235,0.3338462109514449,0.5529239296067925,0.4929932911300493
1,2,1,1,1,3.6182985525533047,0.09054035984585102,9.34440830741171,0.09269113104920777,6.302976134640034,1.7190437874812403,0.6751629535224857,87.08721084401807,13426533252.807045,0.0013675376176611527,0.3554488700968159,0.49311232352551626,0.2816983350593842,0.1812610892921815,718451.7814243098,0.039676975987614535,0.22947865580168958,0.03775804077632255,0.023023559022867315,0.4428965162177098,0.04669029331544571,0.49311232352551626
5,0,1,2,1,4.250007468109369,0.06438642786076858,0.20587637950158172,0.019121998947814377,6.692369619616491,1.1154032703097911,0.32435317200793806,87.24758150639583,15184642079.601768,0.0013940841571178503,0.3124968638236453,0.49326738747607773,0.31218664969248455,0.21517468036599813,2823604.7615743,0.04873025212310904,0.3106439331406434,0.04535541197982646,0.49326738747607773,0.22566269088726734,1.0,0.49326738747607773
5,0,1,2,1,4.250007468109369,0.06438642786076858,0.20587637950158172,0.019121998947814377,6.692369619616491,1.1154032703097911,0.32435317200793806,87.24758150639583,15184642079.601768,0.0013940841571178503,0.3124968638236453,0.49326738747607773,0.31218664969248455,0.21517468036599813,2823604.7615743,0.04873025212310904,0.3106439331406434,0.04535541197982646,0.49326738747607773,0.22566269088726734,1.0,0.49326738747607773
4,2,1,1,0,3.9249334114762107,0.07214927815661812,6.79572976273555,0.05673672139762481,1.100609852585202,18.464519136871687,0.2619345054685224,81.07706666246,12485932334.706888,0.001122891784757242,0.3292282171027152,0.4933047047051222,0.30506781956932866,0.259612192409608,4169190.027543082,0.046533187268392236,0.18450079887639237,0.04518489925943236,0.4933047047051222,0.5117823600001469,1.0,0.4933047047051222
4,2,0,2,0,4.9319596806952,0.07177368614100352,7.232948927208499,0.08225854599439104,9.698658215695074,9.429616740627687,0.4848418664391679,125.19429401452504,17377227521.68461,0.0014214065117718689,0.35177193823757147,0.4933518666880079,0.2836231670430219,0.22782030550186075,6329278.63453446,0.04022105044175694,0.24660032500841056,0.03874706282586469,0.6515753948452582,0.4374111164034355,1.3207113195282782,0.4933518666880079
2,0,1,2,2,2.8386968495234424,0.07408881423623219,3.67389143924636,0.09334735824858809,6.916979961648168,11.702609076658105,0.7269447095926671,96.53340023007642,11436470717.661999,0.0005975808065693446,0.3292474141210253,0.49343993432526567,0.2996437729154501,0.21756546671674237,4745088.32137694,0.0448931953235029,0.2796485872050847,0.04199062668526266,0.49343993432526567,0.3816211536691848,1.0,0.49343993432526567
3,2,0,0,0,0.36370382856972466,0.09772341577076568,5.03813624283308,0.024179790593619886,0.6774458248360984,8.2323151831168,0.01897964648852779,128.7244515283069,11332478986.244099,0.0006691950069519614,0.3536467672082107,0.49350502936188084,0.2866589902856667,0.23848316458726052,10072655.025381047,0.04108668835579898,0.1713731573132078,0.04013029690188194,1.0,0.4301245821402361,8.86084674027002,0.49350502936188084
1,0,1,2,2,3.2471327741392675,0.030817447243702837,8.067732148369064,0.08734227793953336,9.449834076215717,12.689726494649108,0.3612971421711029,94.32903690289169,17963789798.91906,0.0013051089572690047,0.2746673774273853,0.49356037159057803,0.352868272288533,0.3028078168881666,9336872.457994455,0.062258008793947134,0.2509612529058426,0.05955896108449302,0.49356037159057803,0.648881322499569,1.0,0.49356037159057803
2,1,0,1,0,0.2891823265155231,0.0734045707447156,0.8992221103267235,0.0065587423648432955,3.382883099174122,5.079309936527873,0.23032006321508947,83.97031849044184,17835466141.49081,0.0,0.35908161636770886,0.49361463112609766,0.27989269606981965,0.21993839475690807,8278064.150780484,0.03916996065661621,0.21968234377559093,0.0379492297486512,0.49361463112609766,0.27125976350188125,1.0,0.49361463112609766
3,0,0,2,0,2.999778819973173,0.0702925244352242,0.6024325410787327,0.009490233858187386,2.252812921855677,4.787010204693359,0.7524989955656527,117.06236600239498,10327041054.55082,0.0,0.3462666436061984,0.4939782719502293,0.2877048084932599,0.20258199043240144,3535925.0335968914,0.04138702841507168,0.2559287172520808,0.038977394094790584,0.05753171031898741,0.3732252707270102,0.1164660746956579,0.4939782719502293
1,1,0,3,0,4.344583150550337,0.08856399419183772,8.361696741251933,0.0248883426122909,0.7656029940659422,5.558766913266539,0.10670669424625488,121.95064811736061,17433754921.62583,0.0007671174513615214,0.363628014616359,0.49411956034259275,0.2761150815325434,0.18938506172595848,820840.688102388,0.038119769124861536,0.23313214687489503,0.03654375819257736,1.0,0.4895564404367387,7.402353803333408,0.49411956034259275
1,1,1,3,1,0.2741525980345588,0.017534948656158022,2.8233984516699997,0.0032868228158457395,5.758805537937202,4.353631551420529,0.07794313213933939,105.98879335402421,11140337041.224249,0.0,0.34288382688879687,0.49437288159692,0.2904275029189659,0.21138723396781253,1527994.4349811377,0.04217406722587297,0.25896756790692443,0.04051718295516034,0.49437288159692,0.3880691437749786,1.0,0.49437288159692
1,0,0,1,1,3.901692071056264,0.0840233558612141,6.136967375275625,0.05043340891003713,7.875881726540249,6.640824351241009,0.3061356329644313,120.59614558810665,18960984893.06481,0.0008057300191704606,0.350943033665295,0.4944617674544845,0.2853850917301853,0.18641027134600985,524263.4143591429,0.04072232529092313,0.2393183630662532,0.03885138100319087,0.4944617674544845,0.4145107368045028,1.0,0.4944617674544845
4,2,0,2,1,1.229961141073694,0.04178622042597676,6.841627948288575,0.07000198626315744,3.2981394803488384,6.1557014050060195,0.4497700594437558,100.53366379083027,9671120724.808552,0.001061761253872392,0.3315310858813775,0.4949869276905351,0.3035970638651944,0.25756709140142386,7342253.565265336,0.046085588593783464,0.19647391986572027,0.044705621226776404,0.4949869276905351,0.46688333015821987,1.0,0.4949869276905351
1,2,1,1,2,4.8457776633420755,0.0491480207854748,6.442534842008176,0.0033526535973563616,7.640558799007727,19.962554442000933,0.36330527419051184,99.13751135714905,15499884787.077219,0.0,0.3600756579370369,0.49515456603628333,0.2798243231098811,0.1816502329951794,454155.82417219464,0.03915082590195157,0.22498980033165206,0.03737142914787284,0.043230001905028306,0.3210517107849296,0.08730607545656875,0.49515456603628333
1,2,1,1,2,4.8457776633420755,0.0491480207854748,6.442534842008176,0.0033526535973563616,7.640558799007727,19.962554442000933,0.36330527419051184,99.13751135714905,15499884787.077219,0.0,0.3600756579370369,0.49515456603628333,0.2798243231098811,0.1816502329951794,454155.82417219464,0.03915082590195157,0.22498980033165206,0.03737142914787284,0.49515456603628333,0.3210517107849296,1.0,0.49515456603628333
1,2,1,1,2,4.8457776633420755,0.0491480207854748,6.442534842008176,0.0033526535973563616,7.640558799007727,19.962554442000933,0.36330527419051184,99.13751135714905,15499884787.077219,0.0,0.3600756579370369,0.49515456603628333,0.2798243231098811,0.1816502329951794,454155.82417219464,0.03915082590195157,0.22498980033165206,0.03737142914787284,0.49515456603628333,0.3210517107849296,1.0,0.49515456603628333
0,1,1,2,0,3.188915261417842,0.051216066832424,4.375835316768286,0.01980861927222914,8.796403077027593,17.054674165255356,0.1959821825994974,71.20713876972201,11451150515.043068,0.0014480413130150895,0.3262925193172001,0.4952538777044219,0.30422995989185403,0.21752958857862426,1329164.883847362,0.046277934247899555,0.2643704339687376,0.044029862434587126,1.0,0.647877868966391,2.61570248353287,0.4952538777044219
2,2,0,1,1,2.7195161373866545,0.024183077370886468,2.4853805764868517,0.09932686835330484,7.324820166849738,8.890913424799725,0.6483367678717187,76.67236664974928,14543285774.652245,0.0007881164234460281,0.3561184069961743,0.4957147838088538,0.28234591029695294,0.18459382882475733,291586.01261476666,0.039859606530707505,0.23819960034799403,0.03809248817368809,1.0,0.5656052273221641,20.50380897005191,0.4957147838088538
5,1,1,1,1,0.9996961263244466,0.08063238723410279,2.8566857091815225,0.05182262454333058,6.589419554466749,13.948972012954979,0.6075433509831796,91.88802408411968,13962147135.083557,0.0007346027300308501,0.3624807599730903,0.4962738201944707,0.27821110944835875,0.22588628561914356,5970362.250515584,0.03870071071024333,0.23457524786359718,0.03748986938475766,0.4962738201944707,0.3576836948103563,1.0,0.4962738201944707
5,1,0,2,0,0.3307592930232812,0.06268217354676357,3.919729713826509,0.027928979769008523,1.048446628263795,12.588293739421117,0.13813846584651474,124.1363657127834,14637091039.816235,0.0007799795220834809,0.3591845944337605,0.49630153651809084,0.28269022483888745,0.22030465256560391,8132775.080418672,0.03995688160973037,0.1992861493382908,0.03880512360432882,1.0,0.3667684626392548,215.24878682638553,0.49630153651809084
1,1,1,3,1,4.006064100926228,0.017534948656158022,4.189982119851481,0.0032868228158457395,5.758805537937202,4.353631551420529,0.07794313213933939,105.98879335402421,11140337041.224249,0.0,0.34883442064221043,0.4965112110539328,0.28743379948689246,0.20262298967564715,1355566.6640114277,0.04130909454373555,0.2545996979992101,0.03951889787891958,0.4965112110539328,0.3847843926440066,1.0,0.4965112110539328
1,2,1,1,1,1.1790029923743717,0.02108837149554472,2.8155134240103137,0.04402194478752475,2.305648881168769,3.399655914454115,0.04742542574580066,66.97109270301391,12530127764.543375,0.001370688606579984,0.3959390294665359,0.4965843881219218,0.2581568380619771,0.15944030884896623,120258.4924563508,0.03332247651907893,0.18857867836707254,0.031910729220366724,0.4965843881219218,0.5387029813808241,1.0,0.4965843881219218
1,2,1,1,1,1.1790029923743717,0.02108837149554472,2.8155134240103137,0.04402194478752475,2.305648881168769,3.399655914454115,0.04742542574580066,66.97109270301391,12530127764.543375,0.001370688606579984,0.3959390294665359,0.4965843881219218,0.2581568380619771,0.15944030884896623,120258.4924563508,0.03332247651907893,0.18857867836707254,0.031910729220366724,0.4965843881219218,0.5387029813808241,1.0,0.4965843881219218
3,1,0,2,0,0.35972544046672206,0.07776952200695106,5.35914506909859,0.020435239233729082,1.3755564215823073,7.729444459160889,0.22870040976109515,119.595298313215,10765685992.10615,0.0012559762110316227,0.3452693671081553,0.4968735965155867,0.29226785271598044,0.2486696531918591,8554905.193365222,0.04271024886560502,0.22293892455204412,0.041677771114222086,0.4968735965155867,0.4128813560722736,1.0,0.4968735965155867
3,1,0,2,0,0.35972544046672206,0.07776952200695106,5.35914506909859,0.020435239233729082,1.3755564215823073,7.729444459160889,0.22870040976109515,119.595298313215,10765685992.10615,0.0012559762110316227,0.3452693671081553,0.4968735965155867,0.29226785271598044,0.2486696531918591,8554905.193365222,0.04271024886560502,0.22293892455204412,0.041677771114222086,0.4968735965155867,0.4128813560722736,1.0,0.4968735965155867
3,1,0,2,0,0.35972544046672206,0.07776952200695106,5.35914506909859,0.020435239233729082,1.3755564215823073,7.729444459160889,0.22870040976109515,119.595298313215,10765685992.10615,0.0012559762110316227,0.3452693671081553,0.4968735965155867,0.29226785271598044,0.2486696531918591,8554905.193365222,0.04271024886560502,0.22293892455204412,0.041677771114222086,0.002095049173453519,0.4128813560722736,0.004216463076616305,0.4968735965155867
3,1,0,2,0,0.35972544046672206,0.07776952200695106,5.35914506909859,0.020435239233729082,1.3755564215823073,7.729444459160889,0.22870040976109515,119.595298313215,10765685992.10615,0.0012559762110316227,0.3452693671081553,0.4968735965155867,0.29226785271598044,0.2486696531918591,8554905.193365222,0.04271024886560502,0.22293892455204412,0.041677771114222086,0.002095049173453519,0.4128813560722736,0.004216463076616305,0.4968735965155867
3,1,0,2,0,0.3601741099685125,0.07779527529133874,5.358256658456477,0.02042856068625559,1.3747135341322885,7.727763979472874,0.22865649944730884,119.60132990315641,10766851200.40794,0.001256130775313479,0.3452375504810923,0.4968813247978161,0.2922947021118914,0.2486778441022414,8555547.691747125,0.04271809644133966,0.22299195064177613,0.04168541316233995,0.4968813247978161,0.41306483681387707,1.0,0.4968813247978161
2,1,0,2,0,0.8400871376345158,0.027861105910895148,7.244348570091155,0.09250747649900805,7.443173480251119,11.461160021825403,0.4649204154089857,73.77316806624181,10139678777.18136,0.0008212586576878734,0.3841345203205111,0.49725419811413046,0.2653255415439157,0.16677675539374084,370919.495080084,0.03519882149778606,0.20562865436389277,0.0335612763551032,0.49725419811413046,0.7441865455654039,1.0,0.49725419811413046
5,2,1,1,1,0.6196847578834807,0.017542175793269704,6.4690086529252815,0.019014177689595634,8.245154014543619,12.174777879856556,0.726570743070526,92.30023716159516,13767562877.597633,0.0013951170891228707,0.2652430407735045,0.4973094893779011,0.3668100349027695,0.3129878049341095,9694218.812579317,0.06727480085268549,0.23963716334489027,0.06411158929096938,0.4973094893779011,0.53047093678104,1.0,0.4973094893779011
3,0,0,0,2,0.7734792292679015,0.052306660455742324,4.534646362109482,0.033498315983884586,3.323864713363713,3.5878458993087494,0.6678948656800318,109.27806974580793,14740505558.945099,0.0013047947683340023,0.35160740921973654,0.4974470880550098,0.2885630813442271,0.25874521051951777,8962240.680794075,0.041634325957437504,0.20870278602788506,0.04073757525166809,0.4974470880550098,0.4973734009808314,1.0,0.4974470880550098
3,1,0,2,2,0.4826144548657553,0.03999976317604292,1.6679580901325708,0.003023512857665531,0.3390439635744013,6.849208297119973,0.5260778858146516,117.40545982564927,14789673230.048613,0.0,0.32685673995770803,0.4975864884344533,0.30381371172658655,0.20018200245103976,687615.11203518,0.04615138571654271,0.2906539333699302,0.04394365716910894,0.4975864884344533,0.32819635480580106,1.0,0.4975864884344533
3,1,0,2,2,0.4826144548657553,0.03999976317604292,1.6679580901325708,0.003023512857665531,0.3390439635744013,6.849208297119973,0.5260778858146516,117.40545982564927,14789673230.048613,0.0,0.32685673995770803,0.4975864884344533,0.30381371172658655,0.20018200245103976,687615.11203518,0.04615138571654271,0.2906539333699302,0.04394365716910894,0.4975864884344533,0.32819635480580106,1.0,0.4975864884344533
3,1,0,3,0,2.142679720379152,0.0801037727530197,6.833266090909888,0.030848356969860272,6.3272010250589865,1.4084237468134049,0.16874821390614583,109.48427966134638,14344402771.249477,0.0011331418266045247,0.2874963313582155,0.498980749630806,0.33764136636686315,0.2632211481190418,3496333.061979258,0.05700084614104116,0.3541218362918319,0.05437166711291953,0.498980749630806,0.5816977407834786,1.0,0.498980749630806
4,0,1,3,0,2.983747890767106,0.03317066384043845,8.90120554796908,0.06785812670961447,6.326112858462046,10.649475381632339,0.27911884788312324,108.221577774869,16682750772.807123,0.001050050557442667,0.3363402861853254,0.4992775179020012,0.29789919858993696,0.2051216008247093,3005508.649938712,0.04437196626026336,0.27619574331842567,0.04116216927440638,0.4992775179020012,0.5345059674657302,1.0,0.4992775179020012
2,0,1,0,1,0.7203776090270541,0.013701535390655686,7.039856288979893,0.04377143277406263,8.803677505108551,7.055083347966347,0.7543730416122449,109.32815563602378,11487658623.823202,0.0009644480804806693,0.31365381322538377,0.4994535483146166,0.3149892779345456,0.24575914913582153,4886249.3136616675,0.04960912260686321,0.31901524346453913,0.04706489328043081,1.0,0.5431552440680602,33.49702831583655,0.4994535483146166
0,1,1,2,0,4.295699327609412,0.06470837983997936,7.139520775496252,0.019964723721190413,6.8413232581945,17.50775392409583,0.015174521788057884,76.43976281067474,18397205564.504513,0.001367701870764174,0.339274119774698,0.49991583796819616,0.29701241741532464,0.21377930364327852,1305015.5053146689,0.04410818804944752,0.25765575334546187,0.04216279179123107,0.5673355989597137,0.6282392099011149,1.1348622225403604,0.49991583796819616
3,0,1,1,0,4.845452017736833,0.06895330462715124,1.8745610174551772,0.038494500735567636,2.709958616319077,5.8781301763936895,0.7396944590694744,63.67288118523309,11876884883.66532,0.0012843009591849005,0.3179809343231189,0.5000957627170818,0.3124844138103963,0.24058450971352627,2219483.492115669,0.048823254437213505,0.3032403692742651,0.046764707109393795,0.5000957627170818,0.6996135939595685,1.0,0.5000957627170818
4,0,1,1,0,4.606237235125145,0.0694875300141401,3.1484804661070753,0.029980580011692855,7.284767106552157,3.086290365237818,0.3614935411489637,86.10500133905369,16088156240.281443,0.0007252089214842918,0.3398250501794564,0.5012284447877032,0.29641776163597133,0.1837711856284365,1602340.4215509277,0.04393174470663976,0.2751846564129372,0.04062868038606231,0.5012284447877032,0.45111915814457393,1.0,0.5012284447877032
3,1,0,2,0,4.744458990116447,0.03435463633379345,0.6489539768128133,0.0010421172363436195,3.4144983196057055,3.0380737344653928,0.5649148616634203,119.0814305177725,9672152740.227585,0.0008389056377054883,0.36531643110258033,0.5012321510774044,0.27922108883280355,0.21848011030706677,7127971.369008802,0.03898220822448819,0.23487076509289162,0.03769058037879294,0.5426313463451212,0.29020323152979016,1.0825948518640092,0.5012321510774044
2,1,0,1,0,2.8603701641852477,0.07082718819771618,1.6513090822739447,0.010570548768231606,8.82109110916295,4.886615624752548,0.23771230798449167,87.61728011714641,15568916583.569107,0.0009658090178253835,0.351469953493321,0.501471778934413,0.28861857397699686,0.23022860416978985,6778907.613021332,0.0416503406222576,0.2541308717904823,0.0401522487030441,0.2785588784636373,0.34032166987595114,0.5554826615678202,0.501471778934413
3,2,0,0,0,0.3868671883245338,0.09755127482911036,5.0052374804773345,0.02427503417126874,0.687771677334887,8.246464994813287,0.017672654952281843,128.58453606557,11391094825.722963,0.0006638777845533399,0.35164894149297343,0.5017728342345287,0.2931734815406243,0.24259911860897745,10266432.906305516,0.042975345139325376,0.1763253450052159,0.04194144491691796,0.0847488814167909,0.43146674965775866,0.16889890331763013,0.5017728342345287
1,0,0,1,0,0.3678458907952522,0.02054068500774792,9.896961590129912,0.09482176189033718,6.398234992113553,5.317439016399842,0.07950694427556002,83.37595890907278,17494445786.677216,0.0,0.3414361438055536,0.5018041783644337,0.29602934643598944,0.1967559710434344,212032.05028869805,0.043816686975659526,0.26601687698680354,0.04185723905153124,0.5018041783644337,0.8326442548898261,1.0,0.5018041783644337
4,0,1,0,0,2.375703713156415,0.03520701896256681,9.145544804321109,0.03070342214225621,8.624584980610168,9.164178521001512,0.05376011969478209,88.75821798610167,16888424042.1525,0.0011024520425462563,0.34035535431334063,0.5022789971612822,0.29682949172777057,0.20287605730181035,3715853.3692211043,0.04405387357968331,0.2725993243254945,0.04086288005282681,0.5022789971612822,0.5335547798539882,1.0,0.5022789971612822
4,2,1,3,0,0.9903567128634048,0.034768399613367744,9.850682728780967,0.04452998398727857,0.4104281212607518,2.129727113159441,0.6244255467126985,99.60744392103376,18444470692.64692,0.0010490045292312982,0.32153181565257494,0.5024185260656433,0.3183643888735506,0.278719936159077,10845889.220719049,0.050677942051414675,0.17503341774711123,0.04935680538923279,0.5024185260656433,0.5325334639528513,1.0,0.5024185260656433
2,0,1,2,2,2.1114364393311957,0.062459707819447645,8.919747320545357,0.09767144074567842,8.786772200354383,8.071522529534226,0.7599966468115271,114.19417545803779,10029608092.805971,0.0007313271796818532,0.32979330225368,0.5031012117066992,0.30489986614263614,0.1988053897803118,2236711.155128367,0.04648196418689871,0.29325450863982405,0.04289386978555592,1.0,0.43929007097873196,10.947684908636782,0.5031012117066992
0,1,1,2,0,3.981307551403125,0.09790516806148572,6.6836368313983945,0.021495250832165608,4.925373908499614,16.494080989490925,0.3180399815296842,119.91036038598929,17896494353.908054,0.0012007814627470537,0.3451458429676239,0.5033407744918243,0.2944266415653067,0.21081020391958388,1323537.9554042106,0.043343523631712795,0.2599191328617301,0.04145182763593688,0.5033407744918243,0.5892563678136412,1.0,0.5033407744918243
1,0,1,2,2,4.730927003741569,0.029057052334322275,2.2579332909477956,0.0689255347082085,0.6159261710742342,10.397267762305397,0.4809621034506763,105.16719968945422,10829866072.40996,0.0009062978110371822,0.383271079076031,0.5034136231337132,0.2691866653895809,0.17162050889241828,174114.93976403313,0.0362307304117811,0.21272286637278537,0.03471773683091445,0.11578180589628634,0.41400887714882917,0.22999339027726945,0.5034136231337132
2,2,0,1,1,2.4081488982934554,0.006215080130789775,0.5112122266451123,0.05095188667595928,6.073089438110387,2.7998491989254215,0.6066007931002778,64.44822337703066,11778447866.410534,0.0009344207538712746,0.3357770846304528,0.5040276704016131,0.3032542550973264,0.25376097612547743,8259472.377374587,0.045981571617317155,0.24600958457765698,0.044634556224932655,0.21028424359656278,0.34583995757826985,0.41720773668835814,0.5040276704016131
3,2,1,1,0,1.139828893050308,0.07737713963131233,2.1871252218543384,0.001448174105772749,9.795723723334754,13.560362990642968,0.36068084931013766,81.14089952208404,12019528874.263027,0.0,0.30411379268659167,0.5050531969069577,0.326099559091247,0.2373423978749385,2496345.2007957124,0.05317046121975284,0.3479215227581285,0.04997611149901972,0.5050531969069577,0.4148294835901903,1.0,0.5050531969069577
3,1,0,2,0,4.158352422128066,0.06331548740395875,0.3092836401339189,0.006941321025898498,6.842263135348491,8.695159606839745,0.15463563293280505,126.89056449248858,10596468100.064201,0.0005173264358924001,0.37927787070475705,0.5053438177533203,0.27253743987073953,0.21437334255058174,7635246.1673240205,0.03713832806564848,0.2223767055434389,0.0360260437064303,0.5053438177533203,0.2870343539518471,1.0,0.5053438177533203
5,1,1,1,1,3.996782596057762,0.06774311824281032,2.5998159227611404,0.09498516252012605,0.910564249739291,12.494310675801358,0.14582665648995402,128.92289951671324,11219009777.063673,0.0011468788353407725,0.32178036989081954,0.5054282470850547,0.32112826980888076,0.2722402645300923,11407622.923537092,0.051561682835222666,0.15908203401558973,0.05009637060353872,0.5054282470850547,0.37440980217590075,1.0,0.5054282470850547
5,1,1,1,1,3.362562884219203,0.06774311824281032,2.5998159227611404,0.09498516252012605,0.910564249739291,12.72027806436857,0.15877006409132013,128.92289951671324,11219009777.063673,0.0005496134601808488,0.3403061780979132,0.505449081787931,0.3039746865478723,0.26181307896545597,10385145.957098924,0.0462003050309386,0.18566935595907896,0.04507238461695026,0.505449081787931,0.3571940528479511,1.0,0.505449081787931
1,1,1,3,1,1.0985093597357525,0.038397098968065084,1.2032461145077975,0.016481186046129675,3.032285942407188,5.482478985411677,0.07934015397983883,121.29988647117845,12215734519.106281,0.0,0.37100219478283736,0.5056210507182011,0.277781280769443,0.18742060007802652,899237.2289123276,0.03858121997295605,0.23563687817130086,0.03694622427598327,0.27149715615325465,0.3066487010358105,0.5369577784936189,0.5056210507182011
3,1,0,2,1,3.883662657079264,0.07492967687430116,0.6366494706145042,0.009202995787415975,3.0361288269251823,1.3150030607879373,0.07128515441672849,122.47523495721913,10028940038.33228,0.0006681166422222171,0.3589704800290955,0.505851359763998,0.2858605331108292,0.20059801869354812,1157200.7809028127,0.04085812219520374,0.2512601454567911,0.039191227837869526,0.505851359763998,0.26953203406795107,1.0,0.505851359763998
5,1,0,3,1,0.3562975842336702,0.05234133098411792,1.4947026055120363,0.03119371093324939,1.9987756586248158,1.5619235358586776,0.03587796339045866,89.34715843480382,19329404465.017174,0.0013071853392892057,0.3210422325347763,0.506012167874154,0.3167446417761863,0.2872252841838516,8781148.058413506,0.050163584046962285,0.25317817644729124,0.04895638016240755,0.506012167874154,0.45461364320359904,1.0,0.506012167874154
2,2,0,1,0,0.833742463170889,0.026036135928990713,1.4955500389963816,0.018642125631939857,3.227625056111891,3.8597937647019664,0.38988740970899727,127.87986664322648,16007839588.170202,0.0,0.36829472036723315,0.5064556995325882,0.280112791370868,0.22828193127586935,7225316.971100759,0.0392315879447897,0.23800242030290586,0.038002353920953455,0.5064556995325882,0.4410361166465357,1.0,0.5064556995325882
5,1,0,2,0,0.49398997740726647,0.043480700164032014,2.526237927835694,0.048341419345709714,3.9258112296677714,9.056415384982541,0.8203513585877296,107.94436960623962,17654076585.37502,0.0014097381982371175,0.3572974039566101,0.5064561638015131,0.291380957365896,0.23781023683340483,8482725.168512883,0.04245143115773305,0.18426711485163438,0.0412710283394832,0.254879696121902,0.3823576048612263,0.5032611197951432,0.5064561638015131
3,2,0,0,0,0.37382463169074354,0.09777684605203212,5.0104682291403595,0.024251735627867567,0.6834456934720542,8.225177344124074,0.01800343576885876,128.71448579178764,11393526009.744957,0.0006631313607014669,0.3533066910291036,0.5070045375930188,0.29509272388099445,0.244423081740833,10309129.498119468,0.04353985784375241,0.17886761456741684,0.04248434563401391,0.08610951566992706,0.43092359920245693,0.16983973374030953,0.5070045375930188
3,2,0,0,0,0.37382463169074354,0.09777684605203212,5.0104682291403595,0.024251735627867567,0.6834456934720542,8.225177344124074,0.01800343576885876,128.71448579178764,11393526009.744957,0.0006631313607014669,0.3533066910291036,0.5070045375930188,0.29509272388099445,0.244423081740833,10309129.498119468,0.04353985784375241,0.17886761456741684,0.04248434563401391,0.08610951566992706,0.43092359920245693,0.16983973374030953,0.5070045375930188
3,2,0,0,0,0.37382463169074354,0.09777684605203212,5.0104682291403595,0.024251735627867567,0.6834456934720542,8.225177344124074,0.01800343576885876,128.71448579178764,11393526009.744957,0.0006631313607014669,0.3533066910291036,0.5070045375930188,0.29509272388099445,0.244423081740833,10309129.498119468,0.04353985784375241,0.17886761456741684,0.04248434563401391,0.08610951566992706,0.43092359920245693,0.16983973374030953,0.5070045375930188
3,2,0,0,0,0.3244060224872047,0.07343600756886652,5.180080920471836,0.022717425786780408,1.3046352344945353,7.0337652726211175,0.22827215903969786,117.43090174460593,10890997712.26807,0.0005975336027959054,0.36795238647205575,0.5070426607066956,0.28308536640795634,0.23690170928925722,9378553.402214866,0.040068662337163455,0.1972013506490612,0.039189850301585435,0.5070426607066956,0.3894187205085446,1.0,0.5070426607066956
5,1,0,2,0,0.14734908081086323,0.049328749133517896,6.413619467657911,0.0257090702437064,2.254656878096527,4.553226146911063,0.537370580811052,128.27305883481208,10687120959.738728,0.000643806652385914,0.36889059259550067,0.5073618686765027,0.2824135029209565,0.23523795985018112,7852824.423129308,0.03987869331604255,0.20043839981846956,0.03890655941653299,0.5073618686765027,0.3668053378360492,1.0,0.5073618686765027
4,1,1,2,2,0.7168756587834737,0.07733433270628531,0.7011356362114526,0.01756378876276679,7.08261771883313,2.35153390238202,0.05457781083274615,77.68953570612146,15485503096.37304,0.0009992741038060146,0.3642280403977203,0.5074374139859134,0.28342222496804725,0.22512244251571464,7158184.930323302,0.04016407880291919,0.242819582912023,0.03882521878435774,0.7717897364727632,0.3021737208455089,1.5209555212146582,0.5074374139859134
3,1,0,2,1,0.8444931128484058,0.02386834806640467,2.059312590100076,0.004815046358941556,2.9567856294690094,1.6871003590435478,0.6575924318586442,73.78856671855463,12330596951.47749,0.0,0.39144990931402723,0.5077981441182549,0.2675537523525463,0.22182789930905344,9717739.623251894,0.035792505198963834,0.19067035792046827,0.03504580322152153,0.2502823589874439,0.47877724106543634,0.4928776559867827,0.5077981441182549
2,2,0,2,0,0.4686443187001136,0.08050796148633699,2.2766424967480114,0.014696170673598258,5.586360701395968,3.6903949132814495,0.11223045849126234,88.1283739060077,11292719308.011814,0.0,0.36537832342870324,0.5078959261609307,0.2860233659061207,0.23193054067024163,10071654.18686834,0.040904682922133305,0.18812663974220611,0.039873686082891685,0.5078959261609307,0.3456740005834581,1.0,0.5078959261609307
2,1,1,3,1,0.22635716175301682,0.04957098259501782,2.463792696546863,0.025765354782221223,5.791294168832388,5.089197025437997,0.05444167319247483,114.29415738271092,10528275817.141169,0.0006726522904759434,0.3547341817617998,0.5084920051111042,0.2907236185815924,0.24745043409892373,7776102.368514558,0.04226011120058761,0.25179482723410707,0.041119768173163,0.5084920051111042,0.41386939447148363,1.0,0.5084920051111042
1,2,1,1,0,1.1557453822053971,0.021658562767891455,2.7925602957891695,0.044050984747000616,2.2682415503186304,3.342553685197817,0.043371296165807656,66.83675656197582,12582389803.876055,0.0013692031677756985,0.40263721372792377,0.5087808914585835,0.26030934424954677,0.15641198688704805,211766.07114974983,0.03388047735181453,0.1993378903377203,0.03237161002070648,0.5087808914585835,0.4365959318965006,1.0,0.5087808914585835
1,1,1,1,1,0.30353221096391836,0.015376160570452164,4.038720513137927,0.006824995688307983,8.794262549764081,8.44392412807976,0.21614505404990486,94.458202703861,9288282444.111765,0.0,0.3856124937408723,0.5090141518731532,0.2705854351632401,0.1758477502556848,197994.35421471178,0.036608238861240004,0.21877678785913823,0.03516995007577651,0.2747571844700965,0.31086338098762284,0.5397829971111809,0.5090141518731532
5,1,1,1,1,4.673053574389802,0.05998346310808862,0.4156065156026504,0.07008598549485107,8.790250847098635,7.227723510485409,0.3224687869048425,111.3064565128153,10838122834.079391,0.0007334521831490379,0.35030204925730124,0.5098119359991451,0.29725648017911344,0.2451839624565836,9503348.051285611,0.044180707504237825,0.21293451658312457,0.0430138755991601,0.5098119359991451,0.32980768910952396,1.0,0.5098119359991451
1,2,0,0,2,3.6696770841578816,0.0863404546515434,0.9673129097267733,0.024125390748875045,1.273627200790631,3.6207033559313637,0.3533240338841605,115.81485851746912,12916721346.855053,0.0006705486077149895,0.3745780280828176,0.5102162516444465,0.278356148032724,0.17232798143666195,649098.9221989836,0.038741072573807885,0.2300991338707914,0.03686185403955344,1.0,0.3438223355631185,2.1136881191539514,0.5102162516444465
4,1,0,1,2,1.8353773765735284,0.09094718903963112,8.295833896664453,0.07856778950929008,1.2948195939288858,1.760198994977088,0.39067167328549857,63.28689155483665,18397801942.25747,0.0006375307159785548,0.34334215930015105,0.5106763537436297,0.30356312654270645,0.2517443286842585,9637646.076633554,0.04607528589819161,0.20940249343846074,0.04468996534763887,0.6088377343080614,0.420783320984716,1.19221837832286,0.5106763537436297
1,2,0,0,0,3.696364006613514,0.08509368258133998,0.9745971241214528,0.02289732384431678,1.3804914300214142,3.3207622925861386,0.3222556236686417,114.51413085082905,15725524212.169363,0.0011190364357009641,0.36539910347040383,0.511333681301106,0.28484458513528593,0.18308936451982524,941094.4192924659,0.04056821884044658,0.24517136035887566,0.03863687248120152,0.33832163084962563,0.3130100440441718,0.6616455031648897,0.511333681301106
3,1,0,3,0,4.375950982573543,0.010968885849897346,9.722366415959176,0.09220954380586799,5.888464779242568,12.247431376455657,0.27330494633486124,93.81743271789159,12262264487.336922,0.0006408816055164493,0.40057899513799705,0.5122365065677138,0.2631294023848165,0.17794941890871763,253507.18738396114,0.03461854119969534,0.20804290070841303,0.033227380044043624,1.0,0.8650591253497705,4.863271186301872,0.5122365065677138
3,2,0,0,0,0.23406002572273987,0.07494755613168516,5.073433127986961,0.023361693814846433,1.3563782820826196,6.233866619607875,0.2606120403523019,117.64371211109501,11322302919.9078,0.0005753845002438912,0.36378973713723944,0.5149184936862691,0.2904099667259304,0.2459592031562959,9294849.749583872,0.042168974386878,0.2082780630587896,0.04118801529987599,0.03169270017780524,0.3830884496274426,0.0615489646738442,0.5149184936862691
4,1,1,3,1,0.8054928391315588,0.012382601365586717,3.225693122605187,0.005181202560159587,7.430956398322836,3.90649176632385,0.27430161868393715,95.95145136080751,9620939769.349096,0.0,0.3947442534297191,0.5150872952575316,0.26818742295624654,0.17474208878390596,204400.02599120853,0.03596224691595634,0.21569880123243312,0.034487648774921005,0.5150872952575316,0.7666552867911189,1.0,0.5150872952575316
3,2,1,3,0,3.0528136285666436,0.0836658045377159,2.0436384658770255,0.023547291860118776,1.4239839509956476,4.6794432439302796,0.14147439283407515,116.88584983669787,10310563531.18557,0.0008643671513943875,0.3472845664301917,0.5153339040708456,0.29933097795157293,0.21993083090785787,1641812.881220056,0.044799517180722524,0.2799832961917733,0.042929061929618935,0.5153339040708456,0.5992259053850149,1.0,0.5153339040708456
4,1,0,0,0,0.1743450034287161,0.06749420298223734,2.1120166724630733,0.034011182964619364,5.23787671488888,5.470690347826698,0.20448705970377373,112.28648681846462,15764906911.157768,0.0005098587249360979,0.38085550331960116,0.5156053997371634,0.2792043079934603,0.221742379582719,8197630.705624754,0.038977522801053516,0.1950278204504825,0.03802199434844962,1.0,0.3452617043756531,49.615836589150824,0.5156053997371634
5,1,0,3,1,0.3562975842336702,0.0672418298386785,7.56772607916705,0.03119371093324939,2.2310408415619696,1.292401204369951,0.03587796339045866,89.34715843480382,19329404465.017174,0.0013071853392892057,0.3190561519524594,0.5156575805794879,0.32775286649459845,0.29493305831080574,11003742.137120776,0.05371097074771304,0.20804135927768597,0.05233921996730351,0.5156575805794879,0.5674919508039993,1.0,0.5156575805794879
1,1,0,0,0,0.78065439822267,0.0469149245905322,5.378341529744306,0.034720524739825835,9.445561171199182,2.064932310178607,0.7984911616003968,85.73300926594167,12529645948.918428,0.001496048954093094,0.3509721788794733,0.5160785624276932,0.29709725263289455,0.21254633946216958,1278904.3026429971,0.04413338876100699,0.27608592756040795,0.042338845834553884,0.5160785624276932,0.45063113868971416,1.0,0.5160785624276932
1,1,1,3,1,1.7127598348414035,0.05515962408005792,8.691623620538921,0.026579574113179207,7.300084706143099,2.29629316772339,0.19147707193364874,91.74191291363847,10636747987.206387,0.0007299586676716871,0.37106400175589527,0.517306154606002,0.28434767040478465,0.19154766129732903,941917.7980022923,0.040426798832314016,0.24542544899185437,0.03859796539957601,1.0,0.45275213687119287,38.688499130980546,0.517306154606002
2,1,0,3,0,3.033766242271554,0.04127827846436943,7.789892522921708,0.06493766788939019,4.866779141621647,7.983411912065236,0.16858899353740303,91.04948598794886,14721037741.638128,0.0006253144008302494,0.38361323355781474,0.5174921759405681,0.27679638880523383,0.22798996216814338,7792928.962744511,0.038308120427809095,0.2228090119437368,0.037250503015440174,0.5174921759405681,0.43947298899865433,1.0,0.5174921759405681
1,0,0,3,0,1.377294222176293,0.0815885536843192,6.994821738043405,0.03165697748752878,2.95121615551849,2.199938680236997,0.09703395329335716,107.35126449490335,13736448931.746029,0.0013199089250362564,0.2705296576829906,0.517600802195504,0.3708888586787194,0.32090017906822255,7714985.203062929,0.06877927274600155,0.3401873916540572,0.06561092847216046,1.0,0.6833901001853845,12.78249410427856,0.517600802195504
4,0,0,1,2,4.855397131262091,0.0626247898718653,4.896579186388839,0.058005823714677,6.088999152663265,1.4395328326476495,0.6934451826688669,85.42476423927664,19962366883.41139,0.0007381612180510761,0.3532120907222328,0.5180629246322109,0.29673166014866786,0.19556803982512197,3251193.303021589,0.044024839067292265,0.2737827451835255,0.04068264840066918,1.0,0.48025699075369993,21.289383250487262,0.5180629246322109
1,2,1,3,0,0.11676401405486292,0.029822127241179358,3.550838000890585,0.027911577175916878,9.011389095515062,17.582956669581115,0.7580444012932198,115.5172407511188,13842645833.54575,0.001051786037138638,0.34324652456061727,0.5183041932980068,0.30445985712232165,0.2236406823974188,1359355.0729950645,0.046347902299472256,0.2812688509604182,0.044473325947163446,0.5183041932980068,0.4893299293179988,1.0,0.5183041932980068
4,0,1,0,1,0.415255644398184,0.05333503349905925,9.671651555947607,0.00628265982691631,4.364487083240301,4.990140897264047,0.26362485895565424,123.16168257604856,17153756075.33788,0.0,0.36728910583842195,0.5188828097884034,0.29116161675377383,0.23501851187189587,10791175.529150752,0.04238754353533574,0.19262922320216225,0.041213366337164686,0.5188828097884034,0.37545462634102816,1.0,0.5188828097884034
3,2,0,1,1,1.079946912496784,0.09828574394670649,0.4686519788804183,0.029530679507196993,9.232332317080447,7.841517396161726,0.45341333070205864,80.23702684437285,18254856523.39647,0.0006298975369068968,0.34856565065270195,0.5193558401564901,0.3045241473144091,0.2521535434454514,9748474.602824993,0.04636747814878397,0.21722915252921582,0.04511439009235441,0.5193558401564901,0.33221443408404,1.0,0.5193558401564901
2,1,0,3,0,1.1193760664140469,0.0418518353899567,7.9503924992569255,0.06528046616298984,9.265594694389023,7.550836534856889,0.15074164048110683,92.44457242458763,14751821657.567694,0.0006490445901674027,0.37725862021324374,0.5199570711812428,0.2819692124226726,0.2231061843213027,7648688.744780276,0.03975331837713113,0.23684177763578407,0.038481229069106615,0.5199570711812428,0.4319477099136404,1.0,0.5199570711812428
3,1,0,2,0,2.8304042664360547,0.07492513961895944,0.5104848173871325,0.016257891420156465,9.117066852611828,7.442326856975384,0.18662005826019445,125.94322397550785,10118449932.129427,0.0008865420720660421,0.3727711941028969,0.5200780924715684,0.28470720126630455,0.22118402054758612,7026430.831598016,0.04052909522644602,0.2469922296342847,0.039102891184225025,1.0,0.31379503325617714,4.089918228902698,0.5200780924715684
3,2,0,0,0,0.33872198273802956,0.06068523746993309,4.7123752719968675,0.021784223621587797,1.1091359222312527,8.810053495809763,0.04591395470167269,124.36534022016106,17787730547.674667,0.0013203328006278722,0.35084190942157306,0.5204975684768636,0.3028153994186676,0.2645613209298148,9284405.066169271,0.0458485830625436,0.22795419472068768,0.04479264570284988,0.3753741714817836,0.4597200371464233,0.7211833334404313,0.5204975684768636
3,2,0,0,0,0.33872198273802956,0.06068523746993309,4.7123752719968675,0.021784223621587797,1.1091359222312527,8.810053495809763,0.04591395470167269,124.36534022016106,17787730547.674667,0.0013203328006278722,0.35084190942157306,0.5204975684768636,0.3028153994186676,0.2645613209298148,9284405.066169271,0.0458485830625436,0.22795419472068768,0.04479264570284988,0.3753741714817836,0.4597200371464233,0.7211833334404313,0.5204975684768636
1,1,0,2,0,3.563398527198858,0.015557702324305513,6.749575529864565,0.03306824995641184,5.47661142956146,9.800729860549405,0.5242807460375912,83.38329416460077,9420468477.157394,0.001422515923090111,0.37281519698626786,0.5207571290553182,0.2851067896119306,0.19021370917323743,1269098.144151084,0.040642940741410824,0.24671027076231122,0.03877591056789934,0.5207571290553182,0.6167933285902817,1.0,0.5207571290553182
4,0,1,3,1,3.8123138407782857,0.04108529656184033,9.118511507983577,0.0850943970744001,9.471300089820302,15.90790246648522,0.7965718702110194,68.70144396014024,15183234668.909716,0.001280759163542545,0.33812654092308875,0.5207952971358416,0.3102731536799196,0.23139639349125937,6487163.764550979,0.0481347149472415,0.2825298301238579,0.04522405842981837,1.0,0.5664455965575445,23.15548553706633,0.5207952971358416
1,1,0,2,0,4.422267273846149,0.05234139511763797,9.220858618332425,0.07151801539468611,6.875632223937025,6.23436748397756,0.14294364574866564,64.12563767618295,17194258621.909805,0.0013654575536549902,0.3781153696745103,0.5208489236404547,0.28148953884642103,0.21831899981359051,6441685.104174456,0.03961818023998538,0.24384012986810666,0.038068999428420486,0.013214013887650382,0.4492640176840758,0.025370147249785046,0.5208489236404547
1,0,1,2,0,3.528771080033423,0.022969175276411808,9.838643161160318,0.07860219984101577,1.8019470857401267,5.128788268606471,0.4752179283674947,74.49413723243293,13251312813.985653,0.0011529717221099142,0.37817353139120174,0.5209537780090867,0.2821253472569099,0.17895170969670235,251578.5312279017,0.039797355782416,0.23322793192828428,0.03797785930773027,0.06672209537627762,0.6317994582221781,0.12807680487752182,0.5209537780090867
3,1,0,3,0,1.6813372183661923,0.016334750642466977,5.166880051829474,0.0459396163814224,3.9069390732968072,11.820675683886058,0.7260852407269374,74.38526475302163,11039259381.89124,0.000537496286629917,0.4140385014457014,0.5214459293133987,0.26010544907010236,0.15535602564905027,235720.69885005263,0.03382742231797981,0.202392736323746,0.032249187953244315,0.5214459293133987,0.7850023699695522,1.0,0.5214459293133987
3,2,0,0,0,0.24753166038180405,0.07465928338975196,4.9354785985518355,0.023182560828368354,1.2896960858971995,6.368862076215788,0.26215043884634637,118.47157431416295,11306732322.203812,0.0005991322993084,0.36836209601656267,0.5221225930366571,0.2913639014522783,0.24798896646445348,9445307.438629946,0.042446461534746474,0.20992535465924733,0.04146163297470599,0.5221225930366571,0.3788731449777291,1.0,0.5221225930366571
3,1,0,3,0,1.540416574537066,0.012515560519049245,6.66118827479184,0.0961694762767827,9.442517491451639,7.30322735129616,0.08757755610323903,68.2211841157253,15601065025.686874,0.0008270302070722071,0.40653209942300944,0.5224221719517461,0.26506198843068735,0.16604543662784021,275438.88250135444,0.03512892885541492,0.20913675339161197,0.033524127725264315,1.0,0.7622445875738629,2.4999957498501577,0.5224221719517461
5,1,0,2,0,0.3307592930232812,0.061858454643694064,3.919729713826509,0.027928979769008523,1.048446628263795,10.817194467713037,0.5685444769409506,124.1363657127834,14637091039.816235,0.0007799795220834809,0.3743405055118801,0.5227144415037264,0.2874188452963393,0.2277068276418397,7653461.678485907,0.04130479631574052,0.20814161445885204,0.040174138303315,1.0,0.3670370067846767,93.96021069338852,0.5227144415037264
3,1,0,2,0,0.5988881835799802,0.07162379401004565,0.49654150185346513,0.002850731893286939,6.795444583798121,10.299942215475339,0.4079571091018382,113.77259505073084,18223278317.398117,0.0005323766589678484,0.36005332223878517,0.5229657435770032,0.29514637426396356,0.18884405132729346,945398.2920710826,0.04355569112058183,0.2626540318386018,0.0414082734237867,0.3538938898933642,0.3333035461553959,0.6767056814711911,0.5229657435770032
3,2,0,0,0,0.24431193695123085,0.07479394182021701,4.9458760174048795,0.023126631653116857,1.2866799860829623,6.370707606074734,0.2638695683110223,118.27288072455508,11376780886.138031,0.0005931379111213361,0.3685658392266315,0.5234146772366732,0.29197727528610373,0.24841289202211572,9474024.636239074,0.042625364641748605,0.21047933268203134,0.041632650771716254,0.03364857869744685,0.3787205628311927,0.06428665484715079,0.5234146772366732
3,1,1,1,0,0.8170638897139421,0.09095022609820475,0.25067709947071615,0.04689140888179543,9.021540937471238,1.942391627639244,0.7900510154286086,118.82407345795141,13825902549.514023,0.00146896501961232,0.35286294093616194,0.5240838987523891,0.3003751742210776,0.23541982882600995,6159027.233933312,0.045112622644171374,0.28198767614052567,0.04322801680819146,0.5240838987523891,0.33548831272945867,1.0,0.5240838987523891
2,1,0,1,0,3.011367749901639,0.06825746408780171,1.6445644199924119,0.017573330642104576,8.588366711233443,4.949913930524935,0.253241171525059,87.26044188548934,16212217364.96695,0.0009814458483440958,0.35997502766727985,0.5251674881390029,0.29632666991276274,0.23996094226422673,7120543.611109471,0.043904747650793725,0.26721900802677334,0.04233239070731066,0.2916816574788407,0.3428796953146019,0.5554069207757916,0.5251674881390029
1,1,1,1,1,0.30353221096391836,0.015376160570452164,2.6756686684709816,0.006824995688307983,6.120363851412345,8.44392412807976,0.21614505404990486,94.458202703861,9288282444.111765,0.0,0.3888153021194316,0.5252611647263488,0.27723519662484514,0.18390211310190044,185201.21642772152,0.03842967712380827,0.23255456773495642,0.03689932283898447,0.5252611647263488,0.31997632042168495,1.0,0.5252611647263488
1,1,1,3,1,4.465854266219782,0.04458791658508567,9.527846202178718,0.012001672187340062,2.086345124775246,8.601144574459324,0.09924603588205888,106.87370932585817,11284467896.00605,0.0,0.3931437876121366,0.5265259646985387,0.2754539958281159,0.17581797494334392,587665.7732489391,0.03793745190883785,0.22466374956983892,0.03615692876816905,0.11920377934156948,0.3911947737031402,0.22639677306288084,0.5265259646985387
3,2,0,0,0,0.21919885985587118,0.07414380262051616,4.939607790840508,0.021800833358402657,1.350234273208832,6.358158979617075,0.267908644974162,118.07488628555218,11342414393.394115,0.0005991974878694294,0.37506846041188796,0.5268433894945287,0.2888729203469615,0.2374153937876668,9168949.083709326,0.041723782054890975,0.21728882724869913,0.0406639158398414,0.5268433894945287,0.3784401787054764,1.0,0.5268433894945287
4,0,1,0,1,0.40709669021373446,0.05372181636774098,9.674218064857953,0.007119501003732042,4.310496026909119,4.86853215224979,0.26400798965772165,123.04361786849591,17102456395.022282,0.0,0.37626791374118634,0.52803834594505,0.289925865871679,0.23115139052095635,10805762.199045263,0.04202850385072141,0.196465017193854,0.04085313735299482,0.52803834594505,0.3776726804861245,1.0,0.52803834594505
4,0,0,0,1,1.324624882271435,0.027496469457157256,6.006232529929086,0.01971266420452661,1.1627039093405311,3.9264261891816883,0.3061691234350606,65.7203706531534,15764998749.324305,0.0005425057658201217,0.3372497606729147,0.5281013123026702,0.32059892050577465,0.2756940342393765,7196041.465855966,0.05139183391473401,0.2000744281352328,0.0497874655756985,1.0,0.44707817434378816,20.631738575004242,0.5281013123026702
1,1,1,3,1,1.2781251911799059,0.01837153161070143,3.828470057721659,0.005341997371870775,6.032442653933783,5.420821143569815,0.18441939205595861,110.95909164328926,10787914776.019249,0.0,0.33284187942023075,0.5296043457491696,0.31838249665116297,0.23774735516760948,2141712.815866517,0.050683707086913894,0.3217296427923487,0.04856009650066036,0.022222010392543297,0.3783430346687776,0.04195964510281427,0.5296043457491696
4,2,1,3,0,1.0218175979712318,0.034768399613367744,9.850682728780967,0.04452998398727857,0.4104281212607518,2.129727113159441,0.6244255467126985,100.12197432933458,19860974833.451523,0.0006200222440820324,0.3465234466719971,0.5297435646230901,0.3144497547798297,0.272265760540768,11231974.926290909,0.04943932414054752,0.1902586780401011,0.04812574543527139,0.5297435646230901,0.4666078247717282,1.0,0.5297435646230901
4,2,0,2,0,4.9319596806952,0.07177368614100352,7.232948927208499,0.07963292091768809,9.698658215695074,9.429616740627687,0.4848418664391679,125.19429401452504,18175810297.48706,0.0010983443785053924,0.358162597332298,0.5299854443452672,0.29998058646148174,0.2352281952268596,6067187.563694191,0.044994176126887254,0.28098720649385867,0.04290771158361855,0.37205694730424616,0.42187210062528707,0.702013519944642,0.5299854443452672
3,1,0,3,0,2.568446478661934,0.09109100208431373,9.045371877768131,0.02948426629028982,0.10483737512673097,5.975887943513812,0.7502397040900913,94.42132885025322,11066791958.484484,0.0009688230070191002,0.33551726099001644,0.5307161376212206,0.3238249646386291,0.2683290895855835,11119979.639664467,0.052431303861604696,0.19996737595581737,0.05083760136555304,0.5307161376212206,0.5232143437253384,1.0,0.5307161376212206
3,0,1,1,0,4.24485937572768,0.06895330462715124,7.7593300238880945,0.038494500735567636,2.914948223675916,5.275906929667157,0.7396944590694744,63.67288118523309,11876884883.66532,0.001290071447717412,0.32645712235275426,0.5307379226681526,0.325772756801816,0.24970077601120438,2510518.5471264184,0.05306394453712757,0.3049831590394426,0.05044552800805011,0.5307379226681526,0.6555216883060958,1.0,0.5307379226681526
1,1,1,3,1,1.2785087367585386,0.018375624508055684,3.827065655841065,0.005352198722928589,6.032611759065446,5.423826422279857,0.18438321106537114,110.96610596802758,10786339537.693495,0.0,0.3333021333549222,0.5310157362465707,0.31885940436093996,0.23814034141548007,2148638.1520109614,0.05083565987470671,0.32279816462791233,0.048702126526602996,0.008420818973826029,0.37833296398636196,0.015857946194490786,0.5310157362465707
1,1,1,3,1,1.2785087367585386,0.018375624508055684,3.827065655841065,0.005352198722928589,6.032611759065446,5.423826422279857,0.18438321106537114,110.96610596802758,10786339537.693495,0.0,0.3333021333549222,0.5310157362465707,0.31885940436093996,0.23814034141548007,2148638.1520109614,0.05083565987470671,0.32279816462791233,0.048702126526602996,0.008420818973826029,0.37833296398636196,0.015857946194490786,0.5310157362465707
1,1,1,3,1,1.2785087367585386,0.018375624508055684,3.827065655841065,0.005352198722928589,6.032611759065446,5.423826422279857,0.18438321106537114,110.96610596802758,10786339537.693495,0.0,0.3333021333549222,0.5310157362465707,0.31885940436093996,0.23814034141548007,2148638.1520109614,0.05083565987470671,0.32279816462791233,0.048702126526602996,0.5310157362465707,0.37833296398636196,1.0,0.5310157362465707
1,1,1,3,1,1.2785087367585386,0.018375624508055684,3.827065655841065,0.005352198722928589,6.032611759065446,5.423826422279857,0.18438321106537114,110.96610596802758,10786339537.693495,0.0,0.3333021333549222,0.5310157362465707,0.31885940436093996,0.23814034141548007,2148638.1520109614,0.05083565987470671,0.32279816462791233,0.048702126526602996,0.008420818973826029,0.37833296398636196,0.015857946194490786,0.5310157362465707
4,2,0,0,0,0.29671822787620206,0.07378500598515893,9.475393111442859,0.05621361644551039,3.1295943478157278,5.306030798598691,0.5639425801046568,126.87089393925949,11431442767.13605,0.001252343634314333,0.35626533963446977,0.531260886373244,0.3052031590807583,0.25787908664412523,8075348.782644098,0.04657448415643732,0.23054784596792788,0.045269743235380765,0.531260886373244,0.514819715337475,1.0,0.531260886373244
4,1,1,3,1,0.7617511376424355,0.012382601365586717,3.2454883004728163,0.005181202560159587,7.464825470489634,3.90649176632385,0.27430161868393715,95.95145136080751,9620939769.349096,0.0,0.4037496418588119,0.5321470291836624,0.2717146820473228,0.17872780187187312,200164.40505656294,0.036914434220038865,0.22204645332504358,0.03539501830006159,0.5321470291836624,0.7643720828215703,1.0,0.5321470291836624
4,0,1,3,1,4.4216627229721865,0.015036578487809808,8.224774797674588,0.06858515137868654,6.1465295484534614,11.208024864949072,0.7441507752599045,92.05080661797686,10973162193.370483,0.0,0.34171164680237437,0.5322459219059122,0.31296242139008634,0.1936364632262352,155004.25313298334,0.04897273860117298,0.3137664041807404,0.04549468497466967,0.5322459219059122,1.415608613317375,1.0,0.5322459219059122
4,2,1,1,0,1.4568969497075883,0.03251015492508158,9.794247981945412,0.07510166393992038,3.6321984444554087,2.332707077604219,0.7858938225322964,72.89636380636941,19990926347.721962,0.0010089611517168024,0.36107614007301797,0.5324117945794484,0.30050308240610046,0.2326855249592112,8002292.194840454,0.0451510512677838,0.2587982217704755,0.04312834186416904,0.5324117945794484,0.4699976163628216,1.0,0.5324117945794484
1,0,0,3,0,1.3559532829643528,0.0815885536843192,1.4958716175691267,0.03165697748752878,5.717456430531574,2.199938680236997,0.11377308423926615,107.35126449490335,13736448931.746029,0.0013199089250362564,0.28063436777419093,0.5324581914352549,0.370429857943816,0.32021198095516346,7884597.677635327,0.06860913982813785,0.3478014476774377,0.0651230876411631,1.0,0.7214613747086247,4.973144253764573,0.5324581914352549
1,1,1,1,0,3.290830064726181,0.08733236350238209,0.33401947066462,0.01308269972467302,1.2527802656756502,3.4323925261578423,0.018322799185541534,72.95458602552392,13375843211.917418,0.0007046782670943516,0.3592816519936716,0.5326852023856576,0.30122095105099783,0.24952902096699126,7358338.623659531,0.04536703067603382,0.2737077427201312,0.043853992479533956,0.5326852023856576,0.31905877632005974,1.0,0.5326852023856576
3,0,0,1,0,2.3682094432219327,0.046653562214451966,5.6229042347855716,0.08690700685230449,5.7663358927797,14.472030924724288,0.01161454110367898,96.51889909286177,14308928680.076662,0.0009474215152670426,0.3533380695671062,0.5326888980436403,0.3065315042591828,0.2246567857651441,4743488.727343873,0.0469807815516987,0.2638293940651959,0.0440640433137558,0.5326888980436403,0.4937034174436963,1.0,0.5326888980436403
1,1,0,3,0,1.8520105005126115,0.08856399419183772,9.187356449592706,0.019134010478571606,0.7656029940659422,5.558766913266539,0.10670669424625488,121.95064811736061,17433754921.62583,0.0007630140743604674,0.3537816935085675,0.5345320088233776,0.3059632030762677,0.2201297656341895,1203191.3800218855,0.04680674081834471,0.2877856033438351,0.04482205204668866,0.5345320088233776,0.5047881820494166,1.0,0.5345320088233776
3,1,0,2,0,3.734251464324691,0.08695245947397312,5.991275093574071,0.023610262188727704,1.6576372179691254,8.509936574328075,0.2221679331047067,103.84588208327102,12721813343.843243,0.0013601852614945978,0.33556244099129745,0.5349148713778484,0.3206271493081647,0.23467593613313378,1861376.5840539432,0.05140088443674007,0.3028824555642996,0.048815263810803235,0.40292928779248166,0.6043810017743193,0.7532587133997701,0.5349148713778484
2,0,1,2,2,0.6831943232247194,0.062459707819447645,8.919747320545357,0.09767144074567842,4.48098407057369,8.071522529534226,0.7599966468115271,113.42406452578236,10029608092.805971,0.0007313271796818532,0.35849966453675997,0.5350472234618252,0.30273145727277545,0.2030680345146859,4834916.68612294,0.04582316761124914,0.2840037347972961,0.042390229047883254,0.5350472234618252,0.44004567572351294,1.0,0.5350472234618252
4,2,1,3,0,2.4034413514469986,0.015304596808609884,0.8523413885070402,0.043201916040494726,2.9697985679297076,1.5260900780811397,0.6147145402840454,82.15533702109575,17557187145.465813,0.0005057948018299262,0.40853089614267557,0.5351507057416569,0.2707219123677657,0.17221758945277643,118293.24274634806,0.036645176918030105,0.2142838876236428,0.035019128287606865,0.5351507057416569,1.1748744353043994,1.0,0.5351507057416569
4,0,1,3,1,4.852669573146931,0.014894200930626884,8.224774797674588,0.06858515137868654,6.1465295484534614,11.208024864949072,0.7441507752599045,92.05080661797686,10973162193.370483,0.0,0.34414371989168363,0.5351883762178795,0.31285527105029376,0.1943805740490334,181075.87854919344,0.04893921031197639,0.31332335500046027,0.04552514429206939,0.00705086274111717,1.4659011533795776,0.013174543869851738,0.5351883762178795
4,0,1,3,1,4.852669573146931,0.014894200930626884,8.224774797674588,0.06858515137868654,6.1465295484534614,11.208024864949072,0.7441507752599045,92.05080661797686,10973162193.370483,0.0,0.34414371989168363,0.5351883762178795,0.31285527105029376,0.1943805740490334,181075.87854919344,0.04893921031197639,0.31332335500046027,0.04552514429206939,0.5351883762178795,1.4659011533795776,1.0,0.5351883762178795
4,2,1,1,0,0.5089493362860734,0.03251015492508158,8.775947160889727,0.07510166393992038,3.6321984444554087,2.332707077604219,0.7858938225322964,73.00727402885565,19990926347.721962,0.0010089611517168024,0.36190500378000234,0.5352645502507594,0.30331289015876006,0.235816481651094,9680638.650421994,0.045999354668230026,0.2298742764719316,0.044363441292477664,0.5352645502507594,0.4326152588358952,1.0,0.5352645502507594
3,1,0,3,2,0.8959987415073937,0.012704389450625627,8.618177943599665,0.024959342595131984,5.286704009228684,12.311118652676281,0.20482408271672742,128.24481123716495,10281217878.334335,0.0013052108857126265,0.39320939652250825,0.5357447283800129,0.27989118322052375,0.1919285739840396,3448536.943137867,0.0391695372222924,0.2406806178002695,0.03741111344060779,0.5357447283800129,0.801629726110298,1.0,0.5357447283800129
5,1,0,3,1,1.0586237142793935,0.01931948181758094,8.322730739422099,0.07814579509118677,8.653268661126944,1.6088300260814545,0.6994343618695904,127.24117567828544,17814641772.036045,0.0014062597359882892,0.4068315487156403,0.53628408501386,0.2722896820741832,0.1797073108822844,155512.69140044745,0.037070835482029885,0.21772849575635655,0.03547975241501453,0.53628408501386,1.5383177610169672,1.0,0.53628408501386
3,1,0,1,0,3.4425647986459333,0.06934822566904397,2.732157922953555,0.0037969332973861025,0.14546273513329777,6.884999346723379,0.5983601093784447,127.68894106418936,11076690575.59571,0.0,0.41218582618131994,0.5369726514306759,0.2690457705104284,0.16936562641954103,318696.3967671095,0.036192813314775044,0.2198142807647876,0.03461325733351514,0.5369726514306759,0.3552314480333648,1.0,0.5369726514306759
1,0,0,1,1,4.9990762124790775,0.04428979675484663,2.303090271467853,0.07886344617527917,4.486615186299104,2.685543337543911,0.4954679498175297,72.64696327904089,13061072459.14764,0.0014170150625860672,0.3956173019628191,0.5373917846878539,0.27954922506161817,0.17008906102184182,573231.9494553092,0.039073884616275624,0.2344108935575947,0.037135052858135294,1.0,0.3675904997771706,5.769558006916221,0.5373917846878539
3,1,0,2,0,0.8220810313854771,0.0764064018830707,4.963969090523107,0.04598627192812306,7.686427468142525,9.03755852646123,0.13691241254178918,124.05607880223589,10682514767.23236,0.0014587774145189514,0.3392544122197243,0.538326121482192,0.31944798319519957,0.24529281184047408,2185685.496815621,0.05102350698374025,0.30683219581950005,0.0488098961493967,1.0,0.636803842638387,3.473123209653523,0.538326121482192
3,1,1,3,1,0.23910421276033533,0.07916666260728837,9.939091424778306,0.023994649843459424,3.751995927041389,2.3678528991032244,0.05604196281850284,120.003778849794,18102397411.616837,0.0006339056698003953,0.3362147759909004,0.5392045576202019,0.3264326936845144,0.296861475410047,10335169.261408366,0.053279151753064004,0.2416442392215431,0.051980746980533454,0.5392045576202019,0.45894467521034554,1.0,0.5392045576202019
3,1,0,2,0,1.3096413719221658,0.09373790527495811,0.66199673606672,0.0028296968026076015,2.945699222340357,7.021414310610432,0.291635562053721,125.0854770090193,9353361246.913532,0.0006347472996972744,0.34818645576242635,0.540332087328922,0.31278818068863895,0.21921673425362068,1476097.4635124896,0.04891822298925432,0.3134794737304101,0.04668615720909445,1.0,0.32801490540052153,3.1689924089706847,0.540332087328922
3,1,0,2,0,2.52312231959637,0.08936414166312942,6.214821466278381,0.05269504308052023,4.722565330741309,10.763673094067778,0.45091890642988897,126.53703106380375,18876676936.54038,0.0012982234699791108,0.3781002147401398,0.5404147988029862,0.2946469748791355,0.24761277436563517,4295772.3289947575,0.04340841990271295,0.22118235603937797,0.042238227183846885,1.0,0.42099635044260797,1.990859651307893,0.5404147988029862
1,1,1,3,1,0.19684654811949343,0.02497372454954651,2.7345746741843433,0.0024388375078527036,5.852255821250582,3.9462690039630535,0.09934965258075037,108.41049012004383,10762915210.34827,0.0,0.34187028584710694,0.5410365993738125,0.319923073514183,0.2756941170316527,8182499.011929154,0.051175386483380665,0.2903822645867372,0.049641673508273365,0.5410365993738125,0.5116002329069688,1.0,0.5410365993738125
5,1,1,1,1,4.919349116503568,0.041754573082256406,3.6820396641215205,0.06348134339096553,8.771010804847744,14.68145051841031,0.22627789958484545,110.7478100091999,14473259684.727049,0.0010262969986337064,0.37845614982070924,0.5411119173126436,0.2922814263866369,0.23224161789265876,6614405.89945417,0.04271421610530353,0.2648156033718373,0.04118748466160608,1.0,0.37291848806523875,2.238180922612891,0.5411119173126436
2,2,0,1,1,3.028397375763126,0.023751558856116708,2.4853805764868517,0.09932686835330484,7.324820166849738,4.202319615844892,0.6483367678717187,76.67236664974928,14543285774.652245,0.0007881164234460281,0.3770193741703314,0.5430405783893765,0.2944822009683834,0.1934247417222479,206972.0434645738,0.04335988334359167,0.2654413843453436,0.041378992545382375,0.5430405783893765,0.9248238246500118,1.0,0.5430405783893765
3,1,1,2,0,4.732573460461321,0.09197481149704015,0.9749401415549546,0.001978998478971271,9.785898988819563,9.590091476241124,0.22219182331589257,127.51533885899974,13331069473.846073,0.0006081728644746391,0.3927891735799843,0.5437732368574452,0.28509750265491934,0.2230238117028414,8506191.614222074,0.04064029301003587,0.23721395602159445,0.03942728278778109,0.5437732368574452,0.29892148857775364,1.0,0.5437732368574452
3,1,1,2,0,4.732573460461321,0.09197481149704015,0.9749401415549546,0.001978998478971271,9.785898988819563,9.590091476241124,0.22219182331589257,127.51533885899974,13331069473.846073,0.0006081728644746391,0.3927891735799843,0.5437732368574452,0.28509750265491934,0.2230238117028414,8506191.614222074,0.04064029301003587,0.23721395602159445,0.03942728278778109,0.09550674113527377,0.29892148857775364,0.17563707564429415,0.5437732368574452
3,1,1,2,0,4.964538275268172,0.07342278496630583,1.6025438692158607,0.006004103396282211,8.684131846246954,9.567043626984471,0.058394486588802856,124.61860627008045,14857884354.753193,0.0007051407317678933,0.3873881476358302,0.545470347140664,0.28983264302638023,0.22970559304120075,8841058.84497582,0.04200148048182858,0.23930701978159863,0.04075853988893982,0.545470347140664,0.3134787365701116,1.0,0.545470347140664
2,2,0,1,0,1.843534660348758,0.03638335079103464,9.243404003064319,0.07295652946489814,9.47156337466955,10.74233968752727,0.5155681979614721,73.15139754402018,10360641258.312265,0.001070263509949247,0.38246823414323083,0.5465352135152025,0.29286493383916873,0.2345408437809786,6937980.573313817,0.04288493473631034,0.2598931896533212,0.04132111840357478,0.5465352135152025,0.43356185079626713,1.0,0.5465352135152025
4,2,0,2,0,0.5552033624737422,0.07424494623679347,5.228284564926419,0.07176304071800593,9.871796975535984,14.203021157021313,0.5387609566350312,121.36746696230469,9613046125.215357,0.0007395573881310963,0.38618141414204393,0.5479781283369318,0.29257848663587954,0.24614204715821905,6296015.340327516,0.04280108542107077,0.23271466092883586,0.04162443125429133,1.0,0.366179253799188,41.602337785268496,0.5479781283369318
1,1,1,3,0,3.917975835400739,0.05834603253370765,7.251866488230787,0.0316591440713675,7.051521854664976,3.054178406112665,0.13847206580982185,128.72356725296433,11915604906.023033,0.0011580769185757435,0.31866087358211154,0.5480938599762175,0.3416641311966074,0.258391386300411,2867730.7748755743,0.058367189273166274,0.3604792073744245,0.05536265324216549,0.5480938599762175,0.6026241722675653,1.0,0.5480938599762175
3,1,0,3,0,3.015857755673461,0.09615244664983917,6.010641354694971,0.02339203150231503,0.9881711505562855,8.724414692851145,0.6355951554519915,101.18639546494936,9762116791.052868,0.0008372986425323161,0.34854543619302103,0.5490355865572442,0.3180834812112597,0.23286160433687342,1769349.9255983902,0.0505885505097369,0.3136248821930998,0.04824218501734256,0.295683088581142,0.579759229916812,0.5385499516256096,0.5490355865572442
3,1,0,3,0,3.015857755673461,0.09615244664983917,6.010641354694971,0.02339203150231503,0.9881711505562855,8.724414692851145,0.6355951554519915,101.18639546494936,9762116791.052868,0.0008372986425323161,0.34854543619302103,0.5490355865572442,0.3180834812112597,0.23286160433687342,1769349.9255983902,0.0505885505097369,0.3136248821930998,0.04824218501734256,0.295683088581142,0.579759229916812,0.5385499516256096,0.5490355865572442
4,0,1,3,0,0.7463704458482162,0.03589592692564403,8.956493579894792,0.06619602367555781,5.011504469055279,10.649475381632339,0.27911884788312324,107.15132072057533,14600465984.641571,0.0013330412631138906,0.3364003690142254,0.5490379485170154,0.33221965847946744,0.2786813733116984,6673780.47740245,0.055184950740106986,0.2512107823594142,0.052787452324068306,0.5490379485170154,0.5750476301559211,1.0,0.5490379485170154
1,1,0,0,0,0.78065439822267,0.0469149245905322,1.3257137296642374,0.034720524739825835,1.831970109252415,1.8288529469161534,0.7984911616003968,86.49064724850395,12529645948.918428,0.001496048954093094,0.3642123855923809,0.5492888235948704,0.3063070730503724,0.21812271932951602,1240126.5028900336,0.04691201150034308,0.2980078824719714,0.04496953833434733,0.5492888235948704,0.45119700132807855,1.0,0.5492888235948704
5,0,1,0,1,4.576568460508322,0.083213216190242,9.680077398311699,0.0879967044617727,6.474759547307542,17.53228681847548,0.48476495798680463,116.23654804870611,17517652552.692432,0.0012232251356614704,0.3579809944550655,0.5507538257633683,0.3133332003401748,0.22750757899223972,5095140.075140043,0.04908884721770806,0.2791116176733275,0.04572513784378648,0.5507538257633683,0.5497918060533581,1.0,0.5507538257633683
4,0,1,3,1,3.433462308316476,0.02965272827718387,9.483931053201658,0.07018901079510081,5.174256053251307,14.870285045433736,0.5596123689156272,89.15059422377175,10623850402.310108,0.0014408487511545014,0.3749750693802288,0.5516233631619492,0.3019974337528093,0.24690897533276074,8609519.268443383,0.04560122499664122,0.252333825699829,0.043897143994567,0.5516233631619492,0.5949738330454979,1.0,0.5516233631619492
1,2,1,1,2,4.115102794214434,0.08929905143242908,4.755785303646121,0.01876015213425352,7.656954575665126,19.812289211741007,0.042718756775579125,115.28628324830848,16929919175.614483,0.0013881248528423156,0.3270314048206068,0.5517674199313145,0.3380702802569126,0.2429795769679171,1223560.7504414667,0.057145757196493716,0.32912973347701313,0.05373883546304412,0.5517674199313145,0.607502116112021,1.0,0.5517674199313145
3,1,0,3,0,0.35406975056308243,0.012515560519049245,6.66118827479184,0.0961694762767827,6.4354359092203754,7.30322735129616,0.06904683005031145,68.2211841157253,15601065025.686874,0.0008270302070722071,0.42383061814963685,0.5519338565990746,0.2699390687391815,0.16007951564118894,254631.89178228375,0.036433550415888284,0.21901904547375062,0.034627610042546615,0.4631286582415633,0.7038152902322675,0.8391017378337429,0.5519338565990746
5,0,0,2,1,2.5277546697252875,0.030413455543739303,4.275914688504282,0.009018728804773939,3.61740156398567,9.239789825243333,0.47320899636937774,119.07903461455513,11218640443.650156,0.0,0.39349540840814934,0.5524728610438978,0.2885110566993216,0.21164012088772827,2159250.4095225106,0.041619314918879574,0.257745452350686,0.03970029554461565,0.5524728610438978,0.522233942725938,1.0,0.5524728610438978
1,1,1,3,1,1.8614659283098778,0.0682946957555573,5.777963731125398,0.014304010475013167,8.548209976743468,10.815603591548262,0.06605794035999202,127.60055950802371,12109820870.207531,0.0,0.4063440793877078,0.553018102861829,0.280765206205157,0.18541363135278388,598937.0104797364,0.039414550507712164,0.24212522392484748,0.037717795497460724,0.49247184745821765,0.3824616246892619,0.8905166845528405,0.553018102861829
1,1,1,3,1,1.8614659283098778,0.0682946957555573,5.777963731125398,0.014304010475013167,8.548209976743468,10.815603591548262,0.06605794035999202,127.60055950802371,12109820870.207531,0.0,0.4063440793877078,0.553018102861829,0.280765206205157,0.18541363135278388,598937.0104797364,0.039414550507712164,0.24212522392484748,0.037717795497460724,0.553018102861829,0.3824616246892619,1.0,0.553018102861829
3,0,1,2,0,1.5768311789736458,0.06692912748515804,7.413057819837254,0.016426237411280187,2.1610385271228325,3.2503823595450783,0.6203898768871582,129.33693459251504,11349668079.469084,0.0,0.39009374233125493,0.5536358670679715,0.2929835770817653,0.2527201866908195,7413487.23783187,0.04291968821981335,0.2345307668354184,0.04163965917721307,0.5536358670679715,0.40604862962991095,1.0,0.5536358670679715
3,1,0,2,0,2.7991418936076706,0.005473996944297728,0.4309953458976642,0.0022116838520318807,0.7200020416650567,5.86224962982605,0.8375416550499707,116.72675008448218,13976868428.945063,0.0,0.44106442168149823,0.5541825803537055,0.26121042577848835,0.15315611463847884,5264.546373595491,0.03411544326768958,0.20546837521184802,0.032447321906286956,0.5541825803537055,0.5192423054986457,1.0,0.5541825803537055
3,1,1,3,1,0.24036578053984994,0.0793869044521062,9.90794062327672,0.02315485330019201,3.7471578405192476,2.1087894815462014,0.04645241480596618,120.13046894924564,18256182992.440636,0.0006560168690588815,0.3394914362040616,0.5544420048687351,0.33265174791970037,0.3034123027994161,10237018.731909573,0.055328592697015934,0.25786827189470174,0.053955124117543704,0.5544420048687351,0.46109050086319553,1.0,0.5544420048687351
3,1,0,2,0,0.37408479986418786,0.09537091114312102,7.074545117311454,0.019834538760610268,0.4371684861271483,8.382368764565046,0.16467945764714226,112.96877056811503,13242161912.627079,0.001276653669570195,0.34245036961769065,0.5550476906377759,0.33271600900711923,0.2748280752828296,11011438.87864026,0.05534997132481272,0.21845633357399186,0.05346292410057391,0.5550476906377759,0.44071665367506463,1.0,0.5550476906377759
4,1,1,1,1,4.676539943955728,0.062404847767112734,5.754384291486206,0.06497294699583679,4.701465906294289,16.67700085326205,0.12380637077389423,81.48710998856791,14215803200.803137,0.0013056745310022905,0.39590775406071316,0.5551343293234376,0.2893575829118779,0.24358289731357874,5864176.570117726,0.04186390539430215,0.24030257875804184,0.04078837755813872,0.5551343293234376,0.45608832350176204,1.0,0.5551343293234376
1,0,1,2,2,4.45684248781241,0.04150756515061692,9.63708520720101,0.0971907970693563,4.626329869797729,13.779925348482179,0.42067356316508814,128.45430196621206,14390794853.809057,0.0012603780921678636,0.2846708041436423,0.555295557484787,0.38777654420513685,0.320727510368558,10459803.09522708,0.07518532411783922,0.265744848847551,0.07093703510340567,0.05594452691952689,0.7119043272386134,0.1007472978406811,0.555295557484787
3,1,0,2,0,2.628082326820477,0.0764064018830707,4.963969090523107,0.04598627192812306,7.686427468142525,9.03755852646123,0.13306983078702625,124.05607880223589,10682514767.23236,0.0014144448125538737,0.3488347020486405,0.5562951522584016,0.3226012569426434,0.2441749172272432,1996391.863435811,0.05203578549048672,0.3120131111338498,0.04971983069687726,0.5562951522584016,0.6170817077671454,1.0,0.5562951522584016
3,1,0,2,0,0.4520722739192313,0.03557056426102155,9.351344849834826,0.0035386770814292137,4.958781229921186,1.8527906160760494,0.6060458523967,95.96947311292722,11844597991.027885,0.0,0.40262529187859486,0.5568962052381162,0.2860078217742998,0.2455798219767474,6569308.021126233,0.04090023705803981,0.2342159783333514,0.039813376500390754,0.5568962052381162,0.3135422852774961,1.0,0.5568962052381162
2,0,1,0,0,1.7766098700926354,0.09585741515757158,9.12672697488396,0.021857076303620014,9.730496595172774,3.778466956569696,0.7372025780575152,95.48056851994653,11302778926.736326,0.0014092641890295582,0.31874516232326744,0.5576380646673992,0.34837127664255985,0.2652140264901401,3109734.2729855105,0.06068127319478348,0.3567037355317445,0.0570265645214519,0.5576380646673992,0.7059277236619224,1.0,0.5576380646673992
4,1,1,3,1,1.2852283346153124,0.016598038427899555,3.773731917601832,0.005723755765019548,6.133671156973794,5.349616378893534,0.19161296242359793,112.11583798926385,10762746133.601688,0.0,0.29076225120352883,0.5579547995707652,0.37214841696489415,0.2929228619436202,4307320.701570504,0.06924722212473836,0.4527803817820286,0.0654115927381233,0.5579547995707652,0.49437515148196204,1.0,0.5579547995707652
1,1,1,3,1,1.3109622987485636,0.0227180802278574,7.250782874000813,0.01399493483544633,5.077625316142787,5.580793415695572,0.2044015586812712,121.70935057104236,11383379709.529352,0.0,0.38889666838617587,0.5580478739531073,0.2945396650249696,0.2059834784584334,962424.2905588394,0.04337680713651065,0.2677692041388229,0.041588035506578754,0.5580478739531073,0.38216744011933074,1.0,0.5580478739531073
1,0,1,2,2,0.9835429268249445,0.030817447243702837,8.067732148369064,0.08734227793953336,9.449834076215717,12.689726494649108,0.3612971421711029,94.32903690289169,17963789798.91906,0.0011746001907883645,0.29359991767436444,0.5582923795829409,0.3811381858750264,0.31535846595233835,10888214.829503477,0.0726331583660531,0.24654805315638406,0.06890677415328492,0.5868696225554696,0.632182295512662,1.0511868762992551,0.5582923795829409
1,1,1,1,1,0.1400130326081045,0.02148291712725146,4.846823069169875,0.06541429140278489,3.9030604656322208,7.190691538054685,0.6791192731654588,98.1458637490893,17647127904.481136,0.0013336331854168668,0.4067879142180696,0.5590204985156715,0.28387219339732284,0.18120603984820394,524104.39586464444,0.04029171109210353,0.2424229007707016,0.03832039184935384,0.5590204985156715,0.5610003495403022,1.0,0.5590204985156715
3,0,0,0,2,0.6138081678361573,0.052166029238688745,4.785420875100049,0.03676683131750761,3.4155833391289705,3.5865696157624622,0.6688803835827375,108.50454600358344,14890573254.793062,0.001270098769280524,0.3699059893076593,0.5594100272000523,0.31211901241506573,0.2804666132475904,9739890.291192021,0.04870913895547798,0.2277227704451109,0.047515438287378066,0.5594100272000523,0.5087876543869909,1.0,0.5594100272000523
5,2,1,1,1,2.5087178924976574,0.089082811845062,5.102876537080344,0.06758788576854556,8.692881368705764,15.375335186207375,0.07000089614135305,116.23954982220269,13148258037.157187,0.0006383949973767074,0.37512348721938876,0.5601708332086082,0.3050302144115945,0.2380032161762439,6958860.892052022,0.04652171585199166,0.28784369629056195,0.044203455229063444,0.5601708332086082,0.4087180425846719,1.0,0.5601708332086082
4,2,0,3,0,3.8121328464901905,0.09899729736917337,9.282949507371859,0.08143197238091696,9.193521522082085,11.929139451370059,0.4063483400797763,122.82977792801255,16905534966.153364,0.0012435565348487467,0.3945286979499198,0.5615420731947786,0.2930101294425334,0.2400930834153498,7725925.638136865,0.042927467977965095,0.2589195243252983,0.041641648211702804,1.0,0.5014324161808699,4.518551808920615,0.5615420731947786
5,2,1,1,1,4.654270332446093,0.0714463574473235,0.5587048920178864,0.05535911723338559,9.363171352912081,16.670495834590437,0.057359110315505106,98.99432518332887,17315811465.717087,0.000526594570724216,0.3701119398306261,0.562987648668333,0.31508538884247395,0.2609577685714721,11096943.641766584,0.049639401131006504,0.21160123925833796,0.04821749417301729,0.562987648668333,0.3249973177467034,1.0,0.562987648668333
3,1,1,0,1,2.922662985832191,0.0944483111819415,5.375017720328851,0.020519715663659097,2.4092545327513255,8.817052643533373,0.1546020944524423,117.33383813059206,12897261468.032526,0.001465415780511369,0.33764859601839414,0.5639534384692235,0.3402319794222374,0.2507008993591592,1439591.9570707388,0.057878899910786874,0.263522657596439,0.05471789462013453,0.5639534384692235,0.5545878996327926,1.0,0.5639534384692235
3,1,1,0,1,2.922662985832191,0.0944483111819415,5.375017720328851,0.020519715663659097,2.4092545327513255,8.817052643533373,0.1546020944524423,117.33383813059206,12897261468.032526,0.001465415780511369,0.33764859601839414,0.5639534384692235,0.3402319794222374,0.2507008993591592,1439591.9570707388,0.057878899910786874,0.263522657596439,0.05471789462013453,0.5639534384692235,0.5545878996327926,1.0,0.5639534384692235
3,1,1,3,0,0.2992140633062593,0.012841068954158433,3.654098883355997,0.005225858681027932,2.4890887971118887,5.015293597128329,0.8276662608524995,89.25150642038254,11290343632.171972,0.0,0.41578543736265144,0.5647463306400302,0.28096932684375736,0.19707026906660344,109764.11451904925,0.039471881313517074,0.24288874338454702,0.038041174056226694,0.6836780333844114,0.6078070147990752,1.2105931394181795,0.5647463306400302
5,0,1,2,1,4.21674805472454,0.06438642786076858,0.20587637950158172,0.019121998947814377,6.692369619616491,1.1154032703097911,0.32435317200793806,87.24758150639583,12915367330.50818,0.0011165208214947004,0.35440865974619773,0.566939086528536,0.3230469503474982,0.22221953395140784,3097685.965330557,0.05217966606440948,0.33982084959896164,0.04814255387260322,0.566939086528536,0.2592463271315555,1.0,0.566939086528536
4,0,1,1,0,3.26148306003888,0.07999605152410859,6.03978782658998,0.010091506950856616,9.644383689737277,18.10068417945078,0.5674825950515462,101.13760702196123,19964828302.49526,0.0,0.3842692120890566,0.5672433332707945,0.30229384493512346,0.21582860345022806,2195449.377463074,0.045690784342830235,0.28773879976227124,0.04324421828620322,1.0,0.4969867064520501,130.99441140930537,0.5672433332707945
0,1,1,2,0,1.2138638127460748,0.01886328875440779,0.14432090597165392,0.09641696465715309,5.4184447267188105,8.191025068774897,0.6407489596275866,79.87769724976879,14129371286.56572,0.0008795306783871444,0.35835935063000696,0.5676034377508019,0.3297422424789388,0.2618696181483142,12541694.608920902,0.05436497323751963,0.1733435856013107,0.05246867113303088,0.15063828008861382,0.5053341871702506,0.26539353018286227,0.5676034377508019
0,1,1,2,0,1.2138638127460748,0.01886328875440779,0.14432090597165392,0.09641696465715309,5.4184447267188105,8.191025068774897,0.6407489596275866,79.87769724976879,14129371286.56572,0.0008795306783871444,0.35835935063000696,0.5676034377508019,0.3297422424789388,0.2618696181483142,12541694.608920902,0.05436497323751963,0.1733435856013107,0.05246867113303088,0.15063828008861382,0.5053341871702506,0.26539353018286227,0.5676034377508019
0,1,1,2,0,1.2138638127460748,0.01886328875440779,0.14432090597165392,0.09641696465715309,5.4184447267188105,8.191025068774897,0.6407489596275866,79.87769724976879,14129371286.56572,0.0008795306783871444,0.35835935063000696,0.5676034377508019,0.3297422424789388,0.2618696181483142,12541694.608920902,0.05436497323751963,0.1733435856013107,0.05246867113303088,0.5676034377508019,0.5053341871702506,1.0,0.5676034377508019
1,1,1,3,1,1.1727277020866642,0.02892594807667031,6.4062181788191,0.0016264704261661044,9.597507986001743,9.630668439648096,0.13033542092185355,125.7094638980143,10743386458.074896,0.0,0.42232568868461695,0.5690655312347317,0.2792193008858098,0.1814808185732757,510150.7752441719,0.0389817089935802,0.23938497186355956,0.03719050908986868,0.5690655312347317,0.3991436040765763,1.0,0.5690655312347317
1,1,1,3,1,1.1727277020866642,0.02892594807667031,6.4062181788191,0.0016264704261661044,9.597507986001743,9.630668439648096,0.13033542092185355,125.7094638980143,10743386458.074896,0.0,0.42232568868461695,0.5690655312347317,0.2792193008858098,0.1814808185732757,510150.7752441719,0.0389817089935802,0.23938497186355956,0.03719050908986868,0.5690655312347317,0.3991436040765763,1.0,0.5690655312347317
1,1,1,1,1,0.19327781199406066,0.02141700895251024,2.4476254128994968,0.045073950123086896,0.4558675222106984,19.15295476646086,0.5667586453795516,62.45564857127029,9744984210.670603,0.0007986009889827428,0.4256838502904463,0.5697141070891762,0.2780396141620425,0.1678143316968509,237641.7788752789,0.03865301352168872,0.22777996999077577,0.03672465923912213,0.5697141070891762,0.5641519874438172,1.0,0.5697141070891762
1,1,1,3,1,1.1782234889992216,0.028936795225356172,6.358484659757854,0.0018543651425644752,9.429940731849332,9.973439277507143,0.15312576784546222,126.11927300721949,10747006088.768774,0.0,0.40297935039776844,0.5702069399839605,0.2916730827870259,0.20176656028666895,912752.4550308894,0.04253659361124363,0.2643353820722445,0.04072236769321361,0.1514531653639856,0.38078487897140223,0.2656108769357417,0.5702069399839605
1,1,1,3,1,1.1782234889992216,0.028936795225356172,6.358484659757854,0.0018543651425644752,9.429940731849332,9.973439277507143,0.15312576784546222,126.11927300721949,10747006088.768774,0.0,0.40297935039776844,0.5702069399839605,0.2916730827870259,0.20176656028666895,912752.4550308894,0.04253659361124363,0.2643353820722445,0.04072236769321361,0.5702069399839605,0.38078487897140223,1.0,0.5702069399839605
1,1,0,1,0,3.000021519209998,0.07493653241509098,0.1830536529607125,0.0014885360609540065,1.8826867725866827,6.175808381534372,0.48837433164937605,124.31820473918128,9166111940.107386,0.0006777743288281488,0.36824463874165003,0.5702747976761867,0.31547101173521086,0.2536690264458201,6879332.144990649,0.04976097962261878,0.30848346776179625,0.0477442716719106,0.5702747976761867,0.32311434194980715,1.0,0.5702747976761867
3,0,0,2,1,0.789545385015837,0.02564868705327245,8.833934377210097,0.008459034102150695,6.181673144910264,9.685379900003047,0.06503242097586227,112.92870808621649,16115203870.624298,0.0,0.37194318241342633,0.5705877618396447,0.31918659500276536,0.27348688377094826,11365572.351673994,0.05094004121472967,0.19603423038872825,0.04951422945092363,0.5705877618396447,0.41392342828339324,1.0,0.5705877618396447
3,1,1,3,1,0.23910421276033533,0.07916666260728837,9.939091424778306,0.023994649843459424,3.7050275762575007,2.3678528991032244,0.06979556322021795,120.003778849794,19073425445.16086,0.0013950664899174087,0.33018400907723805,0.5707444164364595,0.35209632809433533,0.32898513122390516,11157054.884772804,0.06198591212875691,0.25591672609500327,0.06032544310881425,1.0,0.5264816108176528,278.8868139270582,0.5707444164364595
3,1,0,2,0,2.89696254625242,0.04576357276451557,3.2212385836290136,0.0012485015924349383,2.63461700834144,10.51476801585542,0.4904211508862274,84.75154819777238,17987633150.244427,0.0,0.4068630990910005,0.5712932748952178,0.290408648682302,0.23141800237565463,4510699.21989204,0.04216859161474035,0.24959897436761602,0.04049474312599286,0.46044950416788705,0.32831671768937754,0.8059774627179694,0.5712932748952178
2,2,0,0,1,1.0014341356024294,0.018309088897617027,9.775984239853807,0.07303094366050096,3.7912750794038774,15.5966809092976,0.15867035863643994,92.19452078722331,17930643324.635983,0.0010311776735033723,0.39673764432832626,0.5718209289404983,0.29778002210538224,0.20962270955180054,370595.66076102434,0.044336470782540965,0.2524294970846688,0.04250213055678827,0.5718209289404983,0.44784681257146725,1.0,0.5718209289404983
3,1,0,2,0,2.126644683389678,0.08117245262772116,1.6084870820701729,0.005129776504401651,9.456109517252965,2.7399427180866978,0.6310838071278341,124.53431893285006,13815481420.889385,0.0006113103597115724,0.382495366563933,0.5729228848246966,0.30684303786060113,0.2002281024889598,863317.5626984474,0.04707632494176115,0.2911783917285198,0.04467403394484145,0.5729228848246966,0.311862721127423,1.0,0.5729228848246966
3,1,0,2,0,0.23634851880989693,0.07619852990913109,5.441522235190601,0.01991526356517434,1.5282318383995304,7.857598618564022,0.22492514892356302,119.24381865378878,10641651741.365875,0.001235427147067185,0.3656308607372987,0.572930309150264,0.32246818768015145,0.27519794675717185,9686552.637488069,0.0519928660328607,0.252611422224819,0.05053059583631616,0.014599715291655584,0.4186520672449072,0.02548253261955893,0.572930309150264
0,2,1,1,0,4.236312564846815,0.018313072148102984,3.5293117114884294,0.0074779375702680945,7.017663687242206,2.3043313000928447,0.5274487753550149,78.53453598710293,18202927655.55313,0.0,0.3484496722632095,0.5780100141150247,0.33989121958409474,0.29626043814743425,10554539.95025208,0.05776302057518166,0.2601726043059839,0.05599514222391077,1.0,0.44668924878494165,6.262946731905255,0.5780100141150247
5,1,1,1,1,2.3625865615333237,0.09759126784281887,4.48082488942697,0.0758373519796537,7.122352023535452,16.36945687159556,0.2200139586450832,128.36747127356745,10223636550.470104,0.0005699191022037308,0.38532154684351605,0.5785139111195231,0.3079039825067713,0.24566811356411417,7130442.637145291,0.04740243122176507,0.2930178063403376,0.045270779174564076,0.5785139111195231,0.38393075789180925,1.0,0.5785139111195231
3,1,0,3,0,3.216784857766199,0.056327848303248676,6.402950207703278,0.06630130291321625,6.538462875302019,13.86024241881641,0.32321935223434073,91.58449367393864,18526420934.71752,0.0005607668815193359,0.440807937342812,0.5789166533305726,0.2733591066807036,0.1683619757340665,273230.4882290649,0.03736260060263616,0.22705597866796812,0.03553563751240826,0.5789166533305726,0.3902329972488083,1.0,0.5789166533305726
3,2,0,2,0,0.15450819785783934,0.08811176564641983,9.590988809979379,0.06922047546358136,5.667206666195662,15.018813549999384,0.3374791068617124,128.52098115004202,9414973677.66603,0.0005687105196717804,0.38118666591063166,0.5790168119080383,0.3158070264599134,0.270380857133534,9162988.468978504,0.04986703898072622,0.2167777280152825,0.04848346672518811,1.0,0.3763535887848303,28.338091232966608,0.5790168119080383
2,2,0,0,1,1.1053049663780583,0.018309088897617027,5.494019064202546,0.07031185625432484,3.533751429550279,15.5966809092976,0.15867035863643994,92.19452078722331,17930643324.635983,0.0010204831393076097,0.3891519900579943,0.5795117976589035,0.3067015401251704,0.21425820511458965,441985.503238425,0.04703291735757576,0.2735262403404011,0.04491200355404754,0.5795117976589035,0.586955924322508,1.0,0.5795117976589035
4,2,1,3,0,1.2280977177667391,0.028320433500077555,7.964077359929477,0.033941869646206,0.7152803455003716,1.2331885832411371,0.7491557176906071,99.44478733943401,19457268231.668266,0.000602035595020883,0.36930721466741834,0.5796261855176124,0.32632566879221425,0.2733736986052609,12121535.487910375,0.05324422105634296,0.2052507300191977,0.05157048846854188,0.02586654659702682,0.4827383038877616,0.044626256099744216,0.5796261855176124
3,1,0,2,0,2.149103862449495,0.050612516855086005,0.9960612121788767,0.0510185576657098,5.8833166550633305,5.907815057951918,0.5235876813387855,94.91257381084742,18592801954.9631,0.0011064545469038128,0.37983712884676524,0.5800586371716888,0.31263081574043444,0.25180509953187774,7252918.931460929,0.04886901347526473,0.3008983913315929,0.04695043376312411,1.0,0.3310689754240226,1.7527716146872212,0.5800586371716888
3,1,1,2,0,4.199233512333253,0.07101390314507942,0.19227561082366976,0.03799102787564441,0.6884159410003775,13.158412104238836,0.4740858477688922,75.68676387998494,14720138385.961765,0.0006516647728884108,0.3713615948695609,0.580439386134245,0.31916975302503087,0.2626601459197241,7483232.855552657,0.0509346656230296,0.30886798683340755,0.0489959305097411,0.580439386134245,0.3240076766905535,1.0,0.580439386134245
2,2,0,1,1,4.0848324317725995,0.093236222860319,9.733595496388343,0.019133317202814092,7.8743191064742835,9.965568380880223,0.1127568412370071,117.7606522320214,19396674249.353798,0.0014234517564838958,0.34737941188236887,0.5804545442675721,0.3418834540489,0.24916428895590675,1165123.835217862,0.05844214807620316,0.2694334853880961,0.055287549275654484,0.5804545442675721,0.569540063570074,1.0,0.5804545442675721
1,1,1,3,1,0.9215623324756331,0.04111454929083315,9.527846202178718,0.012001672187340062,8.974288354923397,8.601144574459324,0.09924603588205888,106.87370932585817,11284467896.00605,0.0,0.38697167913422303,0.5806383965650855,0.3084795817796371,0.21526531312042452,981874.258197389,0.0475798261874699,0.28302214258159064,0.045405911382936766,1.0,0.38175026293776804,11.362699309311687,0.5806383965650855
3,1,0,2,1,0.8714023891193331,0.006798614854793462,6.210016013415188,0.00770597239859891,6.589372267616434,18.012779967044352,0.19850810088686321,91.84305012227632,12104431758.563658,0.0,0.3482451187147145,0.5813577026873407,0.33960000627292003,0.28301229076958867,8967065.922685131,0.05766408213028366,0.3057098061546759,0.05559182722152775,1.0,0.3941774597170883,33.996345593341886,0.5813577026873407
2,1,0,1,0,3.169896517626509,0.09749317682512049,3.1000299210599276,0.005844668673738312,9.514625040975062,1.6106008791995534,0.091229672987418,95.83015962714192,15546926159.343855,0.0,0.40884578695256657,0.5827011637225906,0.2954958080255868,0.249371626275206,9035272.858661518,0.043658886280347226,0.24978132221912808,0.04251726190805765,0.5827011637225906,0.4400426822622987,1.0,0.5827011637225906
1,1,1,3,0,1.5731379495015252,0.0874261927903709,2.8997536718040196,0.021094515743777995,7.466148146305603,19.435431397193554,0.011443473602313747,128.16120109296023,14231789396.942078,0.0007188447209144244,0.39479341501103804,0.5829819282867462,0.30351411738013734,0.2100939044877604,798528.2300555777,0.04606040972452189,0.29057116502872626,0.044115963235403746,0.5829819282867462,0.4109166042603888,1.0,0.5829819282867462
3,1,0,2,0,0.23823185666104438,0.0530457999933051,4.433210274462882,0.029917786642909092,2.5861976492886622,4.581058463511068,0.6417592303822467,128.84916737626526,12468556710.395075,0.001375619712292203,0.3502296643817467,0.5842014566442858,0.34426493082052917,0.3000557475451866,10829562.727915403,0.059259171296431865,0.22582348023678278,0.057538440067985495,0.5842014566442858,0.42419162162506713,1.0,0.5842014566442858
4,0,1,1,0,0.6151282058607327,0.06955088659660728,5.506860158647038,0.029980580011692855,7.284767106552157,3.086290365237818,0.3560785040192229,86.40395880062881,16088156240.281443,0.0007252089214842918,0.38504548152640206,0.5845276641088233,0.31203707993744884,0.2477257265482678,6511420.319855232,0.048683569627944914,0.28713393405231946,0.04629205889306471,0.5845276641088233,0.4236451027841367,1.0,0.5845276641088233
3,1,0,2,0,1.5179287161358224,0.03963920025643073,4.571938121441067,0.052215868468536895,0.31220890914151517,1.215549283390331,0.6525866239353959,108.67665235073487,10600912516.043823,0.0010856124563534634,0.34658583083968875,0.5847456393617919,0.3494988101974977,0.2977511175548192,12404733.987498326,0.06107470916473325,0.19770464880730998,0.0590926205045393,0.5847456393617919,0.4163953385132722,1.0,0.5847456393617919
1,1,1,3,1,1.274706581831495,0.01987223179933395,3.796257180013232,0.0040533931583907334,5.957800604847262,5.423547258875156,0.17896828763552777,110.64129441555613,10541250697.295004,0.0,0.30904035668512453,0.5870352001588964,0.37748120705276184,0.31997583937769003,8255353.392696323,0.07124603083900503,0.3782944883033853,0.06757516110866119,1.0,0.5080526710293589,15.535303290778957,0.5870352001588964
3,1,0,2,0,0.6136925677934655,0.07141055080042188,8.762085403459132,0.0030064189663870627,0.8182659852968039,10.255477604444025,0.4079669595057425,113.8866249827145,18252239656.82058,0.0,0.446733468264485,0.5876331733313591,0.2744008792188445,0.16890809107948695,98733.00145920514,0.03764792125803744,0.22484062546630268,0.035893437228536794,0.2549265778183855,0.34976364493844275,0.43381924198250726,0.5876331733313591
4,2,0,0,1,0.2324376515438554,0.0976638512141857,4.215422509387244,0.03834785390180965,2.096201610261579,12.287955842577118,0.17723094344786924,120.02385347066831,16546448238.129053,0.0012467689758790441,0.37673014842070524,0.5879337489369962,0.3230430047735261,0.2800498579205086,11079448.944293253,0.05217839146655421,0.24567638482777554,0.05062974400661112,0.5879337489369962,0.4514346633106169,1.0,0.5879337489369962
3,1,0,2,0,0.504504423123078,0.03902207576326087,1.5078228686794533,0.0038902072182544654,0.3376155489716638,5.768510988890369,0.5160648714724884,115.48983731188306,15168496630.31589,0.0,0.36865985800195145,0.5880739970190857,0.3241482943609836,0.21505888357380276,265327.156220596,0.05253605836856742,0.3422788888014068,0.049970286197627216,0.5880739970190857,0.5097558244742184,1.0,0.5880739970190857
3,1,0,2,1,4.423148207602288,0.02386834806640467,2.3336162122046655,0.004815046358941556,2.9567856294690094,1.6871003590435478,0.6412959319058766,72.06979924056058,12330596951.47749,0.0,0.37192866911245553,0.588295205889136,0.3278777204843884,0.27913042122666526,11387603.00491963,0.05375189979501937,0.23328086611944165,0.052199811420836136,0.3451213664249285,0.49179575834247535,0.5866465729621576,0.588295205889136
1,2,1,1,1,0.8165939359092957,0.05698815144107876,0.7114647023216526,0.07589024244386275,3.7423041133080646,4.173442955194383,0.04749451998442545,68.57803233288591,11066168844.596899,0.0013553162084126449,0.34537511860777326,0.5897448194657102,0.34449069011652816,0.28370475826013436,7034479.564411988,0.059336917788480915,0.3597114565553081,0.05681707209048952,0.050394492415903665,0.3772794672053258,0.08545135243673603,0.5897448194657102
4,2,1,1,0,2.9295959704808494,0.024129947806270386,3.6528976509670876,0.06224326334100063,1.4974318623478695,7.236592906159258,0.6817045788695919,63.50036998010804,15995233695.80779,0.0010061598916906278,0.3591142447823058,0.5902898598823021,0.34045513460370325,0.2990333419732179,12203658.80956543,0.057954849339012855,0.22376631592303675,0.05616355942335671,0.39819980576723274,0.4830391003253632,0.6745835102887077,0.5902898598823021
3,1,0,3,0,1.2190369539431114,0.02357381541217297,3.280352574605586,0.0017301948456145584,4.7470494827564815,4.3111562378351795,0.3217260167157501,124.56506689233929,11433059026.65341,0.0,0.3418907092707436,0.5908027144527657,0.34683869522346256,0.25361263836667314,2268957.8549204785,0.06014854025215698,0.3866445027261185,0.05708038186522558,0.5908027144527657,0.3843841084428575,1.0,0.5908027144527657
1,1,1,3,1,3.5702488879510947,0.05384537536818265,6.985547865155442,0.005653116112781067,4.625867099478917,9.399083697013527,0.054629124800580346,120.73572784392852,12487712934.756195,0.0,0.4103622533983168,0.59081620475107,0.297555034696771,0.20566538054516748,879387.5171920036,0.044269499336698305,0.2751370241911232,0.04234595813177836,0.2838799591333175,0.38858040518366727,0.480487767347081,0.59081620475107
0,1,1,2,0,3.0316237334164184,0.08992998817626181,3.142209668177633,0.027708739095752208,3.4543259506691952,17.055579842022585,0.6211270239068784,111.24265016277198,19183130343.471684,0.001410016268749437,0.38636625666199276,0.5913522220894603,0.31444369507421827,0.2282038557778591,1292660.677574972,0.049437418685963984,0.29794266537258896,0.047176817030055225,0.5913522220894603,0.6278856044547044,1.0,0.5913522220894603
1,2,1,1,1,1.1667681243366523,0.021434098027671964,2.8335809766188262,0.04412498873800655,2.2058652758223958,3.1974586377301275,0.05125923035889411,67.0890122438169,12592376362.306759,0.0013713336628327966,0.44892473911536296,0.5920075061155537,0.27537632144954755,0.16764914560046892,124669.5803337474,0.03791605920754228,0.22419046114022656,0.036034961903605396,0.5920075061155537,0.5414077753474215,1.0,0.5920075061155537
3,1,0,3,0,0.6036905442322358,0.04157816526557639,9.144756834145653,0.0061312259792902675,3.708067660228413,7.527608561552995,0.10802018133395674,85.63780632603168,19320849406.556274,0.0,0.3912047695184792,0.5933263747856232,0.31129193713089326,0.21206933904449513,1108928.329640769,0.048451335061352,0.3078823249742394,0.04598363315620244,0.5933263747856232,0.4368034753045428,1.0,0.5933263747856232
1,1,1,3,2,4.007869498898519,0.020375586949311433,7.055716016061477,0.00415959701921484,6.558177463347022,3.6205163619251275,0.0844305568062081,107.93824551265674,12207700172.43453,0.0,0.4222865954260775,0.5951168043473058,0.2921967957179079,0.19708281592984148,679458.524566452,0.042689483713906407,0.2649029592392912,0.040722101802291404,1.0,0.37680973730775996,33.78712252821391,0.5951168043473058
2,1,0,3,0,2.1150451830015538,0.032190782280555885,7.594679751876693,0.07981603858408899,6.365246449231328,7.839429409952279,0.04718872611301414,83.59947478723733,15803075915.797611,0.0007274054022866275,0.35008121167269435,0.5957325548226976,0.34942929996605654,0.3098600449128501,11071733.667243652,0.06105041783738416,0.2666265170575506,0.059229440594502504,0.1397145356334197,0.553302821629611,0.23452560129939795,0.5957325548226976
1,0,1,2,0,0.789711934254813,0.0296928133280359,4.750274122506985,0.0867871794005556,0.3073013283578099,8.738014655394014,0.5308463803214861,93.01137059749071,9471107442.013664,0.001159446341398777,0.3302647056106139,0.5962892451919003,0.36937087118261774,0.31597141393546585,11578211.93262138,0.068217420239103,0.2515432811928203,0.06535301810242933,0.3074433552018915,0.6528472262141021,0.5155943322488548,0.5962892451919003
3,1,1,2,0,3.833093148778189,0.09803469077616278,4.895464877737827,0.00257835639523784,4.325354182899233,8.69955967889043,0.15550378377987922,126.68316864324403,13770812733.504345,0.0,0.40174797124406425,0.5963766807133525,0.30589208222044134,0.240634399605984,6026478.486075788,0.046784982982578625,0.2942921023236579,0.04484222534650444,0.5963766807133525,0.4249295244388652,1.0,0.5963766807133525
0,2,1,1,0,4.14275549432731,0.018313072148102984,3.5293117114884294,0.0074779375702680945,7.017663687242206,12.811010887938274,0.718146055630604,78.53453598710293,18320721600.942024,0.0,0.3171084835972686,0.5970186350909078,0.3714603240397321,0.2959016616126422,3972143.7103878898,0.06899138616785139,0.4557096286209087,0.06524371743424733,1.0,0.375516048040743,14.321652143276763,0.5970186350909078
5,2,1,1,2,3.5942300563395944,0.017176527183411953,4.950220081786862,0.005340784098632081,4.53471842585274,13.492637804497727,0.6348254157734255,103.60742624827895,15251140883.505878,0.0,0.2850020295906232,0.5973192213950606,0.4163575885168695,0.35441944014504834,10595347.855539424,0.0866768207577914,0.30759373636415943,0.0813805901129473,0.5973192213950606,0.4393452259643237,1.0,0.5973192213950606
1,2,1,1,0,2.2975071710397343,0.012945710014531878,5.125759241835034,0.017289652234536816,0.7106371794258851,2.4797375498004612,0.27481377626904235,64.04061469589959,15458793003.466524,0.0,0.43031458335938527,0.5980493238381558,0.28934430562528146,0.18239359717859335,139106.8627025841,0.04186006359888814,0.24760008321487714,0.039861190767616565,1.0,0.298519442234931,2.3487708246479646,0.5980493238381558
3,0,0,2,0,4.461043256925113,0.07237093586383031,1.3297545955817731,0.017827562965619936,1.9189608537906124,2.30776407796143,0.7195882546392951,105.7155263723986,9262274017.025873,0.0,0.4060619854832027,0.5980804870428377,0.3039112140445249,0.20126768074878118,2425198.6910316637,0.04618101301100851,0.29042872031829503,0.04317624754400586,0.7166335295091851,0.38066949753919055,1.1982225553830117,0.5980804870428377
3,0,0,2,0,3.8603097961427912,0.0913769429285986,4.415614722589677,0.0015149257942539342,0.3151129535956265,6.549649125817663,0.2839026093317594,128.54809995952056,11156011221.946112,0.0,0.3585908997980858,0.5985700471773013,0.34856089623955316,0.2794288709611888,12699652.215757996,0.06074734919366027,0.18131409782124353,0.058504822909938164,0.06596149561788268,0.36737117710373146,0.110198457020928,0.5985700471773013
3,0,0,2,0,3.8603097961427912,0.0913769429285986,4.415614722589677,0.0015149257942539342,0.3151129535956265,6.549649125817663,0.2839026093317594,128.54809995952056,11156011221.946112,0.0,0.3585908997980858,0.5985700471773013,0.34856089623955316,0.2794288709611888,12699652.215757996,0.06074734919366027,0.18131409782124353,0.058504822909938164,0.5985700471773013,0.36737117710373146,1.0,0.5985700471773013
5,1,1,1,1,1.5117470916241236,0.08321950538241726,7.893640050027277,0.056171496803968615,2.2488513454801518,1.9162931480456313,0.031052433041060513,95.98061440679736,12879256697.821156,0.0007755414772108333,0.35213671745066577,0.599035555871584,0.35206006711558124,0.3088789429079058,10560873.781739019,0.061973145428713794,0.22536478195693088,0.060009888520807284,0.6426115855161624,0.5254974075181853,1.07274364470933,0.599035555871584
5,2,1,1,1,0.6712522088433402,0.06293250727768736,0.8782116551981817,0.017078922945113633,7.728053396880463,4.475903901444998,0.11703957992610324,118.46913988045151,11096766057.685932,0.0013342606645309887,0.3608403728203583,0.5997653445970585,0.3421066345808049,0.2914651798327805,10374836.81628952,0.0585184747121022,0.2721287224864911,0.056673135224802974,0.5997653445970585,0.37698500818652997,1.0,0.5997653445970585
1,1,1,3,1,4.214928895470611,0.02127531986464522,6.993948744954731,0.005352198722928589,6.438375949113212,5.20190414778175,0.18438321106537114,110.96610596802758,10786339537.693495,0.0,0.4218835770389193,0.6004681289387066,0.29502618574205736,0.2018273014918104,790964.8313058506,0.043520225136753465,0.27204455283589435,0.0415713396463606,0.6004681289387066,0.3846802895943563,1.0,0.6004681289387066
3,1,0,3,0,1.791149777520885,0.03696116769362407,9.353249198894398,0.010572940527994013,0.1552587053938396,5.962573991136316,0.5083591591387429,128.66301468044153,13873869374.212559,0.0,0.34243918595037603,0.6011981119045842,0.3516663020520224,0.260683977772984,2319192.655573443,0.061834593999472116,0.41153182697059143,0.05859680124095059,0.6011981119045842,0.4370710273659038,1.0,0.6011981119045842
2,0,1,2,2,2.5256387398405287,0.0784342301449241,3.4935864973738813,0.09657921188404088,9.062127588553468,10.130695108382136,0.5157568096537679,98.34446895009678,19537750110.900738,0.0005306585327245034,0.38784362846779685,0.6016657178154241,0.31861202959687684,0.24908741019087738,5969706.614619529,0.05075681270192057,0.31157879999828997,0.04783998311184129,0.6016657178154241,0.37427455162224654,1.0,0.6016657178154241
1,1,1,3,1,1.3539610324105469,0.016521470618447,3.769666884359386,0.005044381451782598,5.944250620220051,5.421029208409269,0.1968915741851257,112.2079154033628,10804698798.349031,0.0,0.31521941141936627,0.6031791253655966,0.38273146998456303,0.328275478420118,8922420.690908581,0.07324168905827225,0.36848212353108056,0.06955131266349318,0.6031791253655966,0.500480389172173,1.0,0.6031791253655966
2,2,0,2,0,0.3237750248731845,0.0803038639003394,1.6004869991539756,0.006856449936147539,6.987957985554905,3.4449525813191304,0.35216713628554924,118.77783095480659,11321065223.531487,0.0,0.39783560538170276,0.6034188126406611,0.3154571207554831,0.2595267691089149,10441285.731476713,0.04975659751766972,0.25005916199514566,0.048267795530078816,0.6034188126406611,0.28385305906147207,1.0,0.6034188126406611
1,1,1,3,1,0.8170227580665668,0.007704557384444362,5.242439872030064,0.002980367851560408,9.383640125098491,10.30239894372721,0.14006292504502632,109.20744507361346,10634081867.286297,0.0,0.32962957366324197,0.6042086968907393,0.36890121896704353,0.3138313012031551,8820353.504097456,0.0680440546776853,0.3627457100692687,0.06480969169791674,0.0013787946258237654,0.48565162801320777,0.0022819840775530854,0.6042086968907393
1,1,1,3,1,0.8170227580665668,0.007704557384444362,5.242439872030064,0.002980367851560408,9.383640125098491,10.30239894372721,0.14006292504502632,109.20744507361346,10634081867.286297,0.0,0.32962957366324197,0.6042086968907393,0.36890121896704353,0.3138313012031551,8820353.504097456,0.0680440546776853,0.3627457100692687,0.06480969169791674,0.6042086968907393,0.48565162801320777,1.0,0.6042086968907393
1,1,1,3,1,2.7226067316826077,0.04155842082290532,4.873659758970976,0.00656885896421061,5.758836506081555,6.977168046582051,0.1089364412699456,113.20990199020738,11072689270.179407,0.0,0.4153334200682509,0.6059355477319371,0.3020166790346025,0.21012431990350533,875370.9607087877,0.045607037207545054,0.28383918556472987,0.043635198010036715,0.6059355477319371,0.38058213228273247,1.0,0.6059355477319371
3,2,0,1,1,1.079946912496784,0.09828574394670649,0.4686519788804183,0.03146427652329423,9.232332317080447,8.680833684246444,0.45341333070205864,80.23702684437285,17584273381.04826,0.0013553853437999655,0.35252516108415555,0.6059667753962626,0.35155075925923907,0.30709020889577215,9702583.290092107,0.06179396816787373,0.30471114263389065,0.05974015430577333,0.6059667753962626,0.4021708719923101,1.0,0.6059667753962626
1,1,1,3,1,0.8773133390520739,0.01831903135060683,4.303805498202823,0.005567576852944644,6.027597616750272,4.0114933550653715,0.017401263069600322,105.31255255620312,9442561156.982193,0.0,0.3868699477633588,0.6065481393721927,0.3211974613061261,0.23471878045048664,1288734.0471208317,0.051583904574750185,0.3302463889625499,0.04943292916235041,1.0,0.3833672293483375,13.026300191193599,0.6065481393721927
1,0,0,1,2,3.0100540459055405,0.020429916022128448,4.374286067255846,0.002594193383101309,3.795887227783995,18.377437507077886,0.7052134068912834,90.40484254934553,17080434313.992096,0.0,0.2956346372393239,0.6067915138855174,0.4100116871284883,0.35084244933843406,10679288.85204505,0.08405479179097468,0.31869619422867235,0.0790563186991162,1.0,0.451109802003264,8.049002391756959,0.6067915138855174
4,2,0,2,0,0.5958152908333684,0.07142633009584635,6.982511743826762,0.07987535170796922,8.855623035242047,15.577372747448297,0.3494804457407944,115.84979694393436,10242562116.90296,0.0006487056714483445,0.3951935204878426,0.607905444110693,0.3188172006614814,0.2626069681517645,6383981.030264442,0.050822203718811645,0.27215121871551484,0.04892712750607314,0.607905444110693,0.38082850999855256,1.0,0.607905444110693
2,0,1,2,2,4.599416664448829,0.07873418104656339,3.4935864973738813,0.09657921188404088,9.062127588553468,9.186538920899013,0.5157568096537679,98.34446895009678,19537750110.900738,0.0005241197215753011,0.3849588027838229,0.6080361258874899,0.3239243120699847,0.24565692425345168,5539665.557881361,0.052463479975006416,0.32481058229478765,0.04907268946734546,0.6080361258874899,0.3786725161027675,1.0,0.6080361258874899
2,1,0,2,0,2.860605582490596,0.06172948738689838,4.81165877358957,0.05551352800643495,0.5031362245547822,1.2679936420652922,0.04402122314121726,72.66989498181341,18517848018.06501,0.0010699558392872081,0.35522386210281276,0.6087687490395792,0.3582861066249212,0.29809919221042747,13228461.728991825,0.06418446710022221,0.17620455369951782,0.06179291721763678,0.6087687490395792,0.4452684341335201,1.0,0.6087687490395792
3,2,1,3,1,4.181625463390509,0.085315159014261,7.966952035282455,0.005876094826729215,9.8479300719329,8.480916411573979,0.30382655751956844,88.32963672506786,16095509477.28984,0.0,0.3943139038917532,0.609935681618131,0.3179492346960979,0.23079505306470624,784338.920115032,0.050545857921917174,0.319521006361118,0.04840411213054255,0.4934612319628335,0.43652111028184426,0.8090381442412153,0.609935681618131
1,1,1,3,1,1.2457350611084663,0.015426790412221173,3.835729925377301,0.004069289307877168,6.092001412652278,5.25633475808359,0.2009728902805534,111.9545464306806,10441945844.867283,0.0,0.3201015507398935,0.6100739013067475,0.38202890487687524,0.3255048289286246,8938644.977909168,0.07297304208071229,0.37346293778485506,0.0692324386379169,1.0,0.5010927181484308,5.588167583640025,0.6100739013067475
3,1,0,2,0,1.8538435602757926,0.07102789612418793,0.4648473173404625,0.07508996521592565,3.0807551301279026,5.947174990922874,0.32108145071205046,79.20251612042486,10602610206.594921,0.0011411420250732837,0.38211380973938974,0.6104156870702951,0.327586089809746,0.26695946153787276,7550439.713790179,0.05365632311841949,0.325884492553687,0.051505947625751836,0.6104156870702951,0.33407940603123815,1.0,0.6104156870702951
4,2,1,1,0,1.6007466679332143,0.011733135633061439,6.0279006676715285,0.0017001454166356835,3.7860189337098586,8.231187427365029,0.7961508109153662,65.97391514299001,9548605055.314617,0.0,0.4624736102768958,0.6111949327999492,0.2766598082026778,0.16693186777463434,24798.79189360603,0.038270324737371235,0.22913806682221272,0.03635939863280701,1.0,0.7748509548349195,8.653119529769894,0.6111949327999492
3,1,0,2,1,2.633410117411998,0.08420198331923053,0.995981399335138,0.025630153038928842,4.646110758519582,1.061854718664702,0.26103875884688593,108.25860769881834,12513390601.807844,0.0010654792942672508,0.4168155214430671,0.6113522834675525,0.30480897188314404,0.2520030986749615,8705132.308152476,0.04645425467022964,0.2695860882517951,0.04498832164513116,0.6113522834675525,0.25573377419989746,1.0,0.6113522834675525
3,1,0,2,1,2.633410117411998,0.08420198331923053,0.995981399335138,0.025630153038928842,4.646110758519582,1.061854718664702,0.26103875884688593,108.25860769881834,12513390601.807844,0.0010654792942672508,0.4168155214430671,0.6113522834675525,0.30480897188314404,0.2520030986749615,8705132.308152476,0.04645425467022964,0.2695860882517951,0.04498832164513116,0.6113522834675525,0.25573377419989746,1.0,0.6113522834675525
1,1,0,1,0,0.24183794083737353,0.02574476892255732,4.436474450495657,0.08369779986834597,4.7374680492552175,13.902371373137047,0.7609341661999479,94.90714097201494,10390929958.019121,0.0013582162471297793,0.4000059801538895,0.6116300125070389,0.3147570917507749,0.2220011730749121,562227.5783318923,0.04953601340370286,0.3158144197925792,0.047499161482955944,0.6116300125070389,0.6189819268949662,1.0,0.6116300125070389
2,2,0,1,0,2.4065037455528815,0.08784749852503838,7.068331623015205,0.004789747557190059,0.5751671993624704,4.425902266016683,0.23233755233628967,111.66156432202678,13190594478.268026,0.0,0.42610881361160924,0.6117913183294363,0.29838593670681646,0.19734843040928426,553657.6199604339,0.044517083612202135,0.27111720200635014,0.04246097839533567,0.6117913183294363,0.3586592959264074,1.0,0.6117913183294363
2,2,0,1,0,2.4065037455528815,0.08784749852503838,7.068331623015205,0.004789747557190059,0.5751671993624704,4.425902266016683,0.23233755233628967,111.66156432202678,13190594478.268026,0.0,0.42610881361160924,0.6117913183294363,0.29838593670681646,0.19734843040928426,553657.6199604339,0.044517083612202135,0.27111720200635014,0.04246097839533567,0.07004531173627274,0.3586592959264074,0.11449216364746591,0.6117913183294363
3,1,0,2,0,0.9097262957048309,0.012914042961035651,4.590032825739598,0.006453239456614991,3.617393277160874,6.892140499298081,0.7435624170262746,123.7409134384162,16529347734.492348,0.0,0.33536212686365574,0.6118547488741105,0.3734076184136671,0.3199014284671133,11254504.534966564,0.06971662474468342,0.2739551655720698,0.06669575174221067,0.6118547488741105,0.43503249112486414,1.0,0.6118547488741105
3,0,0,2,1,0.5990825406851447,0.08274259344329486,0.436757381149674,0.019570853001991486,8.816301034830147,6.786749174186013,0.07700201837426415,78.14446635530105,11285497825.725576,0.0012194858934670846,0.36611227799369334,0.6129206192585329,0.34696929016564176,0.30507594380037173,11884098.09348475,0.06019384415902466,0.25003330338066265,0.0583391442758635,0.6129206192585329,0.4195432272111417,1.0,0.6129206192585329
5,0,0,2,0,4.212293197168672,0.01794399250134193,1.923059076075257,0.07219075542673606,9.238910069194167,5.38148868773767,0.8139678153174563,106.97836061811184,12468995160.745527,0.0008998898169096786,0.4318321418071105,0.613233057414095,0.29514043221934994,0.1906603265463455,717933.7334635138,0.043553937365312344,0.2725142382103368,0.04136463425820977,0.613233057414095,1.3755700977871919,1.0,0.613233057414095
2,0,1,2,2,0.8635296668065362,0.006206720901309169,6.4078803494914105,0.06630395540759502,2.9422417667634893,15.429928533006633,0.19363244212699704,83.71183941210053,14892149530.962688,0.0006750349902737542,0.4105389271961208,0.6135132291758951,0.3094845429234276,0.265297916171663,7779622.310202002,0.04789034115426145,0.2888197945178035,0.04655231673086297,1.0,0.4824885530179629,5.824591519163885,0.6135132291758951
2,2,0,1,0,2.410115818645935,0.08847820970960323,7.114924611091143,0.004982186591155888,0.5544935204987427,4.477136169671965,0.23299062958147151,111.56980605076797,13156160333.147764,0.0,0.42778598584423855,0.6136849698924204,0.2979601341793337,0.20177419193359275,559737.2838781317,0.04439012078008327,0.2762688053946559,0.04243149026530038,0.6136849698924204,0.36006076813768145,1.0,0.6136849698924204
1,1,1,3,1,0.5886455044925668,0.019971509856167476,1.9655773117135258,0.017305419773063435,4.500222076174512,3.301297566834608,0.23412566390014666,110.25144334165178,10839305826.040174,0.0,0.40375829222484394,0.6140047063504096,0.31793612544385264,0.26564921536212,11639726.040596856,0.0505416899311246,0.23502508519997567,0.04906204509405759,0.02706314008964895,0.4912809588008604,0.04407643754151315,0.6140047063504096
1,1,1,3,1,0.5886455044925668,0.019971509856167476,1.9655773117135258,0.017305419773063435,4.500222076174512,3.301297566834608,0.23412566390014666,110.25144334165178,10839305826.040174,0.0,0.40375829222484394,0.6140047063504096,0.31793612544385264,0.26564921536212,11639726.040596856,0.0505416899311246,0.23502508519997567,0.04906204509405759,0.02706314008964895,0.4912809588008604,0.04407643754151315,0.6140047063504096
1,1,1,3,1,0.5886455044925668,0.019971509856167476,1.9655773117135258,0.017305419773063435,4.500222076174512,3.301297566834608,0.23412566390014666,110.25144334165178,10839305826.040174,0.0,0.40375829222484394,0.6140047063504096,0.31793612544385264,0.26564921536212,11639726.040596856,0.0505416899311246,0.23502508519997567,0.04906204509405759,0.02706314008964895,0.4912809588008604,0.04407643754151315,0.6140047063504096
2,0,1,0,0,2.5268609923646346,0.09585741515757158,4.743926540118737,0.021857076303620014,9.730496595172774,3.778466956569696,0.7369604799862137,95.48056851994653,11302778926.736326,0.0014092641890295582,0.3443562669174477,0.6142054235508935,0.36044437623565306,0.2751764046685458,3008620.2021383494,0.06496007417995452,0.37431145249077846,0.06104452863764448,0.6142054235508935,0.6587169152630723,1.0,0.6142054235508935
3,0,0,2,0,0.6454112022995284,0.07237093586383031,1.3297545955817731,0.017827562965619936,4.116151351486005,2.30776407796143,0.7195882546392951,105.7155263723986,9262274017.025873,0.0,0.4054399218986144,0.6158495644784412,0.315862805135197,0.2648259637503273,9267253.165570406,0.04988465583393772,0.2672210505011252,0.04820214854604536,0.13108358371314882,0.3849373005880904,0.2128500063553063,0.6158495644784412
3,0,0,2,0,0.6454112022995284,0.07237093586383031,1.3297545955817731,0.017827562965619936,4.116151351486005,2.30776407796143,0.7195882546392951,105.7155263723986,9262274017.025873,0.0,0.4054399218986144,0.6158495644784412,0.315862805135197,0.2648259637503273,9267253.165570406,0.04988465583393772,0.2672210505011252,0.04820214854604536,0.6158495644784412,0.3849373005880904,1.0,0.6158495644784412
3,2,0,2,0,0.45245020992425894,0.08735601837437543,6.62855488480045,0.08306126363718225,8.624232710853397,14.261574788675942,0.3366503548879385,127.99689739734801,13497131968.033457,0.0005708948602452882,0.4028521471973886,0.6161953510573347,0.3185226335761528,0.27164457312836054,7560805.693431688,0.050728334050144056,0.2585380280637284,0.04911888540034066,1.0,0.36831511436135406,6.956817888673216,0.6161953510573347
2,1,0,2,0,3.1706084630038602,0.033217252853483425,0.19159928032640636,0.013269098600816077,1.9252816135152693,7.334687439486387,0.3847353154780615,110.13499603243164,12576996321.808994,0.0005631731574101892,0.40366617708119246,0.6170386021559005,0.316636143536916,0.2605267540310243,8988462.307158569,0.05012922369696523,0.2888620513276864,0.04843883051113033,0.4770109975878911,0.29696096274207295,0.7730650820244305,0.6170386021559005
3,1,0,2,0,2.079477011070047,0.09649572727991768,9.214224292566929,0.04902793925083648,3.6146397823808134,15.04264903176118,0.07504988248870557,97.049198346651,9042455580.67942,0.0013163103076085656,0.3839689726453259,0.6179667665739025,0.3294741822831752,0.2484017182965785,1708062.6808354275,0.05427661839558348,0.3450567869622111,0.051923291840054564,1.0,0.6230349877704324,5.457860292585585,0.6179667665739025
1,2,1,2,0,3.7025994333670345,0.029056993715918307,4.591180518836912,0.09966654828646022,4.672919826340042,7.97206162030655,0.44497294433011947,84.14467790099408,14999660941.94365,0.0009550917429573455,0.4447230350219368,0.6187684776064749,0.2903914012664349,0.1725310921539788,381222.3899163393,0.04216358296474181,0.25612094639866456,0.03995602429334448,0.6187684776064749,0.7000134813258976,1.0,0.6187684776064749
3,2,0,2,0,0.5755348971834143,0.08356770240513124,6.701682327358327,0.08889674244707682,8.753283803224871,13.043506165911134,0.316137597578891,128.2990948737446,13490627355.28722,0.0005671195012643856,0.4058895551289774,0.6189109333792706,0.31710176946109214,0.26771387123825735,7064783.107218547,0.05027676609767782,0.2701594563175258,0.048590368723098784,1.0,0.371703229053049,5.421071558288155,0.6189109333792706
0,1,0,3,0,2.5508679782773327,0.07657746669791951,4.727931426623989,0.02536259264590779,2.504294313429065,8.379486700012528,0.6834905920931363,84.08351431680818,11069900870.555124,0.0008828590975238778,0.37860272715527554,0.6189907618174233,0.3342963709493826,0.2504152977615077,1900064.713516442,0.0558770318149636,0.34912667693537425,0.05325816564638183,0.6189907618174233,0.6188356869549355,1.0,0.6189907618174233
4,0,1,1,0,3.9608852949051205,0.031804690938891794,9.681971272390017,0.012335657011953244,0.562543973136224,8.492021729725755,0.2694756889251899,73.24071299849714,15879726946.102102,0.0,0.4246127998834094,0.6191875967447298,0.303666434354686,0.2521625063120569,4129670.5710763303,0.04610665167684441,0.26832830277135666,0.04433251898674612,0.6191875967447298,0.3163631106261218,1.0,0.6191875967447298
3,1,0,2,2,3.028970176807337,0.08914559208076904,0.541820898003342,0.0640589002115988,5.42085298916923,3.47780285891776,0.6220559687320589,126.75192806842335,17476336491.02814,0.000946297198214974,0.39457354774725295,0.6195064907796394,0.32235488860093486,0.22593235514836232,1223770.7482526607,0.051956337102460566,0.3364740597577458,0.049570192826395056,0.24099938504067628,0.39971872101970235,0.389018337382361,0.6195064907796394
5,1,0,2,0,1.164959172640664,0.00606130672111289,1.5066959535601936,0.011294914753411009,3.415116939128563,9.386235839257512,0.620585494486851,113.26589427870638,13665938591.066414,0.0,0.43767967876047875,0.6214585254712203,0.2960554550512362,0.1932906373825723,180893.81478737458,0.04382441623279727,0.264630843262042,0.04176297283452563,0.6214585254712203,0.794711421396846,1.0,0.6214585254712203
1,0,1,2,0,1.3907760790638681,0.0296928133280359,5.005913421336395,0.0867871794005556,7.1271946572885785,8.738014655394014,0.5308463803214861,93.01137059749071,9586348825.362373,0.001159446341398777,0.44748492311578963,0.6222310710070793,0.2906306644007339,0.18259834399079766,142395.51501153788,0.042233091545006006,0.25219271138587906,0.040135752822667826,0.1395559347682683,0.601292583211462,0.2242831341456437,0.6222310710070793
1,1,1,3,1,0.4679013116376669,0.04283969853278075,7.380205789540068,0.018873919657697732,5.229226186252815,2.7736627907799445,0.27242677488202754,115.87320030957655,10751023933.36387,0.0009977799086727786,0.401407592071885,0.6237663254389563,0.31993020106828873,0.2417899664014594,1239779.4229264946,0.05117766677779782,0.32875370302685736,0.0491655461010251,1.0,0.48111221371877005,38.62806381755834,0.6237663254389563
4,1,0,1,1,2.9510345096601527,0.06017267578411262,7.563059607028491,0.05147009284767736,4.910247712172383,10.008120321200714,0.1733325124766096,79.34420182590955,17871881346.97287,0.0008403574015770701,0.39814259423402487,0.6245798303904984,0.3264338912838879,0.2652219144189896,4197473.1821399685,0.05327954268937056,0.2682884910197779,0.05114870119437049,1.0,0.4395283311769916,8.2161813531818,0.6245798303904984
3,1,0,2,0,3.851508587693399,0.09816881451120874,0.17469532193810391,0.023507804287881708,3.40595686973661,6.56640668010477,0.09990144175170544,120.66744970306682,17850785647.445152,0.001059292946884754,0.40744599103246304,0.6264866164431436,0.3185365970727146,0.26061719773809244,8598892.452989234,0.050732781837332465,0.2996379463930291,0.0489328191597608,0.6264866164431436,0.31660145906933346,1.0,0.6264866164431436
1,1,1,3,1,0.16988553105300655,0.0200791653651988,5.207642347667476,0.002112272602164605,7.007332426687152,9.887988449723823,0.030988427921347476,124.10239229755858,11350707517.68433,0.0,0.42250792859884184,0.627792530171684,0.3091376779176921,0.2155576348298176,648554.3238253857,0.047783051954171374,0.28186135581747496,0.04568727303896181,0.627792530171684,0.38184606842741836,1.0,0.627792530171684
4,1,0,1,0,1.4539248795302033,0.01867312578239044,2.497627957677079,0.01683213387555378,2.2539864398458396,7.930904718910166,0.6681333053569846,110.20750353898868,15020427006.821133,0.0,0.41551925328642775,0.6281816682147977,0.3153510330522681,0.262855257711716,10274564.211928349,0.04972313702356634,0.26649816888663136,0.04827061661546864,1.0,0.42462646514216423,2.296089650180997,0.6281816682147977
2,1,0,2,0,0.21390702515286752,0.08519159681164082,0.7671354535894832,0.04631885266204562,2.1601780165028637,1.2737676464430265,0.2300099235465981,83.88787363615148,13720650330.376532,0.0009479104360385988,0.3950152859847817,0.6282052906523194,0.33441432706265967,0.26375903846997256,12778922.676377414,0.05591647107238575,0.20933672109649815,0.05388531359359844,0.6282052906523194,0.32682546516067446,1.0,0.6282052906523194
2,2,0,1,0,4.271351408697546,0.005021218964691094,6.178580198421602,0.04845092219790469,9.373385002254256,5.958488801202507,0.11174982727680494,90.94328286052409,18175741513.925938,0.0008787966840702533,0.46966647724410915,0.6309877224582696,0.2814857660523759,0.18190763973986063,114270.5067992587,0.039617118245046455,0.24367896913699405,0.03772123880035055,0.6309877224582696,0.5339071292526038,1.0,0.6309877224582696
1,1,1,1,1,0.1745139286868181,0.021840845006531762,4.903707637943738,0.06556528514041905,3.9551758828331236,7.027192191366195,0.6776558907922996,97.88293423310289,17688295314.946358,0.0013452310944060653,0.45200340900435654,0.6314650822286432,0.2919202882616653,0.1876421971704907,349999.03561753675,0.04260872734938687,0.26250005099936946,0.04050230901696162,0.6314650822286432,0.5650666493225177,1.0,0.6314650822286432
4,2,1,1,0,2.6628562306025056,0.013868362424641458,7.653497985319637,0.016209936695087555,2.101581294321595,14.010064680006575,0.539537193335367,90.2387031563106,14131588012.302996,0.0,0.4100870008938599,0.6329225182282356,0.3222399885985043,0.2742301578592771,10762247.13318866,0.05191930512598208,0.2639782642660985,0.05039269732512698,1.0,0.37088377459316724,3.653611813663984,0.6329225182282356
3,0,0,0,2,0.5546601205133356,0.052459956394799695,4.661996140873024,0.03292221909362722,3.2891773736222674,3.4074673350618374,0.6781163562157175,107.62862156796342,15016810290.070917,0.0012945669881887544,0.3916980290061398,0.6333764892830915,0.3378956630216648,0.30160126202881354,11040556.567493577,0.057086739544425225,0.24769496172327776,0.055536406908834386,0.6333764892830915,0.5083834913985394,1.0,0.6333764892830915
3,2,0,3,0,2.7357923636363277,0.08082236072383335,6.6603984459196655,0.02190345954793864,1.2824724773611422,13.146192702685864,0.5661303153354869,127.50905138426437,12608637168.76317,0.0009818613521932163,0.3842612807803342,0.6354236416620624,0.3397333258295094,0.24899896967549928,1765439.3648190703,0.057709366339589785,0.34331490031883183,0.054632708369307226,0.06664247145311299,0.6218840293841889,0.10487880381472409,0.6354236416620624
3,2,0,2,0,0.15450819785783934,0.08811176564641983,9.590988809979379,0.07294163890184974,5.667206666195662,18.21603800203367,0.7400581050776395,128.52098115004202,9414973677.66603,0.0005926211579807945,0.4009837238487942,0.6355389838837953,0.3318252016535675,0.2824174219905256,9151067.373357853,0.055053982226215374,0.24584436000449206,0.053310999934905276,1.0,0.3796351953159689,28.797038248205396,0.6355389838837953
4,2,0,3,0,4.990267388080788,0.07268742797728589,7.154326693517801,0.08007001895616224,9.538448637840721,9.312755426130291,0.5054726616100449,124.65819623476077,17324393172.584774,0.0014144794533683038,0.46749191896345116,0.6359175037736833,0.2849885907307068,0.1807133621286329,218994.52226876636,0.04060924842333715,0.24996996362491286,0.038609576578783514,0.07828181676789651,0.4731752389439417,0.12310058506544307,0.6359175037736833
4,2,0,3,0,4.990267388080788,0.07268742797728589,7.154326693517801,0.08007001895616224,9.538448637840721,9.312755426130291,0.5054726616100449,124.65819623476077,17324393172.584774,0.0014144794533683038,0.46749191896345116,0.6359175037736833,0.2849885907307068,0.1807133621286329,218994.52226876636,0.04060924842333715,0.24996996362491286,0.038609576578783514,0.07828181676789651,0.4731752389439417,0.12310058506544307,0.6359175037736833
3,2,0,2,0,3.819830241836486,0.09973508184558529,1.482376856421981,0.0016578176900722032,9.957207345297286,12.374623266281203,0.422375858474547,120.12288765288733,13914525945.374783,0.0007660959337404366,0.40928197415488526,0.6361057584762166,0.32317311487576705,0.2674501010952859,9624415.56106853,0.05222043108925286,0.2896780779739766,0.05048952509632552,1.0,0.3285330082395934,1.8773467062402427,0.6361057584762166
5,1,1,1,1,1.477488572764058,0.09759126784281887,4.48082488942697,0.0758373519796537,7.122352023535452,17.629879605075907,0.2200139586450832,128.36747127356745,10223636550.470104,0.0005699191022037308,0.41141415000077136,0.6366463772145023,0.3208936631191095,0.2608610507961418,8492900.284035614,0.05148637151500026,0.3062791475882851,0.04937280408346638,1.0,0.3813671298754436,13.116413697271245,0.6366463772145023
2,2,0,1,0,3.736354278759769,0.005021218964691094,4.9145685412047,0.04845092219790469,9.268263578717676,5.958488801202507,0.11174982727680494,90.94328286052409,18175741513.925938,0.0008787966840702533,0.4684998317576213,0.6374961509760686,0.28508467532542175,0.18909680160324707,112461.76388578572,0.04063663605270057,0.25125201680511755,0.0387205929948688,1.0,0.5145528864525987,152.5429117056026,0.6374961509760686
5,1,0,3,0,0.16055331046190324,0.031450738024307597,2.9654046996878156,0.02202384635080406,8.075383292929116,5.73745990476205,0.7128630583950484,85.82638580552214,10175175112.428078,0.0009437272040053431,0.35725155740311626,0.6375027036159814,0.36547685908345934,0.3216801282537702,7043461.777661453,0.0667866672627554,0.33388340793840765,0.0644417528263791,0.6375027036159814,0.45937191121203874,1.0,0.6375027036159814
3,1,0,2,2,4.039688933987437,0.05805536985636767,0.676911441851422,0.05724764061424632,3.5709086563617074,4.6767991240773465,0.5199340834552282,113.61901677711015,18106142763.825348,0.0008596041263764899,0.3995035956042248,0.6386410269709804,0.3299625039861273,0.2680687022313484,7932442.916960041,0.05443762701839754,0.3294532647295807,0.052251504631246545,0.9599063397478113,0.33283860404537213,1.503045215088302,0.6386410269709804
5,0,0,2,2,0.6300718491798258,0.0929679316729009,6.7057099808886775,0.012521891448792587,3.0928130154997455,12.65569614343518,0.36495454162230406,105.29560636450123,14458748122.791676,0.0,0.3920464954916013,0.6407897392835521,0.34234919820436066,0.29183310012513547,7318766.391537014,0.05860148675558432,0.24089114048132743,0.05660904580295809,0.6407897392835521,0.48987571109120503,1.0,0.6407897392835521
3,0,0,2,1,2.3982730733613415,0.07832693640439628,2.224670786881536,0.016747814258612066,7.672549351678813,5.422415920629048,0.30780014108316617,73.0386188652438,13409890561.87234,0.0,0.4234457219713792,0.641178052297949,0.3138726517130112,0.220306393019749,3377280.8146061245,0.04925802074667862,0.31605084796616434,0.04612304509694716,0.48956755496518,0.4786809738739753,0.7635438443511833,0.641178052297949
0,2,1,1,1,2.872944481743207,0.01749293723377081,4.7282258676462385,0.0052561717447992895,6.849811240859729,2.751996869578728,0.5655995269931414,115.18057449953,14570318156.501688,0.0,0.31443151472957365,0.642793306076275,0.4145179361936698,0.3615747256622462,11491249.274374561,0.08591255971312965,0.30797197995893655,0.08143688011407788,1.0,0.43561597445897565,4.444245978821906,0.642793306076275
1,1,1,3,1,1.3631180072525164,0.06289095679699264,6.227983749733306,0.0037568860076831047,5.65478591962057,5.47186085483425,0.16513176894469356,111.38842668628725,10706760417.661411,0.0,0.40500188838820744,0.6430779652747773,0.3272328381684399,0.2371209596943954,1303077.9712730658,0.05354066518788618,0.34558395567154365,0.051171015375043205,0.6430779652747773,0.3892810823201223,1.0,0.6430779652747773
1,1,1,3,1,1.7994278099329533,0.020765869881447362,3.845451519707121,0.007149870752867577,9.001707508167232,5.083871659921544,0.19530997138071818,110.25627166423203,11368604943.581766,0.0,0.42508085746833707,0.6440452963911287,0.3146715628260561,0.22425387167967906,900023.239198985,0.04950909622569627,0.30881366424708667,0.047365075014687966,0.06831088481889287,0.3775316384988905,0.10606534230071865,0.6440452963911287
0,1,0,2,0,2.61594153418976,0.00982763452363973,1.0842480219966457,0.012866298486315538,1.216299802761697,17.15229409713298,0.02203409442061437,111.33958400465198,10545414363.377815,0.0,0.3360547874431895,0.6456270745159121,0.38433424081679973,0.31324787400549586,4200104.393998363,0.07385640433211291,0.45945666480004266,0.07018515087571126,1.0,0.3485383349816959,6.977844522312048,0.6456270745159121
3,0,0,2,1,0.5979001303512677,0.02618564400412317,6.95232774853854,0.033306849386643814,7.603607719767376,8.230750928443832,0.11463169953290755,113.30618496930553,18420321636.233032,0.0008256965917580293,0.390614171758976,0.6472685008127382,0.3427197096002174,0.2705808733096892,8718232.13878856,0.05872839967422868,0.3209348396370971,0.05564935829706874,1.0,0.48903707214458514,20.19738032161331,0.6472685008127382
1,1,1,3,1,1.2785087367585386,0.06394860025879105,6.215260061616623,0.0038185217055999093,5.913480065263709,5.423826422279857,0.18438321106537114,111.43291355002644,10786339537.693495,0.0,0.40662954192555617,0.6472928086889495,0.3282087342359383,0.23783585559681014,1296103.6514945962,0.0538604866143784,0.3481875513243442,0.0514664272470296,0.6472928086889495,0.38840772703804083,1.0,0.6472928086889495
5,2,1,1,1,0.6265833585853539,0.06279433591849835,0.8279376953111247,0.017400296386603783,7.655174671972972,4.353870292741112,0.12452626051098804,118.3698635147379,10987553146.572235,0.0013334137327917531,0.3682347430438602,0.6490182424324098,0.3652691093458033,0.31484720198069716,11294020.682747697,0.0667107611211382,0.28595897530411096,0.0644342014072681,0.6490182424324098,0.3833727124454759,1.0,0.6490182424324098
3,1,0,2,1,2.9413943407435474,0.07087790178997783,0.27011914881887245,0.052167604266933974,1.5331317789537073,6.222796162559481,0.5412152853587009,126.44785294239705,18293389351.231686,0.001230008153026271,0.3814892418371455,0.6497069323668866,0.3509853252114178,0.3016830938358399,9203162.629641486,0.061595349256882356,0.33701274224849775,0.05940023271968699,0.6497069323668866,0.39137632335714045,1.0,0.6497069323668866
3,0,1,2,0,4.387176323039983,0.06692912748515804,7.562196848611679,0.016426237411280187,2.1610385271228325,3.2503823595450783,0.6004603982102928,129.33693459251504,11349668079.469084,0.0,0.4364700279077426,0.649995527409345,0.3099528440585888,0.21320088012374205,3053581.112973326,0.04803538277000394,0.3043749175671421,0.045128531631505764,0.649995527409345,0.41897287871259825,1.0,0.649995527409345
5,0,1,1,1,3.0527757410702083,0.07432157363140221,8.381183635696491,0.06086546132076927,7.4161003332984325,2.992274108135047,0.7364875722034254,66.55206334577295,9474883878.508385,0.0005994424898511889,0.4244497102982802,0.6502304042199699,0.31780627873959144,0.19224711997532215,2120737.8726629517,0.05050041540315344,0.32151143968121465,0.04610133883531818,1.0,0.5200770067596535,12.686156694456226,0.6502304042199699
5,0,1,1,2,4.159893293230171,0.06644151979537789,6.577893820682604,0.009267707648655348,6.958187785518078,18.930644887625277,0.12767742225039533,91.90213158611407,16571062449.795294,0.0,0.42776839219957463,0.6512369959594103,0.31591845952704567,0.21659753220518416,1640521.8612688947,0.04990223653497079,0.3214389226664226,0.04696095943453993,1.0,0.5199268775175716,102.13060214586875,0.6512369959594103
4,2,1,1,0,0.103594441977878,0.032749374402299206,9.512211747524514,0.03696313007633382,4.00460976343308,4.22382147854544,0.8327353952754898,81.92995303651992,17807335020.62435,0.000614102408522472,0.40495409150906836,0.6523169906753159,0.33890268941477636,0.2863083497314401,10104253.833740886,0.05742751644628418,0.2354439277986028,0.05564112767016842,0.6523169906753159,0.38835227817062057,1.0,0.6523169906753159
1,1,1,1,1,2.302891863373058,0.021840845006531762,4.845076337030073,0.06556528514041905,3.8644963763135833,7.011548787573729,0.6702599647247505,97.88293423310289,17688295314.946358,0.0014052592892328845,0.4652882815784589,0.654394604432681,0.2946211972553026,0.1966113873566783,282681.563628106,0.04340082493607397,0.27089993009384505,0.041260585772612816,0.654394604432681,0.6735154312318659,1.0,0.654394604432681
5,1,0,0,0,3.2821524604244066,0.062211460360820085,1.0565418855128452,0.01106207620102217,6.799674759437467,11.231398922385909,0.10241570885777855,103.31522276390777,18129832153.321434,0.0010968298864609308,0.3610924391947008,0.655328488533248,0.3800924260101758,0.31456765510302825,13706322.80856866,0.07223512615515049,0.2113605108665596,0.06919934340149832,0.655328488533248,0.6006620392564943,1.0,0.655328488533248
5,1,0,0,0,3.2821524604244066,0.062211460360820085,1.0565418855128452,0.01106207620102217,6.799674759437467,11.231398922385909,0.10241570885777855,103.31522276390777,18129832153.321434,0.0010968298864609308,0.3610924391947008,0.655328488533248,0.3800924260101758,0.31456765510302825,13706322.80856866,0.07223512615515049,0.2113605108665596,0.06919934340149832,0.655328488533248,0.6006620392564943,1.0,0.655328488533248
3,0,0,2,1,2.3936179186427364,0.07904704950745682,2.2012928669260976,0.017552123156801915,7.698546458929417,5.352087640599641,0.31195037814944077,72.55296065633749,13626172812.142147,0.0,0.428708942399167,0.6557302491807133,0.3174816207433141,0.2221198636404142,3390501.274160034,0.05039728975490077,0.3249466009419665,0.047040231581689976,0.21801998218738614,0.47847866682199486,0.3324842531815271,0.6557302491807133
1,2,1,1,0,2.403535268916289,0.012945710014531878,4.970798429619752,0.01890160091871948,0.7106371794258851,16.554033437682495,0.7699030574215504,64.04061469589959,15458793003.466524,0.001380738991507365,0.3425708429987654,0.6560016974767001,0.39343332793404967,0.3394623566140491,11911134.977521732,0.07739489176463073,0.3029297273208479,0.07396071536417048,0.6560016974767001,0.5249921193101343,1.0,0.6560016974767001
4,2,0,2,0,0.6206278804056641,0.08395780095212872,6.747383111924825,0.08827261929264649,8.66605516697596,12.87637408106316,0.32254126042340364,126.11142003939416,13252556469.062454,0.0005845531066683999,0.4147096696075179,0.6572836960043149,0.3313434681191434,0.27385397536853273,6929491.072476107,0.05489424693261089,0.2825517623674654,0.05288159945673215,0.6572836960043149,0.3783582395062745,1.0,0.6572836960043149
1,2,1,1,1,4.34971593277019,0.021434098027671964,2.8335809766188262,0.04412498873800655,4.65266822787761,3.1974586377301275,0.05125923035889411,67.0890122438169,12592376362.306759,0.0013713336628327966,0.4787754044787764,0.6573027658429035,0.2885977287655925,0.17407525444610997,88051.18013881629,0.04164432452432924,0.2518112320752586,0.03949172062487421,0.6573027658429035,0.6111168373183322,1.0,0.6573027658429035
1,2,1,2,0,3.7025994333670345,0.029056993715918307,4.591180518836912,0.09966654828646022,4.672919826340042,7.97206162030655,0.4217217806863706,84.16308381808362,18959446140.60304,0.0011518250886634013,0.4611672605198125,0.6578826769821837,0.29868859915491713,0.18777566742902366,467983.1139034318,0.04460743963256338,0.2782534247009205,0.04228352131543073,0.6578826769821837,0.7355527447572655,1.0,0.6578826769821837
1,1,1,3,1,1.298334434176245,0.01907235538973623,2.3654832464488327,0.009453331956847841,7.265114561731273,5.559861521949623,0.19034323806093525,110.24604111157902,10731977205.268414,0.0,0.4577557313061595,0.6593804675013026,0.3014997049539816,0.2040192256683043,293658.59818087996,0.04545103604366898,0.2823129676999774,0.04341989366151451,0.6593804675013026,0.3461645406611821,1.0,0.6593804675013026
1,1,1,3,1,2.2052651918759962,0.04514184943495755,6.634983083519814,0.029214107676451235,7.467245986886729,4.4558958517340335,0.44016601557552393,102.88055333429833,9154659860.63404,0.000884343221869852,0.4481814961827551,0.6603627796116818,0.3077086195889026,0.2013778050582599,510973.7163518116,0.04734229728465399,0.2966426441349722,0.044977288026991906,1.0,0.4625052035070537,44.12177134398975,0.6603627796116818
3,0,0,2,0,4.313228827315602,0.005336757925951969,6.866563460854903,0.02216805201177927,9.608159897083372,17.76226681088391,0.7511423822927868,120.7505241848346,9501185810.4348,0.0,0.4053494515055067,0.6609542689111386,0.3355939865887689,0.23662204204255713,28580.462545077855,0.05631166191727139,0.3728175100907287,0.05267239096974007,0.6609542689111386,1.1278860078822361,1.0,0.6609542689111386
3,1,0,2,1,4.5594401386710315,0.035381117862371816,0.27286053976985014,0.029508325193932008,3.760812724830816,2.057884565138555,0.6317538059674849,74.77043127778778,16935179067.292507,0.000995774059016473,0.384606293957478,0.6611252387827222,0.3566756897515571,0.30885891413524696,10478198.866011146,0.06360877382987451,0.3095595790828657,0.06149888119222015,0.31852180539808533,0.36094527065053855,0.4817873932396749,0.6611252387827222
0,1,1,2,1,0.8140990428628966,0.06322449802561428,1.1844746514020972,0.03535332620693869,9.97999973576633,8.69439069814769,0.2575951611947605,77.80104989196248,14556815296.07795,0.0006442838703588617,0.36210085839296263,0.6618989057328558,0.370386517956995,0.2984520766999033,6658433.761218232,0.06859308634215369,0.43457983122793276,0.06489440280430978,0.6618989057328558,0.406909273361062,1.0,0.6618989057328558
4,0,1,3,1,3.664475172620765,0.005317417109359398,6.578945001816104,0.06942586383603967,6.19526330837485,17.22440911534725,0.3429747457196104,86.25372649936426,9562847902.072565,0.0012904466104763541,0.36144850524764843,0.6641956274187298,0.3824442392123002,0.340353234605859,13312779.404602235,0.07313179805333755,0.2607229656844193,0.07045321893901489,0.4104080709439366,0.6214150758065848,0.6179023980312993,0.6641956274187298
1,1,1,3,1,1.2591084977117608,0.020765869881447362,3.845451519707121,0.007149870752867577,6.111062413324928,5.083871659921544,0.19530997138071818,110.25627166423203,11044727556.61395,0.0,0.4282350839588373,0.664196063818093,0.32265433638202,0.23271155047943207,920435.5351360127,0.052052910393060856,0.3215245773401436,0.04977839759219576,0.664196063818093,0.3764347761069947,1.0,0.664196063818093
1,1,1,1,2,3.6768360056025693,0.030820904601168313,8.724508271999111,0.09870123664856287,2.8942724855333415,9.27137314249259,0.43578249221139204,90.51396029771993,19227403114.784885,0.001353375655248072,0.47716571535896213,0.6643174508883228,0.292348490423529,0.18338529636061204,265808.94010014756,0.04273381992645812,0.2651736369834016,0.04055073425594507,0.6643174508883228,0.8693980657819024,1.0,0.6643174508883228
1,1,1,3,1,1.5226948191312095,0.016821823008798528,5.105659012419717,0.0038136757087114423,9.725888090855243,10.798203926887306,0.3127176161770934,112.16127387552743,10493558298.408901,0.0,0.3275066282206521,0.6652117227064598,0.4120337041569683,0.3579737635196314,10748276.647541389,0.08488588668065603,0.363167953239972,0.08033678263247464,0.6652117227064598,0.5005947117506631,1.0,0.6652117227064598
1,1,1,3,1,1.5226948191312095,0.016821823008798528,5.105659012419717,0.0038136757087114423,9.725888090855243,10.798203926887306,0.3127176161770934,112.16127387552743,10493558298.408901,0.0,0.3275066282206521,0.6652117227064598,0.4120337041569683,0.3579737635196314,10748276.647541389,0.08488588668065603,0.363167953239972,0.08033678263247464,0.6652117227064598,0.5005947117506631,1.0,0.6652117227064598
1,1,1,3,1,1.2598347605543525,0.02074237812680389,3.845097899406599,0.007122135752311933,6.108986656540509,5.082827413493782,0.195260221636996,110.25846734685807,11043578827.879072,0.0,0.4286090250569301,0.6652293742924521,0.3229137858673278,0.2328937337350703,919486.2788194887,0.05213665655158521,0.32198269688533265,0.04985552386987522,0.07838020211346647,0.37644997416745707,0.11782432517630903,0.6652293742924521
0,2,1,1,1,1.7779931026807543,0.016689347849287915,4.7282258676462385,0.0034969585249129587,6.849811240859729,16.372360812331003,0.5655995269931414,115.18057449953,14570318156.501688,0.0,0.31294996555994686,0.6671494859185034,0.4320572411781736,0.3740387807945566,11825246.360005097,0.09333672982724724,0.3265891155756532,0.08785457424605406,0.5326436858414556,0.4270214671734459,0.7983873136140308,0.6671494859185034
1,0,0,1,0,3.1158763731368615,0.09761605318389338,1.4679532306134888,0.08013795346047106,6.3394394502181965,12.51957186331898,0.13381580201722545,97.73378578198461,9249733431.362106,0.0008925882343423648,0.38727642901076903,0.6675455306038118,0.36147990576227595,0.30708570588788064,12875757.945111284,0.06533386113495196,0.25199348856203563,0.06299378177725629,1.0,0.6384723545612164,38.46382235726793,0.6675455306038118
3,1,0,2,0,1.6851798486243883,0.037969810940639594,0.2253535388962618,0.014347086502723672,1.239408374462216,3.652003056984416,0.6023247873436226,129.5213888817483,15367681619.277699,0.0013963210933719721,0.37836159484042814,0.6687146811512509,0.3683519332394493,0.32174175240473957,12231108.836329406,0.06784157336061987,0.28144992793377654,0.06542815325509464,1.0,0.6683854953886378,9.684601099581785,0.6687146811512509
1,2,1,3,0,0.7393104365743569,0.014577093445311908,6.085038745291897,0.004749290672120653,4.576862027905033,15.704414523286836,0.8059727396416183,90.7750193947828,14575733973.895048,0.0,0.3310474946069279,0.6688157024723368,0.41024557577358695,0.3552792763814287,10717912.588771127,0.08415071622090094,0.36865495432399265,0.07967839869580107,0.6688157024723368,0.49285193226824076,1.0,0.6688157024723368
1,1,1,3,1,1.298334434176245,0.01907235538973623,3.8191345936880223,0.007600397246754524,6.146088799278138,5.559861521949623,0.19034323806093525,110.24604111157902,10731977205.268414,0.0,0.4280074437802077,0.6697281913318925,0.32596417957255674,0.23090280230794438,841534.7527842672,0.05312632318220502,0.3195087938555883,0.05061760063589473,0.6697281913318925,0.3737749957691575,1.0,0.6697281913318925
1,1,1,3,1,0.4679013116376669,0.07559770044236622,1.536016594791829,0.020251261993578257,5.600190155416416,2.7736627907799445,0.27242677488202754,115.87320030957655,10858402373.442822,0.0009725779186116853,0.4111069627241401,0.6710021414594087,0.3367763205288228,0.25033074589150667,1288485.8881081517,0.05670914503446618,0.3711911048651525,0.054205081516192695,1.0,0.44729171882005414,39.79508527450678,0.6710021414594087
3,1,0,2,0,1.8004694655074787,0.028849707304773556,0.4519848703085814,0.0076462828041137685,0.15009145024210213,6.137827109006627,0.5758040752433542,116.1570101762868,15023879258.010717,0.0,0.4099228460505873,0.673280877637999,0.34393062304913524,0.2779610083113598,10816661.608353067,0.059144136735483174,0.2859040773181242,0.0566786098404922,0.673280877637999,0.4417545365630545,1.0,0.673280877637999
0,1,1,2,0,4.856975924175418,0.08280184584825168,4.556819275360854,0.0036756214253648245,6.548466708454197,15.028945286189991,0.17723788951362965,87.7580959474945,15972262384.595934,0.0,0.408133378057621,0.6740507191446767,0.3399555461358521,0.23180390754239452,1142855.410221546,0.057784886674262737,0.3874534948139605,0.05460560984740881,0.6740507191446767,0.33381489941741843,1.0,0.6740507191446767
1,1,1,3,1,1.3079195932028476,0.01904733343720513,3.8133766626016232,0.007432451300960825,6.138247217605417,5.551747930873889,0.18981565677846046,110.26884275196439,10742239088.115248,0.0,0.42908607009505434,0.6747185185048062,0.3277087323525097,0.23234465454514927,854447.1227871358,0.05369650663004442,0.3224332206436159,0.05113405485585726,0.05838036592554615,0.3737057981338464,0.08652551297231112,0.6747185185048062
2,0,1,2,2,3.4150780884030336,0.09405714328832668,0.13416063063900766,0.09258135645413294,1.9309813244488137,1.3128923884419972,0.6084353429294237,92.2859751366432,13753126781.847845,0.0007524372572126245,0.4240656173534974,0.6755372879294159,0.33314605503612604,0.2756574648609509,9869062.270781917,0.05549314699306676,0.3021176995515352,0.05336372283394748,1.0,0.17984792529008015,5.966339269840464,0.6755372879294159
5,1,0,2,0,0.9296548875204382,0.06268562609288794,3.2279859173381786,0.052026308765128065,3.412602075281531,11.519899586540868,0.7822167343495112,115.39491533993827,9602341387.910328,0.0011395952102650976,0.4146376944413718,0.6755443371519316,0.34386587349580316,0.28392167677564867,8705739.063029688,0.05912186947751585,0.24382079229733122,0.05703437033635996,1.0,0.3731280645011137,123.3918891535361,0.6755443371519316
5,1,1,1,1,0.21508701943859504,0.09420840112400376,4.875387539257205,0.0666792303263896,8.884677698762813,10.988727522292221,0.05035783264824684,113.29448867988712,13384571564.78753,0.0006211566013393458,0.41450184916111926,0.6760130165662622,0.34198271868488966,0.28188593024418457,10802230.910593808,0.058476089939554186,0.28290366561760194,0.056423091027942275,0.6760130165662622,0.381910147561254,1.0,0.6760130165662622
3,1,0,2,1,4.437712319245968,0.088463034947207,0.1287519191533943,0.008090438795732418,3.577518386981554,5.761760768547318,0.4551148239361779,123.49070058022639,10152244515.070877,0.0007460652213306927,0.40221712518039404,0.6772427436748999,0.35215626762815416,0.30062445030185525,11178576.876609182,0.062007018414896066,0.2916486801682783,0.05997868185802796,0.6772427436748999,0.3388065495822886,1.0,0.6772427436748999
1,1,1,1,1,1.8848671315278114,0.043229600777814084,4.634223803412045,0.089486475215006,4.920087091275668,7.72469638952736,0.5967041166473138,99.12474648627853,19748406081.661198,0.0011634666555626531,0.4297452915101908,0.6789435465949707,0.3312262818642182,0.27330295210142197,9851813.628123682,0.05485542489879727,0.2927599594866739,0.05292663822837466,0.6789435465949707,0.4111603079040394,1.0,0.6789435465949707
1,1,1,1,1,1.2698982645826702,0.019556000102393552,3.821085474251186,0.005686917330451626,6.085572484809041,5.441523631277756,0.2055869995522222,108.69002031494978,11007031626.32876,0.0,0.32831293077443424,0.6789804309924939,0.4252260041582662,0.36100020424431917,12812863.012892762,0.09040857730620291,0.27865557324961454,0.08541990733861776,1.0,0.4387399732621449,4.582122618496617,0.6789804309924939
3,1,0,2,1,3.2258800462370703,0.035381117862371816,0.27286053976985014,0.029508325193932008,3.760812724830816,2.057884565138555,0.6317538059674849,74.77043127778778,16935179067.292507,0.0009559965999687436,0.3881561026483544,0.6791123493510338,0.3642370113692396,0.3156214487212456,10970179.717069902,0.06633430022559779,0.30937366900227015,0.06409374448720626,0.3126390941677168,0.3597415725572515,0.46036431890316476,0.6791123493510338
4,0,0,1,2,0.9556382861034388,0.0626247898718653,4.896579186388839,0.058005823714677,5.88499104196885,16.731131571215403,0.6934451826688669,85.42476423927664,19962366883.41139,0.0007381612180510761,0.3926740154983007,0.6810349195977377,0.36086321001796345,0.29527248382945315,7571239.9366275985,0.0651111281722344,0.3191582948298164,0.06155416711819416,1.0,0.4485498613189711,126.09591816923208,0.6810349195977377
4,2,1,1,0,0.103594441977878,0.032749374402299206,9.512211747524514,0.03696313007633382,4.00460976343308,13.76553779825438,0.15938103852530824,81.92995303651992,17807335020.62435,0.000614102408522472,0.4008549367130838,0.6812602002824287,0.3578349601102563,0.2983432104411693,12825457.273877136,0.06402292933855434,0.25290101155242606,0.061605376346130926,0.6812602002824287,0.39001884000309717,1.0,0.6812602002824287
4,2,0,0,0,0.29671822787620206,0.07378500598515893,3.869444156886976,0.05621361644551039,8.819714302603026,5.557557897714548,0.5639425801046568,126.87089393925949,11674700229.556,0.001252343634314333,0.38233473256467043,0.6815664809172862,0.37635878594254657,0.31437915475775363,12061047.854555821,0.0708229678780738,0.21402804969795364,0.06795694824269022,1.0,0.41226224874150436,7.399300871221622,0.6815664809172862
3,1,1,2,0,0.17362853344963938,0.07061374838656842,7.7455587765845175,0.02552652151309863,0.16908883660083732,12.210910144463785,0.38671482662707574,114.07251401643417,9169755498.945126,0.00124321631488259,0.38149961015543066,0.6834850838708311,0.3749435837051813,0.3120351023362993,12437492.451411802,0.07029134548084215,0.27163060582291687,0.06758774730948199,1.0,0.4182007956923286,89.13675224325092,0.6834850838708311
5,0,1,1,1,0.18874555468503035,0.010990932644973228,2.1318237717271225,0.003086867370274803,8.317598289570492,1.2019655355103245,0.4789208219595131,77.03286959312278,17902208447.00941,0.0,0.40336729361241797,0.6858173060417042,0.3502289471125201,0.24086718165836105,148882.40448647237,0.0613301576977722,0.3937055128767767,0.057483642082662254,0.6858173060417042,1.0936637458200338,1.0,0.6858173060417042
3,0,0,0,1,0.629666430371422,0.05272828688917611,6.369816371500815,0.018611056811875505,9.798420865426271,2.1154836652934477,0.1367756442601188,116.1287520339334,13333495156.721758,0.0,0.4083423462467752,0.6858613631951734,0.3550511647633846,0.29393176636247526,12668837.927011337,0.06303066479991805,0.23881492110647973,0.06080354344653669,0.6858613631951734,0.4573204966024831,1.0,0.6858613631951734
3,1,0,2,0,1.930946649227809,0.05368068111127606,0.39408935674052115,0.011095896463871883,3.0516511746858357,6.642072353013595,0.6038343630634956,95.13287187886255,14805679320.98554,0.0014305135681703023,0.39007372704358656,0.6867523572268509,0.36136152412866807,0.29436732115436137,7449132.404260661,0.06529107556029698,0.408112161788732,0.06209192176948136,0.6867523572268509,0.3771958446693835,1.0,0.6867523572268509
4,2,1,1,0,0.5643643462229669,0.06915246511145103,0.7813733038423772,0.032782838738680896,6.246706334398638,3.77078558674923,0.3109281988432334,80.68431849266277,13273572923.264292,0.0011773392867635488,0.40415661544775683,0.6876998093652065,0.3528707513806768,0.29525694098417693,9107732.371256197,0.06225888358998172,0.3550810977017307,0.059814715593866065,0.02034483456525951,0.3479502461077291,0.029583888621459952,0.6876998093652065
1,1,1,3,0,0.6431552323784221,0.09724903333838139,2.040550579979971,0.02305393813482289,5.455638147960155,4.0451857377798275,0.1748713431913902,98.94919379433858,10588103918.055483,0.0006153619030591225,0.4306991788043579,0.6885224051287894,0.3316438553356273,0.23072316290154185,824900.2088410154,0.054993823390939243,0.3632982437735569,0.05233780667897104,0.6885224051287894,0.41876918805934454,1.0,0.6885224051287894
1,1,1,3,1,1.3781717640409918,0.04155842082290532,4.873659758970976,0.00656885896421061,5.758836506081555,14.316238740234786,0.1089364412699456,113.20990199020738,11072689270.179407,0.0,0.43801775944541055,0.6903937747529221,0.3293209625340223,0.23254660668644486,770736.6231607965,0.05422614818216746,0.32538695534194295,0.0516134852474608,0.6903937747529221,0.38146724492676903,1.0,0.6903937747529221
3,1,1,2,0,2.7399023812213,0.04215801545358976,3.498952073834295,0.06354231936858538,0.2623360811386156,1.1024688441967567,0.0917491040125303,124.75714244095798,12601160992.86554,0.0005076552130687867,0.3616128560996479,0.6915390574941618,0.4042513672254778,0.3354276343289392,14454812.887285486,0.08170958395183404,0.17487006515859949,0.07806231410538793,0.6915390574941618,0.4056416659820968,1.0,0.6915390574941618
5,2,0,2,0,4.349482627959014,0.06972504837590714,5.4189492334253515,0.001353107838794157,7.6825105811138545,2.3174958931545366,0.4946602977589581,105.51139787242118,13646167714.006758,0.0,0.43628849587413554,0.6917302485369686,0.33556770515166356,0.2775530624144575,12405782.278208446,0.05630284237037691,0.25199398876071544,0.05442631663298183,0.8434433705503044,0.4581937531262123,1.2193241112908013,0.6917302485369686
0,1,1,2,0,1.4375212134019744,0.08280184584825168,4.556819275360854,0.0036756214253648245,7.760819734646649,15.028945286189991,0.19570928567593163,87.7580959474945,15972262384.595934,0.0,0.43230273198896013,0.6966396006548178,0.33439418495731027,0.22872854802206852,985940.7409687657,0.05590973546663191,0.3707274292601874,0.05299690457574809,0.6966396006548178,0.31985783813042495,1.0,0.6966396006548178
3,1,0,2,0,4.578439606202272,0.04555321659438489,0.6164116896579269,0.019698307769729664,4.665691339230356,3.934219184748909,0.04192211052528116,119.4671275271713,15846532026.850792,0.0007874115182233864,0.42385724442042266,0.6969330514427293,0.3433408618311785,0.2852184277772977,9658068.67135694,0.0589414737014882,0.3323433832290824,0.05674597438011966,0.6969330514427293,0.3200059547933258,1.0,0.6969330514427293
1,0,1,0,2,4.355277067275947,0.02929532579108167,1.4260095032622173,0.05388481748384661,8.661634809533185,9.990781598691532,0.6233481485311291,129.89542386212105,11798780165.807774,0.000972163709583545,0.3858450630592094,0.698044043761938,0.37292903484544637,0.31715192796285663,9001200.1866493,0.06953803251537809,0.38863659777996806,0.06662640959507102,0.8527311797749304,0.3970584174520456,1.2216008250415602,0.698044043761938
2,2,0,1,1,4.336873209257608,0.09192222435806155,9.814559119233676,0.002520871747862096,7.301438034191022,10.045487896837546,0.0292669116771899,100.79186851524474,19572531026.443123,0.0,0.449775318905811,0.6989508211694923,0.3247721405174639,0.26876758928538796,6771608.7682534605,0.05273847162814765,0.33305497534231776,0.05062607359598609,0.6989508211694923,0.4258962117754499,1.0,0.6989508211694923
1,1,1,3,1,1.3251443994226502,0.024783657973128898,3.4893570925440884,0.0055632935967272245,9.648210099820584,4.804255260362358,0.18525316053162091,118.37645345018366,10541689905.186188,0.0,0.4537219360670654,0.6999892987081748,0.32257560060800144,0.23207851049555603,743320.5589661738,0.052027509053806424,0.33123081466341586,0.04978477034976798,0.6999892987081748,0.3683725353326311,1.0,0.6999892987081748
4,0,1,1,1,0.30837282753297257,0.02461066401141004,1.2959165922992633,0.06248599168994507,1.9736844061904013,2.1354054843511343,0.5050441302977812,85.32640774352211,9381521897.408543,0.0006186475102382859,0.37034463014889824,0.7012781960464283,0.40001992559297195,0.33130265349662547,14756038.820791679,0.08000797043570342,0.20424862850989622,0.07630858822520348,0.7012781960464283,0.4168250341440542,1.0,0.7012781960464283
3,0,0,2,1,0.40694088348159485,0.02618564400412317,6.95232774853854,0.033306849386643814,7.603607719767376,16.648144010339085,0.11463169953290755,113.30618496930553,18420321636.233032,0.0008256965917580293,0.4001822864408737,0.7014569135795186,0.36551379951450236,0.30067413068634063,10464712.50903799,0.0668001688177639,0.33129569909631285,0.0635260534643328,0.7014569135795186,0.48106718187843744,1.0,0.7014569135795186
3,1,0,2,0,3.1889653494765975,0.08972983353831612,1.0587382238260412,0.010685405181322653,6.175798936247868,7.038932454416248,0.48951624237952096,100.84466287602078,16676012051.584852,0.0009133782163072258,0.41586739707689185,0.7017487230892432,0.3515855949487572,0.29363674115805055,9503134.254332721,0.061806215287735784,0.34700990259634024,0.05943898794174827,1.0,0.3414084610344403,2.112586682174621,0.7017487230892432
4,1,1,2,0,0.5366028929922324,0.07375955827588956,7.389274791461306,0.061154411346873105,8.369077243031226,19.388696390014996,0.633891511752167,81.18561113362404,14036419889.989178,0.0011437537872414374,0.41973554810047553,0.7043843432682918,0.3549771277930675,0.2893827661011617,10649544.202367859,0.06300438062810788,0.2590214775234835,0.06068262245813123,0.7043843432682918,0.40561889815475616,1.0,0.7043843432682918
1,1,0,2,0,4.479486793584294,0.09404474731609136,6.04631010524984,0.055094789902977774,8.097748445594991,6.552790917539134,0.29047309524723186,82.46312879103145,13412259565.651737,0.0013167233444017668,0.49383118421669736,0.7047924964665828,0.3008165475657433,0.18175950022062884,234402.0513304045,0.04524529764468655,0.2813255142639829,0.04282117125245465,0.7047924964665828,0.3969727114439557,1.0,0.7047924964665828
5,2,0,3,0,4.845218788079349,0.07397380536788213,6.125090691745164,0.004441106661781084,9.528098554507014,1.4852733885547311,0.43298920449893913,96.06851729267022,18328646067.14767,0.0,0.4269211072903088,0.7053791561007219,0.35097421024845016,0.27331116888098456,13567575.358122386,0.06159144812976164,0.2383297437381331,0.059048499386341845,0.7053791561007219,0.4733322326175815,1.0,0.7053791561007219
3,1,0,2,0,3.2816742643046948,0.06374613216369236,1.1768042676416322,0.011031161467664124,6.886973169318373,11.08530734888538,0.12021172559835215,104.86807766933406,14932306573.517303,0.0011494843102356305,0.4117586853904283,0.7054529183417017,0.35509784042400183,0.29153348916537736,8425162.585779516,0.06304723813689493,0.38096797187446385,0.060258011797099116,0.7054529183417017,0.36499856477377063,1.0,0.7054529183417017
1,1,1,1,2,3.323198047175615,0.03120221747667376,8.724508271999111,0.09746694355305077,6.023219627877884,9.27137314249259,0.43578249221139204,90.51396029771993,19341536514.26231,0.001353375655248072,0.4985561104893812,0.7068573900074606,0.29899968677462513,0.18687264602862252,232791.5585893612,0.04470040634566197,0.2784365859686567,0.04235159675924947,0.7068573900074606,0.8601322480864262,1.0,0.7068573900074606
3,1,0,2,0,0.5988881835799802,0.07162379401004565,8.755437609836214,0.003162750548259313,0.805925177467611,10.299942215475339,0.4079571091018382,113.80127977734548,18223278317.398117,0.0,0.498995381057296,0.7080868192463825,0.2991752963531065,0.19003110665169198,105011.89731050988,0.04475292897398455,0.2808916804252898,0.04247056492834012,0.20285641911380894,0.34853382384177956,0.2864852354259457,0.7080868192463825
5,0,1,0,1,2.1531512421032075,0.083213216190242,7.5385597123718355,0.0859530227214247,6.474759547307542,17.53228681847548,0.48476495798680463,116.23654804870611,17517652552.692432,0.0012232251356614704,0.3905021203986326,0.7089240784183515,0.3799334038551901,0.3197377217612977,11159809.143027328,0.07217469568249549,0.3049692205244954,0.0686786730336753,0.7089240784183515,0.5300886269780045,1.0,0.7089240784183515
1,1,1,3,2,1.2028107753644723,0.02031062556837238,3.8315674495481535,0.004002686244083095,6.261226684180925,5.217408096900712,0.17363267936214732,111.39061077652156,10614754250.289343,0.0,0.47441289735990255,0.7117912759025368,0.3148826411516494,0.22065644951900298,529191.1396306775,0.0495755388493192,0.31882224542660353,0.047299342652517326,0.014376835518357603,0.3768510164224292,0.02019810582832456,0.7117912759025368
4,2,0,2,0,0.6132429779936696,0.08353226879675488,6.638417459540217,0.09079930118797529,8.86864946059942,13.029309056208334,0.30566225037162686,128.35583623518164,13655820435.514526,0.0005537332365877031,0.4326400014751557,0.7130937784979381,0.34679026831779713,0.28877960566823985,7799863.9196732985,0.06013174509996486,0.30574999011308845,0.05784552009626689,0.7130937784979381,0.37564755798917976,1.0,0.7130937784979381
3,0,0,2,0,2.076655886055415,0.06484879066809868,1.0891979114601456,0.01138378193035296,7.113840986631332,2.7667337446334854,0.7625365020722238,114.8842329818186,11751473447.98246,0.0005780474579577808,0.42817157322080296,0.7153564691701761,0.3480629385057937,0.27299283605609576,8282132.623249613,0.060573904580643954,0.36619299667846705,0.05705033995108078,1.0,0.31987850588012934,6.522745419458503,0.7153564691701761
3,0,0,2,0,2.8373513691913854,0.06702969019099679,9.506840654348881,0.01728466676795401,5.346374127355818,12.746734196644962,0.4380356448022872,127.06097154199334,11528363193.12963,0.0,0.46024786989490285,0.715776524032024,0.32529965219450985,0.23058461342416112,3449066.456948451,0.05290993185893454,0.3447824301623136,0.049659246480533534,1.0,0.43528718536598743,81.72661696265516,0.715776524032024
1,1,1,3,1,1.7127598348414035,0.013361855604853989,3.997181524309288,0.02578859954092565,7.300084706143099,2.29629316772339,0.19147707193364874,91.74191291363847,10636747987.206387,0.0007299586676716871,0.48349830724420384,0.7159609601172573,0.3114823197626874,0.20582877780733735,238106.68942592383,0.048510617762372525,0.30786479372684583,0.04613089157088902,0.7159609601172573,0.5593781222142306,1.0,0.7159609601172573
1,1,1,3,1,1.3251443994226502,0.011761533073589549,2.229348665347624,0.0055632935967272245,9.648210099820584,4.804255260362358,0.18525316053162091,118.37645345018366,10541689905.186188,0.0,0.4770709917834115,0.7160086490247514,0.315836113927339,0.22012645262406555,138458.96554272843,0.04987622543036153,0.30765656706094435,0.04774056261167581,0.7160086490247514,0.3727658133348943,1.0,0.7160086490247514
3,1,0,2,0,0.17383833661210915,0.04861187089399175,2.925352531649954,0.0033230663746683744,1.154380648081007,2.5159681858187875,0.6911005686259928,127.84333179393451,15542598086.280878,0.0,0.4623306250079324,0.7185512180290826,0.325455149578018,0.24832405853729425,3005406.6504277834,0.05296052719342505,0.3410170555834334,0.050581379797929274,0.017832325568127246,0.3185807525650792,0.024817055654069605,0.7185512180290826
2,2,0,1,0,2.7441598775943574,0.0965726313512034,7.8896544695197175,0.004205724093595481,6.710312294903137,3.0378760010808836,0.021005585297971457,79.55421585174716,18106256442.078148,0.0,0.4305534657479239,0.7194151627817128,0.3539739887098445,0.2923956774904418,12418230.212480765,0.06264879234157855,0.26909539824529727,0.060374592607945636,1.0,0.4489257610433228,2.9011570024353897,0.7194151627817128
1,1,1,3,1,1.21828716355688,0.026783067715240607,6.398326467051684,0.0034258596905090343,9.221860539625778,9.894445945816294,0.16061416865806752,126.38281802528873,10772865691.96258,0.0,0.477246755090162,0.7203133585013869,0.31694105716351245,0.22288812155455778,532247.4886843355,0.05022581685796243,0.32374476713934264,0.04792781452149664,0.7203133585013869,0.3828091537359219,1.0,0.7203133585013869
4,2,1,1,0,2.338649358821833,0.026864159206718214,0.6484771884174932,0.023696714970615346,3.2553772910131245,3.6671101518969627,0.8305799095110317,83.82411371838617,19154613561.901596,0.0007048969317769007,0.41953598761991323,0.721080434718542,0.3595920375139347,0.30601867962858526,10406526.574226685,0.06465321672171151,0.3424043519759491,0.0622562063163951,1.0,0.3167037612430536,2.1411144016154298,0.721080434718542
0,0,1,2,0,2.587877692738314,0.09506052923120857,1.0816540842201579,0.07011530203982635,8.770594499830336,10.36337273640678,0.30517846542706933,115.76968892248124,9541564184.805025,0.0005367343950715935,0.37472960245097703,0.7240255829473117,0.39192319813890225,0.30741983874690465,6265265.737165734,0.07680189661971262,0.5114370279219446,0.07191047346510968,0.7240255829473117,0.41980150878454564,1.0,0.7240255829473117
3,1,0,2,0,4.5682788267355985,0.09135298214989857,1.0587382238260412,0.010685405181322653,6.175798936247868,7.038932454416248,0.48951624237952096,100.72166479805489,16676012051.584852,0.0011516606811549483,0.41664715636987726,0.7241187189488447,0.36086174559088485,0.29745213227897443,8616032.722014511,0.06511059971545025,0.39145770488167086,0.06218233267338644,1.0,0.36793737802312515,20.36254050320911,0.7241187189488447
2,1,0,2,0,3.9954335174750835,0.08248130519186422,0.7853521603114827,0.010407719147652133,5.275570308681027,9.693460914327343,0.10357861491995272,117.04970701692753,12517385328.652641,0.0012349472783824296,0.4102788954793837,0.725295723007878,0.365776046220601,0.29954631263381126,8120020.58462806,0.06689605799438762,0.4114882314358985,0.06366158184578938,0.725295723007878,0.3721039535065783,1.0,0.725295723007878
5,2,1,1,1,3.694739136685119,0.055560809214071444,4.060561556255102,0.07884504061635061,7.813668432873394,14.234584133564894,0.24702335891705457,95.74637147654937,19967597533.683857,0.0007488268676871323,0.4408137626430998,0.725332836242206,0.34565309031726504,0.28726859786632986,10131190.2518027,0.05973802942293769,0.3292848178139858,0.05735883534659532,0.725332836242206,0.39723312547739964,1.0,0.725332836242206
1,1,1,3,1,2.6002016552404212,0.04514184943495755,6.634983083519814,0.029214107676451235,7.467245986886729,4.4558958517340335,0.44016601557552393,102.6800606611682,9154659860.63404,0.0012571818478901,0.47894789159719675,0.7264202485941684,0.3186696508587187,0.2111904018520277,484125.04891782027,0.050775173189208836,0.32651662101997847,0.048158161821302205,0.7264202485941684,0.49213152518409775,1.0,0.7264202485941684
5,1,1,1,1,1.6707529724182728,0.09103180039657896,8.785800055326867,0.0889532812039281,7.838711033701656,11.055213352145577,0.06623403186516298,114.69088857405403,17909478736.22197,0.0005541214444462802,0.43841258903167724,0.7291401370890548,0.34922519116008427,0.28482784069429434,10191841.990044005,0.06097911707039869,0.3349825749382327,0.058252756622734624,0.7291401370890548,0.4054058383229544,1.0,0.7291401370890548
3,2,1,1,0,3.007787113272232,0.008018962126439811,2.3611264290939347,0.043899935434128574,5.86357546531154,17.71129260274132,0.40053370498488333,91.07435936773734,12744415620.18632,0.0013152972870815738,0.4707927353501844,0.7300497307259256,0.32600836799605587,0.2310399947714486,135474.27415342134,0.05314072800172589,0.3289752818288483,0.050656336201069706,0.7300497307259256,0.68428360642235,1.0,0.7300497307259256
5,1,1,1,1,1.6484451540396587,0.09929728984877216,1.3194674346931548,0.0012298337803108008,0.7776954489472736,12.57740712098019,0.7797173236658915,113.24584803874657,10793620358.97986,0.0,0.4279039174601204,0.731422966484543,0.35490126382957443,0.24678945663256832,193753.27625522006,0.0629774535339146,0.40341164242410743,0.0589779921411095,0.33075318096025197,0.30095832219260793,0.4522050798458784,0.731422966484543
1,2,1,3,0,0.7393104365743569,0.014577093445311908,6.085038745291897,0.004749290672120653,4.576862027905033,15.747486905637315,0.8059727396416183,90.7750193947828,13906752443.171675,0.0,0.4372945926750951,0.733123908891567,0.35036794411206595,0.24562523080289864,1038969.6244059489,0.06137884813065788,0.3674359894663075,0.057841965756053534,0.733123908891567,0.3744226468723494,1.0,0.733123908891567
1,1,1,3,1,0.9992065556838009,0.0749803085009345,9.200117510002418,0.005483504664013747,9.614208298730547,13.38955142228429,0.14656413299325585,108.59861555980547,10433387665.269838,0.0,0.4558416387438141,0.7333280618301002,0.3368857029755112,0.2403343711832047,705818.2389106022,0.05674598843465217,0.356911084093263,0.05409826480321848,0.7333280618301002,0.39103501939200075,1.0,0.7333280618301002
2,2,0,1,0,2.9730194818681976,0.021886700510252582,8.98248071675546,0.004205724093595481,6.710312294903137,3.0378760010808836,0.021005585297971457,80.08677535305635,18106256442.078148,0.0,0.4171096978891487,0.7336142889713021,0.36585846870567423,0.26665609555730585,1484575.9874433558,0.0669262095618304,0.3897807873764153,0.06280475959835598,1.0,0.49530194466203803,22.056713317930956,0.7336142889713021
5,2,1,1,1,4.532657616432426,0.05854551434556937,6.617640372348524,0.06637122341928842,4.051766335071449,10.357203747572594,0.622339344674282,75.7250921165478,12428481649.773565,0.0009019835152732196,0.4391820779490827,0.7342201492167658,0.35240253374370073,0.28996574034307904,10870726.4588332,0.06209377289449007,0.3165286478657019,0.05957797851873637,1.0,0.4310226367658872,67.50745670855136,0.7342201492167658
4,1,0,2,0,3.5907014868028018,0.08829149392196546,9.308362161704535,0.07678267294941626,4.504024428378436,17.698360247194465,0.49716738797390614,128.17487196992028,14898836811.825607,0.0005594294065532464,0.4359628869681438,0.7364107926991789,0.3560788521199234,0.29142149641694387,11135901.75397121,0.06339607446352115,0.317279898160608,0.060792231211635996,0.7364107926991789,0.3958138931369441,1.0,0.7364107926991789
5,2,1,1,1,4.985073800297067,0.09296151947039656,1.9230208119050514,0.05566190615197958,9.788071389495114,11.586284009651273,0.04925397504362184,101.93689755630363,15829917275.401882,0.0005577268702200337,0.39463910198904917,0.7374050519528101,0.39555648251479947,0.3335647221209827,13976853.776680052,0.07823246542974042,0.25663870029533276,0.07494676453760592,0.13899131624830513,0.347751368072855,0.18848706810487081,0.7374050519528101
1,1,1,3,1,0.525787631292652,0.005735049357890829,6.383649851233414,0.0032295156474579914,5.336612519992244,14.241684715807722,0.22577786358518995,128.15784020984918,9243704887.023712,0.0,0.4184543212178904,0.7384756220336971,0.3643256011635328,0.2684108829851802,1901224.3793112005,0.06636657183158479,0.4435405693985095,0.06271787456047337,0.7384756220336971,0.41279768978097925,1.0,0.7384756220336971
1,1,1,3,1,1.3051547840107747,0.018977319041246984,3.81623841168279,0.007536828892800783,6.134427407237193,5.560552275687706,0.18956260470431593,110.22871886193332,10734856406.809006,0.0,0.47215669421133144,0.7385191259421268,0.32952175825236446,0.22782675151134085,304214.1819477897,0.05429229458086487,0.325499921028928,0.051605001744268963,0.7385191259421268,0.3741420040245506,1.0,0.7385191259421268
1,1,1,3,1,1.3051547840107747,0.018977319041246984,3.81623841168279,0.007536828892800783,6.134427407237193,5.560552275687706,0.18956260470431593,110.22871886193332,10734856406.809006,0.0,0.47215669421133144,0.7385191259421268,0.32952175825236446,0.22782675151134085,304214.1819477897,0.05429229458086487,0.325499921028928,0.051605001744268963,0.01634835278077415,0.3741420040245506,0.022136668105810536,0.7385191259421268
2,0,0,2,0,2.8441484605474447,0.09694065775297361,9.44191142535865,0.005819074252813706,7.620752200304966,7.2206948649686975,0.0124270427341416,99.15681328112451,14681697414.365532,0.0,0.4288312382307527,0.7388930347451367,0.3652260621187001,0.31634797440465084,12828606.136936337,0.0666950382253663,0.2817254868974911,0.0643823505556928,0.7388930347451367,0.3784780843642136,1.0,0.7388930347451367
5,0,1,0,1,4.553678213764348,0.08242486391761823,9.739513503267506,0.08941227191702912,6.852296961998474,17.508465814867215,0.46509532820174454,116.06887136048053,17639567456.363323,0.0012247451538052352,0.3972454979052358,0.740290676423745,0.39275864799805327,0.33849119215472095,13529735.924808739,0.07712967778862935,0.29264313328831926,0.07397691743086092,0.740290676423745,0.5186884347860534,1.0,0.740290676423745
3,1,0,2,2,1.679350197715143,0.08780416832201562,0.23615396041079306,0.03446676304930035,3.9700051100578784,7.78576021370083,0.62906509066794,113.78821514896258,18926417177.049366,0.001027666031877833,0.4220867412639982,0.7409168248059962,0.3650662403507151,0.30144914950223267,8693925.635005487,0.06663667992190304,0.40087584121263165,0.06360162580777967,1.0,0.37060008447009546,1.9228546053097422,0.7409168248059962
1,1,1,3,1,1.1669700400497323,0.03671984233606655,7.229976444851151,0.0037069270809976284,7.763105462058076,7.446302719820408,0.0930219182121834,104.17999184964899,11682018608.53212,0.0,0.48002038213980525,0.7456721166630543,0.3264992022676694,0.23345372715699123,591528.679120359,0.053300864540712235,0.3441743273332861,0.050920785916147356,0.7456721166630543,0.3848171362694797,1.0,0.7456721166630543
1,1,1,3,1,1.390481725055435,0.016541705861953235,3.8589686079668444,0.005415183872980785,6.062267887018484,5.413135647640116,0.19094859216774643,112.3259719184313,10741435151.614946,0.0,0.4745220643940451,0.7479270316543462,0.3318530367661365,0.23467569640412594,314242.52354516246,0.055063219005453364,0.3380367441481088,0.052528290645768576,0.7479270316543462,0.3759676679670084,1.0,0.7479270316543462
1,1,1,3,1,1.390481725055435,0.016541705861953235,3.8589686079668444,0.005415183872980785,6.062267887018484,5.413135647640116,0.19094859216774643,112.3259719184313,10741435151.614946,0.0,0.4745220643940451,0.7479270316543462,0.3318530367661365,0.23467569640412594,314242.52354516246,0.055063219005453364,0.3380367441481088,0.052528290645768576,0.05955275689627865,0.3759676679670084,0.07962375255317808,0.7479270316543462
2,0,1,2,2,3.2573371272544063,0.01861606060095792,0.49432748030565554,0.01613845843676147,3.3287934449165393,16.411257538313556,0.3644787435684087,124.316337782262,10223340596.389133,0.0005654708851578761,0.4422884088903305,0.7489896790128027,0.35698519345549945,0.29820157137517767,11052443.421097236,0.06371921417323019,0.3310682468305932,0.0614044960798774,0.7489896790128027,0.32601190480571346,1.0,0.7489896790128027
1,1,1,3,1,1.7812085732119989,0.01651067284728536,3.8539363830257267,0.00532188988225163,6.067308115752422,5.410965758821835,0.19096151942916997,112.32230064333794,10740056959.309433,0.0,0.4801660615960257,0.7517705630983326,0.3301111088037629,0.23136422873816181,245934.41902024366,0.05448667207782488,0.33238413174301695,0.05194689678033957,0.7517705630983326,0.3736404092364978,1.0,0.7517705630983326
1,1,1,3,1,0.16988553105300655,0.0200791653651988,5.207642347667476,0.002112272602164605,7.007332426687152,9.84922140215262,0.030988427921347476,124.10239229755858,14395112478.408817,0.0,0.3945353348679433,0.7539788213264564,0.3907719819967572,0.29261689060762286,2670999.688338834,0.07635137095683697,0.5090932307099847,0.07153367270854324,0.7539788213264564,0.508068684596899,1.0,0.7539788213264564
2,0,1,2,2,3.2573371272544063,0.01861606060095792,0.49432748030565554,0.01613845843676147,3.3287934449165393,16.353318306805413,0.3401976728702009,123.29771109881203,10223340596.389133,0.0005654708851578761,0.44324835181560407,0.7543704847926629,0.358966332366132,0.3001710203892699,11127754.77047958,0.06442841388619618,0.3330412215292957,0.06207384049859672,0.7543704847926629,0.3271408007563402,1.0,0.7543704847926629
4,2,1,1,0,2.1137282960788752,0.0871947761648843,5.915766069213104,0.0605452736505446,1.3216758710292007,14.242710004665252,0.6023328956579146,98.8674493503899,10431956514.76236,0.0009572512327946327,0.4144487586737169,0.7555741178604404,0.3885620926225327,0.3226370336006196,11704658.838885393,0.07549024991160085,0.24803677074489816,0.07217283310392082,0.7555741178604404,0.4125099897025579,1.0,0.7555741178604404
4,2,1,1,0,0.5663429414322659,0.03370533590244027,1.0249840277228452,0.032789585948275364,6.244742796565926,3.774241367937947,0.31091877496286535,77.65038217620273,13468212673.858404,0.001177125233405152,0.4475163120349519,0.7568759313194927,0.3517185225442712,0.24456578834350476,1072527.0577092818,0.06185295955036252,0.42331887601803875,0.058393870735190805,0.1759696174328206,0.4031288094065082,0.23249466676268274,0.7568759313194927
3,1,0,2,0,0.6201076300338234,0.0591603159794097,0.5814942522115224,0.013028999109477274,5.492968142324862,13.972583623809118,0.469520905160025,128.93280102331235,11420172763.339315,0.0007219957327520306,0.43875342077932444,0.7575956005494583,0.36233000825003403,0.2998384930806285,10013080.384432185,0.06564151743923487,0.3669999354161716,0.06298425396041982,0.7575956005494583,0.3373792108604885,1.0,0.7575956005494583
2,0,1,0,1,0.3106917132767476,0.03463267247351247,3.4287520219089838,0.04715047148982419,6.594633864101337,1.7266263854214008,0.6033437418447641,65.41315451800264,17150351235.775547,0.0012073119491319588,0.41993764060585265,0.7585094144712122,0.38268619669643716,0.3257619179702582,13184377.958106054,0.0732243625709921,0.29540714606029594,0.07022895501764304,0.7585094144712122,0.454558361484152,1.0,0.7585094144712122
2,2,0,1,0,3.5314149142931464,0.09373379985720186,8.818417722041659,0.0021720238106145476,6.866872261030157,4.55095608352403,0.2721197694479314,96.60717889319086,17992719865.900627,0.0,0.39475353373818195,0.7601013789898978,0.41073241620982764,0.33410646506580904,15384251.15267589,0.08435055886278153,0.22006130505694566,0.0800918485877068,0.289205748073823,0.3411240682445997,0.38048312510385107,0.7601013789898978
1,1,1,3,1,0.1132212455610627,0.09950410595659302,3.210082451587431,0.008447849515190214,5.534170696771306,4.21781750628834,0.3662374333094736,116.48677523505323,12109154626.73822,0.0,0.4473030218711745,0.7622172371816471,0.3549614127848791,0.2571220169784601,954787.1143428074,0.06299880228311866,0.41874744085393933,0.05982077087304552,0.7622172371816471,0.3914460111071677,1.0,0.7622172371816471
1,1,1,3,1,1.2868789599430974,0.016677328464431394,3.7664637372032654,0.005703837163986977,6.136702305656196,5.344678008695714,0.1912588785942401,112.17648778568318,10769119292.668701,0.0,0.4812202672580136,0.7636484582973836,0.3344961981120769,0.23493813853175158,271141.02732506784,0.05594385327571691,0.3457555505722477,0.05332393034246765,0.059531653417804066,0.3713060694908144,0.07795688287060087,0.7636484582973836
1,1,1,3,1,1.2868789599430974,0.016677328464431394,3.7664637372032654,0.005703837163986977,6.136702305656196,5.344678008695714,0.1912588785942401,112.17648778568318,10769119292.668701,0.0,0.4812202672580136,0.7636484582973836,0.3344961981120769,0.23493813853175158,271141.02732506784,0.05594385327571691,0.3457555505722477,0.05332393034246765,0.7636484582973836,0.3713060694908144,1.0,0.7636484582973836
1,1,1,3,1,0.12627709984035135,0.09986367923412941,3.1539346477507286,0.00722904782441108,5.498097898616134,4.052746125781469,0.37337747602222937,117.37313579676214,12095709633.222084,0.0,0.4569671824397675,0.7641556897326135,0.34940597852621225,0.2532312357643836,896035.1257393849,0.06104226891492994,0.4020594274494158,0.0580941822177458,0.7641556897326135,0.38907528735623254,1.0,0.7641556897326135
3,0,0,2,0,4.2606690694267835,0.06702969019099679,9.506840654348881,0.017227726752177902,5.5122909958683195,8.32771646352485,0.4380356448022872,127.06097154199334,11528363193.12963,0.0,0.4757695408416167,0.764506998078492,0.3370245815403473,0.22701382380354004,2417635.508188049,0.0567927842812231,0.37702154068557836,0.05290743105753179,0.8693879298637053,0.44600908894173585,1.1371876674102663,0.764506998078492
4,2,0,2,0,0.5036765887015542,0.08491361055856173,7.592217314874643,0.06629423964935202,6.527957745627234,8.030572854960337,0.816964282191285,122.96979918093997,13701583815.205599,0.0006449108474602067,0.4299569872949386,0.7650497005477467,0.37797041146905913,0.3192994550430393,9224330.179200415,0.07143081597304493,0.2911509941795133,0.06845351542957362,1.0,0.37807590830492344,42.69820722813287,0.7650497005477467
1,1,1,3,1,1.3871970688089612,0.01651067284728536,3.8539363830257267,0.00532188988225163,6.067308115752422,5.410965758821835,0.19096151942916997,112.32230064333794,10740056959.309433,0.0,0.4830342450018835,0.7661907889504536,0.33455043098739623,0.23442916976239903,239213.4673869142,0.05596199543692629,0.3443650099319162,0.05331020530686428,0.7661907889504536,0.3742993671733592,1.0,0.7661907889504536
1,1,0,2,0,1.2277146749616947,0.03915123215794302,0.3062754642876935,0.0015918480271695068,8.572412052938716,3.57517164168751,0.05945635417316616,110.35902051397093,11003706572.538803,0.0009712535730981536,0.42383381155069416,0.7681377751085647,0.37668226661682347,0.3087930579109479,8462011.50664714,0.07094476499179383,0.43350714673063084,0.06732409140485988,1.0,0.373254721516797,15.288066295460306,0.7681377751085647
3,2,0,1,0,0.39001397130438176,0.04460237938576663,4.465968009832478,0.00263483437769177,7.952040492178092,6.733154657318565,0.3415571367655216,99.94675106739112,12435764362.526354,0.0,0.4749406550467059,0.7687460060862532,0.34314877448605025,0.3021439148210288,10086079.598026464,0.05887554071563908,0.3180925117654736,0.05714079249007924,0.014518666730442725,0.4769040676200315,0.01888616866363756,0.7687460060862532
3,1,0,3,0,3.626507640090995,0.08721587649558654,7.0042374735917985,0.03608882633224742,0.7354669079436869,13.222708920378448,0.3555595294242455,128.1622503273029,13316636877.053503,0.0010949625659105453,0.4429467003761315,0.7691031452296508,0.3621727517780533,0.2699088745600977,1592508.1260202648,0.0655845510652437,0.4172082669154231,0.06214575020062174,0.7691031452296508,0.6407215357310245,1.0,0.7691031452296508
4,2,1,1,0,2.338649358821833,0.026864159206718214,0.6484771884174932,0.023696714970615346,3.571539502555528,3.477168381707102,0.8305799095110317,84.9237940784291,17843612830.61074,0.001219028644611752,0.43926153182885197,0.7700105699522836,0.36345675461601856,0.2642769254278937,1411037.7048422655,0.06605040623800436,0.4554142271987761,0.06232320812504198,0.7700105699522836,0.4923183130734512,1.0,0.7700105699522836
4,1,0,1,1,0.6101180328547573,0.05367849215739211,5.744601249792623,0.044804854969502636,1.6099006896351975,15.427292573757109,0.2653269937146597,98.05924080425146,13292310496.292875,0.000752731673120591,0.40792116909089204,0.7714580006215631,0.402755653329837,0.3399177851535615,12071020.58754901,0.0811060581445719,0.25839569418743613,0.07745997752474844,1.0,0.40489637715162174,387.1540159316426,0.7714580006215631
1,1,1,1,2,3.082513713973893,0.04739795392317783,6.120619410561412,0.07815471342818009,5.107351185029712,11.32684253481702,0.32868370400131725,104.52764064523598,18521845974.983147,0.001117566232566971,0.4462647226946873,0.7717628556765929,0.36672559437017643,0.3065976075009302,11097335.91861108,0.06724383078307959,0.31615684979943137,0.06473872556542536,1.0,0.4141131293751388,2.6429925034929433,0.7717628556765929
3,1,0,2,2,3.055180246553069,0.08537920167283594,9.154849975269482,0.003483466610218825,8.607764248205354,2.522230201082128,0.6862237855030924,112.59532260993612,11249185022.607979,0.0,0.4490880976393554,0.77188997429702,0.3662982585697748,0.3050934060562564,13042409.157438798,0.06708720711562481,0.28558972337823607,0.06454349628814486,0.1905901171103753,0.44484656869453665,0.24691358024691357,0.77188997429702
5,2,1,1,1,4.584710490154163,0.0452023442049369,1.0590558352874802,0.015616347895828366,5.2190311481782246,4.672664618242551,0.37124242730625995,123.21516699066258,11113533918.720716,0.0009476077586372324,0.35750311881032515,0.77287258095503,0.45115209644708526,0.3940189393649999,14179163.148071453,0.10176910706430005,0.31777942701793027,0.09640920424270623,0.77287258095503,0.5072549739589872,1.0,0.77287258095503
1,1,1,3,1,1.2897067628418282,0.0168140206110156,3.7673001016341,0.005669707566688308,6.143346482820077,5.331062015917036,0.19142214023763904,112.1825241660868,10760405166.64743,0.0,0.49156988208785035,0.7742987592498859,0.3335278322614711,0.2266923541839098,136550.131740028,0.05562040744651799,0.3272768952330196,0.05273191249341254,0.04786246587695321,0.37183967640425447,0.061813951404649965,0.7742987592498859
1,1,1,3,1,1.2897067628418282,0.0168140206110156,3.7673001016341,0.005669707566688308,6.143346482820077,5.331062015917036,0.19142214023763904,112.1825241660868,10760405166.64743,0.0,0.49156988208785035,0.7742987592498859,0.3335278322614711,0.2266923541839098,136550.131740028,0.05562040744651799,0.3272768952330196,0.05273191249341254,0.7742987592498859,0.37183967640425447,1.0,0.7742987592498859
1,1,1,3,1,3.545237941982551,0.05060726526161206,2.4938954681843795,0.09851536951602739,6.628292819197933,1.9260050661875425,0.4110470968937019,110.89701625985302,10690456003.30538,0.001078649966805762,0.49617619456021345,0.7750853940542177,0.3291041524998083,0.21226601563113123,530251.1049489811,0.05415477159630853,0.35537096210867236,0.05109055415766998,0.7750853940542177,0.4043794763353407,1.0,0.7750853940542177
2,0,1,1,0,0.39014713830284614,0.05543549598778619,0.42956404399809023,0.07544736529087881,3.298805135415532,11.470461405832044,0.5919725187327687,111.52597366152528,12033721910.01045,0.0010031969991986128,0.4379230195507602,0.7763125611679628,0.37298294816653366,0.3134406777736707,10722179.609377204,0.06955813981149957,0.36764196330180543,0.06679555723750519,0.7763125611679628,0.3443546669890518,1.0,0.7763125611679628
3,1,0,2,0,1.6416809105845587,0.028952468329894298,1.7746400209359936,0.006709583509761889,1.1367139001613928,5.733454993909371,0.5642951361821843,121.88538649820798,15065742086.166056,0.0,0.437040017961452,0.7771402136918456,0.38004581275213956,0.3064379812679306,14109976.332971573,0.07221740989521716,0.2653669627546962,0.06908515414664224,0.17007609038497382,0.47573029007475687,0.2188486548354233,0.7771402136918456
4,2,0,2,0,0.12336225801159771,0.08163463810810016,5.757912221906203,0.07604724661664918,8.662854731193427,13.708027556792734,0.37699002329931025,116.10347557876977,9646291236.287024,0.0006444273558219523,0.40672061582937313,0.777368750911825,0.4079276977318396,0.34227071234700923,9903076.963054752,0.08320250328839955,0.24589141332185638,0.07923894308124178,1.0,0.35127919565019494,39.574387442604674,0.777368750911825
0,1,1,2,0,4.135586590987225,0.09797987479503156,0.8236592764834618,0.023287245399886206,5.792583664905389,12.889875390458903,0.048376027025208435,127.03038102156151,16085054391.831974,0.001363506983613124,0.379388893997063,0.7793318048052466,0.4171060631772886,0.32868959682620275,6590827.339465037,0.08698873396962813,0.5712074872754215,0.08091234727498957,1.0,0.465725212481611,3.131871855746279,0.7793318048052466
4,1,0,1,1,4.30284059022431,0.05954836962881918,9.807196124231787,0.051879357194076,1.9087839938431932,1.1217185842104669,0.17329526568917444,79.34420182590955,17871881346.97287,0.0008262681340704708,0.41274116266947347,0.7809725934318734,0.4011787402994783,0.338042472403674,13256203.682341782,0.08047219083413813,0.30240923990234103,0.07693915432405626,1.0,0.5039583234622566,3.034260999757659,0.7809725934318734
3,2,1,3,1,3.0234502228254696,0.04535110229661744,0.11814629043193606,0.013785858588631777,0.33007676385318524,4.618663861425212,0.33621516503090193,127.92076714091269,11190713892.639893,0.0007380397470747795,0.3890321014040928,0.7825303950001004,0.424986923057818,0.36816652295831526,14153993.964091621,0.09030694238507586,0.29669131704618623,0.0863390347263417,0.7825303950001004,0.4085385579682297,1.0,0.7825303950001004
3,2,0,2,0,0.45245020992425894,0.08735601837437543,6.613981724948801,0.08274149340001154,8.494497527980874,14.261574788675942,0.3366503548879385,127.99689739734801,18056707843.554497,0.0010872748568312171,0.4246574762653179,0.7849890053253281,0.3951631562770446,0.33152411816221944,11226820.253187014,0.078076960039418,0.26045845027327696,0.07462404060432888,1.0,0.4057676762527488,7.933679625445538,0.7849890053253281
1,1,0,2,0,3.549196982370857,0.09881306410813018,2.517585613321652,0.006708817134120123,7.930087524664191,2.5212449222993043,0.024433615240880148,126.13922548246094,14724759320.795513,0.0,0.44587045820929117,0.7882741603630972,0.3758363717095689,0.3104259798929435,12346023.784768112,0.07062648914990662,0.3146256451288576,0.06758271578648634,0.37436017211609274,0.40814851976457106,0.4749111298328666,0.7882741603630972
2,1,0,1,0,0.21820390232720832,0.0730578553570036,0.8334617969070981,0.00892494879367857,3.303153165293375,4.953498969600732,0.23093450370240765,83.45494254932386,15255829134.773201,0.0,0.42108694694940263,0.789923393607894,0.39957873763335594,0.33630682450347527,14122962.726886323,0.07983158378433315,0.2858167245476171,0.07636555286379165,0.8295041423226485,0.25595703829775646,1.050107072451638,0.789923393607894
3,1,0,2,0,4.865731404058623,0.026559397844412157,2.8981856101382553,0.01275465310748244,3.3162446662795237,2.055592085616231,0.5757670117984957,109.1237902552073,9368588531.728226,0.0,0.44755825763296686,0.7910397486550962,0.3763495947715613,0.31330372438638154,12909119.610546941,0.0708195087423592,0.30701780499529385,0.06799608798124405,0.7910397486550962,0.4912175076870065,1.0,0.7910397486550962
0,0,1,2,2,3.6324724966103497,0.028722646657758304,0.3202598269423532,0.07566070187459695,2.369657449172396,15.940269763312239,0.34140839623758706,97.12608039881975,11117434499.638266,0.0011803352324082914,0.3794854062741767,0.791321618896211,0.44180794780435173,0.3662306377063832,15833639.327646255,0.0975971313715464,0.2639623678162595,0.09237766658974181,1.0,0.7235581141117476,3.298388844167071,0.791321618896211
3,2,0,1,1,1.127902579298497,0.09889140010901205,1.2932453207060128,0.03828826952609992,9.884669986253437,8.093634297638072,0.2456769279881158,96.30680892432966,16634634004.70242,0.0007011021783934091,0.4003600807811661,0.7937357276765953,0.41865942637768283,0.3640740336446216,13516909.702260263,0.08763785764744521,0.3264370239098876,0.08381253371470013,0.7937357276765953,0.36784418261738716,1.0,0.7937357276765953
3,2,0,1,1,1.127902579298497,0.09889140010901205,1.2932453207060128,0.03828826952609992,9.884669986253437,8.093634297638072,0.2456769279881158,96.30680892432966,16634634004.70242,0.0007011021783934091,0.4003600807811661,0.7937357276765953,0.41865942637768283,0.3640740336446216,13516909.702260263,0.08763785764744521,0.3264370239098876,0.08381253371470013,0.7937357276765953,0.36784418261738716,1.0,0.7937357276765953
4,0,0,2,0,3.861237648764986,0.09140149386615488,4.411333372597001,0.001571710392237482,0.3220009514041174,6.536140616668716,0.283526496337211,128.627136996198,11138903554.447474,0.0,0.4959556104227575,0.7954818903167675,0.3390908780061791,0.28841995868012155,7636892.292839082,0.05749131177350072,0.3560110170502844,0.05548509882538421,0.7954818903167675,0.3686010920926612,1.0,0.7954818903167675
0,0,1,2,2,3.6324724966103497,0.028722646657758304,0.4713797629031341,0.07573047278797813,2.369657449172396,17.601102870836176,0.1166450520079257,97.12608039881975,11117434499.638266,0.0011813368410246627,0.3799530804265878,0.795485368683688,0.4437705907735068,0.36765675036800594,15904499.873929657,0.09846616861773362,0.2645966898167573,0.09315734280000929,1.0,0.7257391633455262,2.9524412200750207,0.795485368683688
1,1,0,2,0,3.6323300306336685,0.031066248045169834,2.38213851363143,0.005320243779168481,4.078443869898496,5.360975280545554,0.32579992500208427,111.82504335993437,10144673460.755688,0.0,0.4595553121592125,0.799648935094587,0.371652324423878,0.31121076688397425,13321723.360575575,0.06906272512483573,0.2986891376862043,0.06640605982547526,0.48072191296122896,0.4771331310571071,0.6011662016461842,0.799648935094587
0,1,1,2,0,1.2034579717981257,0.018955701877085143,0.1491012041228933,0.0964735206382959,5.403153676753491,8.150944460604508,0.6405967288555225,79.98686768699702,14156627868.728409,0.0008800349257298574,0.4214222102934592,0.8017613230430355,0.3946867699923176,0.3225589734556509,8452213.771174807,0.07788882320348432,0.4792299442979002,0.07349568645780173,0.8017613230430355,0.4145673650968506,1.0,0.8017613230430355
3,1,1,0,2,3.600451858673223,0.08995265449252722,9.099852487150699,0.09927647603297864,4.874018900939894,5.5368116477911995,0.5716631161955087,87.66601100924616,19449113752.97467,0.0009172674178962376,0.4536221446237466,0.81146927380762,0.38109548391737863,0.3213035371382603,8787610.000928024,0.07261688393111049,0.3238662078261273,0.06958434115262813,0.81146927380762,0.4410728642216299,1.0,0.81146927380762
4,0,1,1,0,0.21586067387432667,0.031804690938891794,9.681971272390017,0.014537656613883324,0.562543973136224,8.492021729725755,0.2694756889251899,73.24071299849714,15879726946.102102,0.0,0.4576220091382036,0.8121856316440081,0.3802021847471554,0.31930652460396586,11558204.720392974,0.07227685064325505,0.28924627150459437,0.06919644944916291,0.8121856316440081,0.30900215815028553,1.0,0.8121856316440081
3,1,0,2,1,2.3134498762875126,0.072808397063524,0.20472745643718593,0.02199319804183701,1.857020066594138,1.777880041617907,0.5527892813026556,115.21026637973965,10267076847.75129,0.0009435079207676039,0.4075625273105653,0.8155650839477758,0.4280086109641774,0.3504963579190796,15991376.846961051,0.09159568552974229,0.25882952281696603,0.08662487667757586,0.8155650839477758,0.5211937868164853,1.0,0.8155650839477758
3,0,0,2,1,2.258211355358299,0.0665249603903463,0.8802093368754539,0.036140493173899925,8.788014506170551,17.7155148497326,0.11055786253270068,94.74335004607637,16449174561.663183,0.0013944554877150658,0.4035326210290165,0.8182077091880429,0.43315049129947575,0.34859555534693315,16243782.238851074,0.09380967405648862,0.2637736541224769,0.08852756186911855,0.8182077091880429,0.629848228507568,1.0,0.8182077091880429
5,1,1,1,1,0.2693479924359913,0.05652292571460995,0.7428257392282015,0.02161917006746214,3.88659779463386,16.610109305713213,0.11656672692460682,113.7864308306918,9028935589.345768,0.0006203989683714913,0.4175586332010772,0.8190961606290733,0.4145473998225852,0.3615923569797583,12705921.668925097,0.08592477334983316,0.3622868045204971,0.08241326460446162,0.6141332715081097,0.3424990546199761,0.7497694422550458,0.8190961606290733
1,2,0,2,0,0.9143461192586038,0.09596983985318208,5.38878481876529,0.015609652123867487,5.53208090161452,1.2417673236650462,0.5330547748688563,113.67746014581334,19912874024.07245,0.0,0.4650195831738715,0.8197054543712238,0.37578846640904245,0.31153420025086137,12514603.460982846,0.07060848574303001,0.3297471522847686,0.0676487288420893,0.8197054543712238,0.42208782486024504,1.0,0.8197054543712238
1,1,1,1,0,4.240727727565471,0.08733236350238209,0.33401947066462,0.01033461185130753,1.2527802656756502,3.4323925261578423,0.018322799185541534,72.95458602552392,13375843211.917418,0.0009880536748728755,0.42348426037051196,0.8197078000655992,0.404765897700068,0.34624451615117113,10196964.265041456,0.08191771597047096,0.44292299928346235,0.07798895898824566,1.0,0.386495291447718,3.7563809036765705,0.8197078000655992
4,2,0,2,0,0.1397495621007935,0.08194055810474452,5.73062124141675,0.07587113223753915,8.646955144371326,13.329372912556464,0.3770878129162412,116.19386424770516,9648854831.23926,0.0006465840341318565,0.4089062601347624,0.8219246275331665,0.43113243195498413,0.3563148451311125,10631286.655032072,0.0929375869417095,0.24430780547346864,0.08789691146453926,0.8219246275331665,0.3518680690874796,1.0,0.8219246275331665
5,0,1,1,1,0.18874555468503035,0.008864654205571858,3.2392081030549402,0.003086867370274803,0.10089010010378735,1.2019655355103245,0.4789208219595131,77.03286959312278,17902208447.00941,0.0,0.4669461846315209,0.8235513441553145,0.3684415545740261,0.26409520388705154,72561.5902759337,0.06787458956846253,0.46471968396929697,0.06391028809369331,0.8235513441553145,1.1310388559131945,1.0,0.8235513441553145
1,1,1,3,1,0.2541898995072479,0.02861520740730186,2.506875800471168,0.008060120051351809,6.355931571129304,1.6046386537313317,0.28464157768097936,117.07984219823466,10627894662.97741,0.0,0.5254270241035891,0.8310194796182319,0.334845586941935,0.233247155210547,362349.7070550436,0.056060783547244475,0.3697538761627558,0.05330980057707019,0.8310194796182319,0.3884509021062989,1.0,0.8310194796182319
5,0,0,0,2,0.14745429156896306,0.005113317811000426,0.4033926028887377,0.07397142689225215,5.866304586842066,10.488290500062838,0.045554095971331456,62.004902471940134,19957352313.94642,0.0008483023421040905,0.39111771104550774,0.8325437730675722,0.45400092343557885,0.37081369772818573,16484863.960496347,0.10305841924017917,0.26381865050014697,0.09713441067427532,0.8325437730675722,0.6760231534357037,1.0,0.8325437730675722
4,2,0,3,0,3.9310148613014544,0.04809637815245889,6.607195349666905,0.09744444883081244,1.6697218669904612,5.863568248632018,0.816387386733079,105.25585846629008,15858095731.08463,0.0010729251993059083,0.4467826889204095,0.8336554257503083,0.4004770784076056,0.32903738420991835,13527812.011277737,0.08019094516494575,0.2881952867261023,0.07647947306901716,0.8336554257503083,0.5422159145770946,1.0,0.8336554257503083
3,1,0,2,0,3.4585646346595804,0.00530215790466151,5.929565656823176,0.0027503218191027015,1.8554758239338054,5.608997689383337,0.7719245320018658,101.78408675517186,10164008210.623882,0.0,0.532682648822022,0.8337350543977351,0.3316426215726269,0.2220410599524473,551.6486319733712,0.05499341422178231,0.36328762209669385,0.052246234941402084,1.0,0.6121113925477668,5.051020408163265,0.8337350543977351
4,2,0,2,0,0.6356953757154051,0.08232719042848421,6.843780975691474,0.09002947367397453,8.64665319995655,16.797666118770415,0.38751687244448924,127.51531365636995,13380593577.94144,0.0005632004170265556,0.46556080687195056,0.8354928853903276,0.38261392217852763,0.3227736302380177,11096606.9331571,0.0731967067224182,0.3432165651949497,0.0701502742141136,1.0,0.3756220102471162,4.397696293835205,0.8354928853903276
4,2,1,1,0,2.1571586643347143,0.08727963352730848,5.8976775325273065,0.06118105611603217,1.0834563149701315,14.530011607163617,0.585162624799705,99.16461328009328,10385519100.707481,0.0009577536539885847,0.42081685405309677,0.8357366792377752,0.42635237736852793,0.3542760357789809,12475359.005418183,0.09088817484389781,0.2636305363042142,0.08627285815797918,0.8357366792377752,0.4123319637993004,1.0,0.8357366792377752
3,2,1,1,0,1.506603577321454,0.019574842388492584,0.21585184804540206,0.03133674459281438,4.47976317825205,2.883988875825768,0.42761128677529986,63.04792367860432,10262056903.007696,0.0014497827948114082,0.48988058913997784,0.8357649003995844,0.3580016045110408,0.24485082551946705,810852.3248397823,0.06408257441623984,0.4441967307401009,0.06033015630089552,0.8357649003995844,0.38514130512673406,1.0,0.8357649003995844
2,1,0,2,1,2.791631563128733,0.035406273478228716,4.266032239142264,0.08401066581260722,2.7250553672650835,1.6625114896343391,0.23841848510709682,83.21519317479994,16141951422.33223,0.0008292216237935687,0.4030314588823994,0.8369602072225752,0.4442429957485965,0.3698111078753757,16348201.388444636,0.09867591963584377,0.26532536079620006,0.09316368095267567,0.8369602072225752,0.5054055201249521,1.0,0.8369602072225752
1,1,1,3,1,2.116650339458684,0.005152813132613172,4.952471923820879,0.002691457023101889,9.979835364055246,9.47564675739122,0.1021884905726903,102.5491284754275,13793878142.959663,0.0,0.47976868325214655,0.8370421510702571,0.367521340018862,0.2637275129851872,732122.6561998244,0.06753596768463,0.42359218141226607,0.06366228572636273,0.8370421510702571,0.4018264860856198,1.0,0.8370421510702571
5,2,0,3,2,0.5279370540749263,0.05663663397686716,2.9410742717605687,0.07683982223494314,4.437031889359723,11.89150468904802,0.04776916032673314,94.98845230054783,16139653307.175535,0.0009468652815395472,0.44336853649280983,0.8375719179398505,0.40567056439804666,0.32648990939491557,15003139.7519847,0.08228430340951486,0.2851652425448248,0.07827684875695767,0.8375719179398505,0.410713867444668,1.0,0.8375719179398505
0,2,0,1,2,4.035486130363484,0.09899857066259686,9.378859192568063,0.0033617566015595635,4.484046575427628,7.564421376163339,0.10227514718565348,105.10912305706728,17385776329.90027,0.0,0.484882389552104,0.8394610384240803,0.3630177271601906,0.25497692298187274,703026.5443618727,0.06589093511627529,0.4542487370827095,0.06235199250570567,0.8394610384240803,0.32057144783073205,1.0,0.8394610384240803
1,2,0,1,0,4.868217216170595,0.0742508658169535,6.530829654659307,0.0010648368153691815,8.873399438718764,1.3089323046296748,0.4412580247189676,96.24761721155734,18303013766.445145,0.0,0.44194184241634027,0.8439074644801005,0.40981725416289044,0.33742023576511687,15146931.448831372,0.08397509090480558,0.2931494045826377,0.07991607861438364,1.0,0.3463073829345957,1.5694340860197091,0.8439074644801005
1,1,1,1,0,4.405738561386945,0.09797013303047038,0.4035741597475331,0.013127167893667508,4.841852017856047,7.33906481850687,0.12097680391061322,73.82331350936211,13727852883.04827,0.0007762425631146776,0.43441146834996813,0.8442323710506119,0.4181879169211076,0.3252363150987899,15934826.342698816,0.08744056692940762,0.26766458602253285,0.08258764732644766,0.7701764528907799,0.5195213066879052,0.9122801722614917,0.8442323710506119
3,0,0,2,1,0.9978642025169097,0.0665249603903463,0.8802093368754539,0.036140493173899925,8.687651867424854,17.7155148497326,0.11055786253270068,94.74335004607637,16449174561.663183,0.0007749900290494424,0.4054557308350184,0.8447600112670112,0.4468374269817199,0.35580937925661216,16824589.21798887,0.09983184307582194,0.2548955304909133,0.09379010680274746,0.4652946965213211,0.5415637258100929,0.550801044456934,0.8447600112670112
1,1,1,3,2,1.0399381727534405,0.020375586949311433,6.853404130328997,0.0055544644221383,6.784791039025919,3.6205163619251275,0.09285323202137166,108.75488275001786,12091910897.217129,0.0,0.4332340720177243,0.8476315763407514,0.4213565116916415,0.3258882176949712,16097610.395535305,0.08877065497247422,0.2629598489062944,0.08372391808137045,0.8476315763407514,0.5074584691354936,1.0,0.8476315763407514
3,1,0,2,1,3.279050281402387,0.0823245230370338,1.0335752590996936,0.0780949823033132,5.200759582724124,6.344660184340562,0.05376002758425959,75.32135488758423,19709878668.857597,0.0005288430567610687,0.43058715724147406,0.8567170523923842,0.42913412285150515,0.3201862349513943,16473286.118343674,0.09207804769776537,0.25534710256457593,0.08655251483971223,0.8567170523923842,0.4554018513418918,1.0,0.8567170523923842
5,1,1,1,1,1.6061085984203325,0.07644241839798907,0.1859605076137875,0.01478544212632224,3.3520018160560086,16.206720057669468,0.18648360603140426,120.32667387792623,10972815049.918304,0.0007049622705291408,0.4252068872890317,0.8583647507190091,0.434540166366115,0.34378424752633857,16455568.168946583,0.09441257809274543,0.26487987101365573,0.08889416471993661,0.8583647507190091,0.47381026054643066,1.0,0.8583647507190091
2,0,1,0,0,0.35029057474111863,0.09707196907190337,8.988668683485004,0.028189944267205242,9.056218447027012,5.457439984423684,0.5203009935580186,91.82366747539697,10366032491.413183,0.0013883414651479284,0.4520617286259915,0.8604128157943124,0.4066267416150636,0.3507221057021869,13920524.862517096,0.08267265349824185,0.3453339178359093,0.07909702817228605,0.11051951586296324,0.5188710998733949,0.1284494068825954,0.8604128157943124
4,0,1,1,0,4.610041597327474,0.027164132044046704,0.43937647553472725,0.027318301424199273,7.812260578755683,11.95475551546259,0.6515106967224362,70.58550571311224,17186781419.822308,0.0013967146600117775,0.43187595450205113,0.8604933768643523,0.41709720519100985,0.3534787408620983,10116913.862077039,0.08698503928907568,0.47971643689982524,0.082386587963875,0.8604933768643523,0.41207546509263515,1.0,0.8604933768643523
2,0,1,0,0,0.34889081806160704,0.09711648384459012,8.982140647343213,0.028098027656144494,9.053600389876285,5.457517400132429,0.5201801304079718,91.76675675813527,10363874112.6032,0.001387883214252366,0.45234927311348705,0.8629279808675591,0.40766401064252433,0.3516554535262079,13967183.99479663,0.0830949727865741,0.345701595742126,0.0794862198854246,0.036733375123851844,0.5188128989806772,0.042568297631189723,0.8629279808675591
0,1,1,2,2,1.2836904130232714,0.05191451808502939,6.225688651697997,0.006311178952056938,6.80568425411308,10.843130974780053,0.5157155856171122,104.39673051584344,13316527029.874334,0.0,0.46212149517724765,0.8660328746297828,0.4033526753814162,0.3292156551034225,14602036.729599861,0.08134669036867308,0.30278982941125,0.07754489158488298,0.8660328746297828,0.45119338672287285,1.0,0.8660328746297828
3,2,1,1,0,3.2283461582556496,0.07316681698047009,1.5366386546687072,0.015543495532475748,9.203655373038677,18.95069634728023,0.09177890424239023,87.32709112396884,16453007308.168707,0.0012647986779216885,0.43738786569892707,0.8667986788150915,0.41610668727995703,0.3539899703251194,10474967.139162622,0.08657238759954998,0.4671521074458138,0.08216355872898866,0.8667986788150915,0.40275122678438485,1.0,0.8667986788150915
2,1,0,2,0,3.75389328934391,0.06172948738689838,4.81165877358957,0.05551352800643495,0.5031362245547822,1.2679936420652922,0.011306799221864262,72.66989498181341,18798562729.519234,0.0011195097004587273,0.44030853954811255,0.8708507159584422,0.4244381109474016,0.34787599973145494,14895301.752164107,0.09007385501229938,0.3129977057170491,0.08565843473025518,0.8708507159584422,0.5191988673417827,1.0,0.8708507159584422
1,1,1,3,1,1.9879827888266146,0.00932652300110148,5.20760067004175,0.00287436901255969,7.021348368050081,11.596102829216564,0.03181571802549565,119.50259931370415,9239202688.04068,0.0,0.5583646658286436,0.8712038245477237,0.3321380225869894,0.23181361311533752,32112.049688322593,0.05515783302399774,0.35655412531397523,0.052499999996900484,0.8712038245477237,0.40863236238102546,1.0,0.8712038245477237
5,1,1,1,1,3.358152139806237,0.09103180039657896,8.785800055326867,0.0889532812039281,7.838711033701656,15.894069244230183,0.06623403186516298,114.69088857405403,17909478736.22197,0.0005541214444462802,0.4673746169477303,0.8718183665761685,0.39907859092027514,0.33216661443424095,13223167.578413079,0.07963186086545615,0.3515740235162953,0.07598945019298364,0.8718183665761685,0.4039974721669404,1.0,0.8718183665761685
4,0,1,1,1,0.29115871718118125,0.05861536126378729,8.566438251384472,0.039529596634803585,3.5676163170536985,1.2102170371223027,0.49283783097636397,99.39923533987468,10605335113.182257,0.0007809144169819976,0.4444673675724202,0.8776872365657925,0.42172165980895376,0.3619734305701563,11839741.020033918,0.08892457917600946,0.3573934672529975,0.08463398943993025,1.0,0.4679593718975954,41.31341622951883,0.8776872365657925
1,0,0,1,0,4.814579725361039,0.07720904218136328,6.325336884089394,0.004527270943523317,9.627706493426032,1.0660671618319775,0.44698829207109,92.8043471259967,18217124369.572678,0.0,0.46561654162390453,0.8830717097270527,0.40876429233156314,0.33636654250590725,14837021.646124765,0.0835441233426618,0.30812186073265546,0.0795596319254332,0.8830717097270527,0.4459851344267443,1.0,0.8830717097270527
5,1,1,1,1,0.3540900446723466,0.05652292571460995,0.7428257392282015,0.02161917006746214,3.9315785153875975,11.07446548794845,0.6563674700896033,113.7864308306918,9028935589.345768,0.0006146542141584873,0.4327109539356328,0.8838017125959549,0.4352997355644234,0.38035688784851257,13978508.240389528,0.09474292989122847,0.3677719867673094,0.09055015208060217,0.6421154170785213,0.35239173095819365,0.7265378737414546,0.8838017125959549
0,1,0,2,0,1.479191182462238,0.03820248504378406,5.0919911358153715,0.004054882978388246,3.0403081924319126,6.5808033352660615,0.5700365573372403,99.33449127448847,10463179054.85151,0.0,0.4576533863408804,0.8843766918253235,0.41742701518101183,0.33506568096894696,15552203.522715282,0.08712265650146434,0.2884125737565435,0.08259442936490058,0.8843766918253235,0.4811592451969864,1.0,0.8843766918253235
4,2,1,1,0,2.0432601998003217,0.019059724062207153,6.568987607555099,0.06639936828318098,4.462375303180973,10.652773298762991,0.7213733755474431,75.22171556575933,12346329517.264338,0.0011672171123169495,0.46900644326694835,0.884676232403219,0.3995912177103095,0.28796340719824187,20894421.997283366,0.07983657063560398,0.4319746029612054,0.07433937081111881,0.884676232403219,0.605240602280903,1.0,0.884676232403219
4,2,0,2,0,0.7163585126195188,0.03799134990330626,1.0957454667084363,0.05802359937500988,6.541010888892196,4.4171544248224786,0.808886353502121,127.34177298287153,12919497306.606266,0.0010535429412956284,0.4539405783174967,0.8873484741492069,0.41278321733400064,0.34960583696828784,10929412.976034382,0.0851949922563044,0.45296905589976233,0.08099771668633685,1.0,0.3835210010848444,1.1607488374405608,0.8873484741492069
2,2,0,2,0,1.2824456083622096,0.09122227359276965,0.7711255462910354,0.013851930336755289,5.308729540795995,15.007917734625751,0.3065621266417728,76.59542337308888,10009345680.5848,0.0014071730005448997,0.44375910389862094,0.8877715974039473,0.4189074926338588,0.3472494656494755,9640730.005908096,0.08774174369239324,0.5103520890694633,0.08271455894764292,1.0,0.42209547794563407,4.279600105446838,0.8877715974039473
3,1,0,2,0,0.6486857705239184,0.058733867044745744,0.42682973965471904,0.0018411255286575768,1.8460036169661362,2.4185362514580304,0.1403203764988975,107.31583055863001,9959264749.76881,0.000692601288232342,0.4637092816287095,0.8909835516243715,0.40686625674997146,0.3446506606993191,11155652.564397497,0.08277007544086684,0.4396582247357508,0.0789170267521016,0.3413699411859562,0.3629329387135744,0.383138320077399,0.8909835516243715
1,2,0,1,0,3.0766106443358976,0.08150643482104834,4.759532226031987,0.01646473269089299,8.488980933117253,1.3183110941420717,0.4929130772606894,120.56597161542089,17194495176.42936,0.0,0.4720930702498376,0.891564936225498,0.40604740732287264,0.33563495062535537,14041188.63234304,0.08243724849681343,0.3347956893899575,0.07859774311818926,1.0,0.4270806878028673,1.330811103253256,0.891564936225498
3,2,1,1,0,2.6061342642649272,0.019574842388492584,0.17787166416496022,0.03133674459281438,4.47976317825205,17.664753688887597,0.42761128677529986,63.04792367860432,10262056903.007696,0.0014497827948114082,0.485956171863306,0.8918498057414922,0.3839679132777684,0.2785886778433429,1283476.2758308789,0.07371567921344195,0.5230827870151193,0.06921667954537077,0.3179453880595107,0.510044355799048,0.3565010453695934,0.8918498057414922
3,1,0,3,0,0.301473464308034,0.007658791217312356,4.585273925165864,0.01016739140964373,2.631943794750447,2.5363559047997013,0.6862186188918823,93.07993043283247,9241594723.207695,0.0,0.5327450055482742,0.8939220164204756,0.3553485479327369,0.24705393647722465,95480.0982999002,0.0631362952589523,0.4270343359206159,0.05984758182387055,0.07810295144298855,0.7143883367068905,0.08737110173853369,0.8939220164204756
3,1,0,3,0,0.301473464308034,0.007658791217312356,4.585273925165864,0.01016739140964373,2.631943794750447,2.5363559047997013,0.6862186188918823,93.07993043283247,9241594723.207695,0.0,0.5327450055482742,0.8939220164204756,0.3553485479327369,0.24705393647722465,95480.0982999002,0.0631362952589523,0.4270343359206159,0.05984758182387055,0.8939220164204756,0.7143883367068905,1.0,0.8939220164204756
3,1,0,3,0,0.3166274191039702,0.007856312427744249,4.556577270159874,0.010292243774867024,2.633924894905774,2.2261251567345295,0.6939915845845399,94.79622205258367,9243858148.794394,0.0,0.5365309565754289,0.8959114602640418,0.3538287758552377,0.24692002089420817,106206.15008700738,0.06259740131160803,0.42323641305444515,0.05935989436065862,0.8959114602640418,0.7352168332345003,1.0,0.8959114602640418
3,1,0,2,2,2.988940466719937,0.008841320765624541,4.5256224560307965,0.007201952346316886,9.595048520460935,15.088202423702388,0.33969711321315527,84.15281693428211,11086939029.446342,0.0,0.5043942471242285,0.899237461420627,0.3798521036743585,0.26458790657621184,17227.799535235896,0.0721438103329178,0.4051391577154051,0.0673543712920641,0.899237461420627,0.4150517944137944,1.0,0.899237461420627
5,0,1,2,1,0.18969361295666323,0.03929925449020466,6.065185649002814,0.08405588564693797,6.714104845556138,5.845756549826138,0.49878509861669007,60.43934871140313,10963404807.36945,0.001010668594827762,0.4786088719654581,0.9006715384135292,0.40137573365782353,0.34608322678005016,6761433.44129764,0.08055123978467804,0.40052991498307267,0.0763403086837581,0.9006715384135292,0.48234085925024667,1.0,0.9006715384135292
5,1,1,1,1,0.8876223663550254,0.056434057499274694,0.17625011902003856,0.01788380639064329,4.727452692645349,16.342867310922742,0.07923147645771633,105.61257272665837,9576285283.692291,0.0006974493612740109,0.4334014204479831,0.9007458355602597,0.44436490688973046,0.3862869116933055,14636028.519056877,0.09873008523755941,0.3570793710969776,0.09411995262937141,0.5726792745250178,0.351028748311767,0.6357834273736208,0.9007458355602597
5,2,0,3,2,0.4766881244892882,0.053172381287815075,3.045086903232407,0.07697451732005321,4.412332897005698,11.850637909235713,0.05793564906426778,95.42260152116904,16122338586.568178,0.0009435847834871322,0.45119417705818166,0.9027145190853223,0.43214640757234113,0.34763232130252014,16047565.995473605,0.09337525878883998,0.29765766924691606,0.08823265842449729,0.9027145190853223,0.4178155211414822,1.0,0.9027145190853223
1,0,0,1,0,4.8503024958445575,0.07720904218136328,6.218764258045728,0.004527270943523317,9.913335054121953,1.0660671618319775,0.4493290728554139,92.8043471259967,16311212897.043747,0.0,0.467783628105478,0.9039391509835587,0.4172323552850928,0.3429810980954781,15126232.397515211,0.08704141914837295,0.31246809567440803,0.08274071471511642,1.0,0.4418232388664475,1.8961653039492312,0.9039391509835587
4,0,0,2,0,0.3115378634261791,0.05986718438219737,2.3622959368051792,0.016562553629696795,7.055858033309909,3.417830187496057,0.6235348864180322,88.51417200444263,11321127571.029577,0.0,0.4582055956639825,0.908109959761543,0.4280612871894863,0.3575295809239601,14495930.897916358,0.09161823279515992,0.30732325854114706,0.08686897360426293,0.908109959761543,0.4191899944188953,1.0,0.908109959761543
3,1,0,2,0,1.1336598997480034,0.08841153455030719,2.582039246948259,0.005326476963910215,0.7646273341868937,1.7946742368347606,0.38555586739804887,115.86754421205224,9256644793.262266,0.0,0.4551063836768372,0.9107489746475872,0.43293924767304587,0.35478717199624227,16015244.520540312,0.09371819608785147,0.29458148587706057,0.08866885000211472,0.9107489746475872,0.456694225643887,1.0,0.9107489746475872
3,0,0,2,1,4.559693534297397,0.03477463025975131,0.6502249358828707,0.03032734442408157,5.2553829054801655,17.101227136879515,0.21331408535366037,77.29802798931655,16225095472.390314,0.0007652016094806044,0.40196298787794826,0.9121275404415196,0.4860978897711907,0.41584960966006773,16748017.949298002,0.11814557922000235,0.30183284413973577,0.11124169521504008,0.9121275404415196,0.3931984105963714,1.0,0.9121275404415196
0,1,1,2,0,3.9803791317777604,0.03660128056658929,7.3418188914255635,0.0022823746590499017,9.038492451349619,16.802125145856213,0.05849648316706753,63.086548401461194,19767382258.407608,0.0,0.5504950163034209,0.9123918274055076,0.3516986460146942,0.2376166180482296,282412.25027158036,0.06184596880428459,0.42183981585482444,0.05846118187905009,0.010852801624398922,0.3281188810045134,0.011894891315784938,0.9123918274055076
0,1,1,2,0,3.970225569215716,0.03718675941857602,7.213099085531451,0.0022683114722873107,8.78019561737425,16.890643440986242,0.058817569792108906,63.15571757695789,19729315754.120316,0.0,0.5504409483542467,0.912726819581183,0.3518577040199337,0.23779776570465005,283511.33110780263,0.06190192193908964,0.4222920214744996,0.05851384343596736,0.011225969616673433,0.32725607294740977,0.012299375208262886,0.912726819581183
0,1,1,2,0,3.9702234872765967,0.03717716813771971,7.215493813513804,0.0023011858528081894,8.779925190376192,16.891626471041217,0.058820927183953924,63.15362750538038,19729649856.753258,0.0,0.5502752835703361,0.9132602894793763,0.35215683659970703,0.23810365809980966,286400.3410670592,0.06200721878195637,0.42315647115627764,0.05861166446968777,0.011242921015308065,0.32745863180690316,0.012310752087685027,0.9132602894793763
0,1,1,2,0,3.9702234872765967,0.03717716813771971,7.215493813513804,0.0023011858528081894,8.779925190376192,16.891626471041217,0.058820927183953924,63.15362750538038,19729649856.753258,0.0,0.5502752835703361,0.9132602894793763,0.35215683659970703,0.23810365809980966,286400.3410670592,0.06200721878195637,0.42315647115627764,0.05861166446968777,0.9132602894793763,0.32745863180690316,1.0,0.9132602894793763
0,1,1,2,0,3.9702234872765967,0.03717716813771971,7.215493813513804,0.0023011858528081894,8.779925190376192,16.891626471041217,0.058820927183953924,63.15362750538038,19729649856.753258,0.0,0.5502752835703361,0.9132602894793763,0.35215683659970703,0.23810365809980966,286400.3410670592,0.06200721878195637,0.42315647115627764,0.05861166446968777,0.011242921015308065,0.32745863180690316,0.012310752087685027,0.9132602894793763
3,2,1,1,0,2.605748366760697,0.020351307841697714,0.20098968587640034,0.030650722452133426,4.845107851637099,17.907836219380425,0.4413903410079403,64.85585024781,10270795848.47307,0.0014244229333759662,0.44634803263355394,0.9135745797050346,0.4294280707829918,0.3584261136697175,10062078.834347516,0.0922042339882011,0.5219087878894517,0.08686457469455604,1.0,0.42928468063123226,2.0890774807462122,0.9135745797050346
0,1,1,2,0,1.2034579717981257,0.018955701877085143,0.1491012041228933,0.0964735206382959,5.403153676753491,13.69285013734514,0.460693568173347,79.98686768699702,14156627868.728409,0.0008800349257298574,0.4568043692175676,0.9154441902584965,0.4235503012092233,0.359651159328623,11107401.343225967,0.08969742882721189,0.47366217991858073,0.08507100081321073,0.9154441902584965,0.3983377294214878,1.0,0.9154441902584965
4,2,1,1,0,1.4510373357370596,0.03953943087558794,0.7884141817013965,0.027353468895966116,3.9739813043310006,3.420140434421498,0.7145592578040079,96.0202741422031,18126077371.016117,0.001098075512929244,0.4512837442710731,0.9156041584740258,0.42852327556683467,0.3666858916263622,11243997.481082596,0.09181609885126467,0.47629575589495754,0.08708600411620625,0.8704122332728629,0.39040404626716235,0.9506425077006191,0.9156041584740258
3,2,1,1,0,4.6950113125364314,0.019574842388492584,0.17787166416496022,0.031021300903945427,8.077212065326862,17.664753688887597,0.42761128677529986,63.04792367860432,10262056903.007696,0.0014497827948114082,0.4944730568883178,0.916980555734592,0.388579621770127,0.280659967123134,1267027.5874851055,0.07549706122750748,0.5367256452672159,0.07082178549214742,0.916980555734592,0.49090924876784797,1.0,0.916980555734592
3,1,0,2,0,0.1992136614083809,0.051924315497076635,2.9652008312543514,0.004392810746054533,1.0732380459797772,2.0548598244505407,0.6935471744285029,128.88041864401592,15468876280.391623,0.0,0.5063462061316197,0.9221299324579776,0.3912139693775555,0.34919177490377695,12307643.557035787,0.07652418491807146,0.37048076781329786,0.07379980168517276,0.9221299324579776,0.4842162167336306,1.0,0.9221299324579776
1,1,1,3,1,2.116650339458684,0.007135812731222017,4.952471923820879,0.002691457023101889,9.884689608817489,14.26527903544519,0.5141574577208508,104.87729399987096,13793878142.959663,0.0,0.5579610560384467,0.9232032281948453,0.35197131497468204,0.24388338252688785,274817.71066196443,0.061941903282503416,0.4122220078182022,0.05856468346250566,0.9232032281948453,0.3824536846956142,1.0,0.9232032281948453
0,1,1,2,0,4.11574327853455,0.01956087919999531,1.3415507940724412,0.007692804035487151,9.96865306089415,15.199087601179881,0.036875366064060264,88.49070773445719,17674802999.883904,0.0009323022280492047,0.4577423442769326,0.9237465695036617,0.4257897292887898,0.35922347167343793,10755920.386117153,0.09064844678391043,0.4943066178449791,0.08575222957364045,0.9237465695036617,0.4097397330176219,1.0,0.9237465695036617
4,0,1,0,1,4.5528994727898,0.09570045479775985,6.56534106201765,0.0030118149847637213,8.188258885607338,2.189961613060269,0.03572460622291447,89.81906004291423,16601918240.852892,0.0,0.45728430302262923,0.9243824487046047,0.4361732689349909,0.3740868456107545,15115104.310874738,0.09512356026671796,0.32628092425217126,0.09053279302908379,0.9243824487046047,0.4863102671053609,1.0,0.9243824487046047
5,2,1,1,1,3.6101430354806676,0.07527374307642849,0.7966023832037713,0.007857208807292775,8.577441636905839,14.357929338218904,0.793376083973959,95.88288653347362,14279287951.10155,0.0014326789753123469,0.41310177464274145,0.9275522124133985,0.4781879924362032,0.43594673112809906,15217048.012238067,0.11433187805508317,0.3820471892856122,0.10871077942588196,1.0,0.43378648457152175,2.520738699307377,0.9275522124133985
1,0,0,1,0,4.886250946433592,0.0737804473746999,6.197107061807358,0.004297743244634422,9.698577493521773,1.2842684474239945,0.42178029575826137,97.49849240533591,18167096233.114834,0.0,0.47034217401522993,0.9286164707572669,0.427018739448769,0.35063460180338824,15368258.15589814,0.09117250192020783,0.3200382606201393,0.08651174198699303,0.9286164707572669,0.44055882707076977,1.0,0.9286164707572669
5,1,1,1,1,4.555698903473143,0.03633841285078915,0.787747905303782,0.09159294851189131,8.216920817119945,11.549533703787397,0.09766123302560505,120.24447118341274,15117015437.07404,0.0008031024182691404,0.4327568565241577,0.930067766948651,0.45909054243830755,0.4061733279395479,14650495.702324491,0.10538206307814972,0.3861421036698409,0.10037597504877813,1.0,0.3781580629871594,1.9530019096987288,0.930067766948651
0,1,1,2,0,4.456386396545124,0.01710585091640176,9.49835761743287,0.004321572433509362,9.21288372556367,14.547802220652443,0.19929264688955106,67.76125807707538,17766925796.005478,0.0,0.5493605842474363,0.9372643251979418,0.3627777259758149,0.25626968641613007,179479.95288104194,0.06580383923209172,0.4344391234037618,0.062337712828204855,0.9372643251979418,0.3135587094343951,1.0,0.9372643251979418
2,1,1,1,0,2.819312746553887,0.05413306440340388,1.801173689174688,0.00962820516996703,9.733047390203804,17.14386970390894,0.45450404033165576,79.94585796024222,16144925970.917845,0.0011199237874071465,0.4547208222660528,0.9395002579883073,0.4356675705006057,0.36804982899837324,10846608.285882918,0.09490311599295014,0.5122533633871197,0.08958807329775473,0.2256581808219131,0.41688089430656194,0.24018958898968346,0.9395002579883073
5,1,0,0,0,3.2821524604244066,0.062211460360820085,1.0565418855128452,0.01106207620102217,6.799674759437467,11.231398922385909,0.10241570885777855,103.31522276390777,14736149724.557098,0.0011424328538090804,0.41372663215954814,0.9402630711755722,0.4897601179996472,0.40535698317317354,17631924.17988249,0.11993248659151416,0.29181391995990313,0.1121618159506949,0.9402630711755722,0.61971315580881,1.0,0.9402630711755722
1,1,1,3,1,1.2737690869888012,0.018570373022018454,3.848612690695968,0.005830088177303223,6.032782015024019,5.486432438923004,0.18264454183304157,110.9648034827387,10786071591.827581,0.0,0.5411739645062439,0.9452372220379796,0.37000482355725295,0.2605931647595276,427068.3598892864,0.06845178472781695,0.4714370125872924,0.0647164621806684,0.007308236856298228,0.38892763741774544,0.0077316431112830035,0.9452372220379796
0,1,1,2,0,3.057492274097487,0.06650146537634942,1.146761040920686,0.006721389907532849,8.646041171055534,16.21262748196021,0.1258063627304662,108.55329021592465,16095663346.122858,0.0013573657033868188,0.4457747589101734,0.9463376674987015,0.4447037713093238,0.37156058629504324,9894316.458555609,0.0988807221083677,0.5650527582658286,0.09260266833383592,0.9463376674987015,0.46564079122029695,1.0,0.9463376674987015
0,0,1,2,0,3.879861992392557,0.03875898495667792,7.37253488489553,0.001776914932343425,9.071365447772946,16.839451452431614,0.0604883192202118,63.12859247784811,19961413435.636467,0.0,0.5419832106317446,0.9523795493062875,0.3717404560723881,0.25656881002755927,447061.5390892205,0.06909548334045355,0.486813741796983,0.06512181691018572,0.9523795493062875,0.3362942951651037,1.0,0.9523795493062875
4,0,1,1,2,0.23684066640950568,0.09175528786163596,6.757836983556004,0.039134577815056706,4.512243952580891,14.310372194919347,0.45212138706711275,92.84721755950854,13492217912.1193,0.0007805074116629975,0.4574072694395359,0.9526375616717917,0.4479132805845864,0.38432037920082596,12700577.35118471,0.10031315346202321,0.37300979771880804,0.09496160816023985,0.9526375616717917,0.4690253517066113,1.0,0.9526375616717917
4,2,0,2,0,4.935719978286643,0.09271646846541473,7.6144849320293755,0.0023967334984363923,6.491640977657355,6.889379628838969,0.7131509207881412,109.35117330796022,12202876404.483006,0.0,0.5018296428470272,0.9538368664292574,0.408753485270211,0.3492763153067009,13205726.328662373,0.0835397058602723,0.3902970217185744,0.07985544338702455,0.505576797115281,0.43748436375814953,0.530045351473923,0.9538368664292574
3,1,1,2,1,1.2729714034517419,0.020290484700308364,3.3708107782448806,0.009216011157196558,0.4321725205140494,7.799304224268612,0.5364798283899733,103.68814009670355,13399056958.109655,0.0,0.4511324986347034,0.9590647367657885,0.46204983764305496,0.37403362550920627,17188557.668797716,0.10674502623298672,0.2881297406200154,0.10012044424339593,0.248383295337971,0.4929415410396794,0.25898491083676267,0.9590647367657885
0,1,1,2,0,0.14463145171406247,0.018584620153576693,0.5430087963711249,0.06131753841776885,3.744404642703185,16.664571058739906,0.4243022572621237,76.4122871115337,12633875333.218761,0.0009447529324722859,0.4670686945160105,0.9623183386180714,0.43686971265913827,0.37155738787860476,11555296.674835786,0.09542757291943903,0.49574298851941745,0.090287436981692,0.9623183386180714,0.40593182833529723,1.0,0.9623183386180714
3,0,0,1,0,0.20253752142473916,0.08049570254297386,3.770524131216545,0.08924874978953291,9.79571416061324,14.491515367550297,0.01136431564881879,85.37427909111264,16638733337.852095,0.0008504951167837228,0.4761498106597968,0.9659294357298533,0.43741972483426833,0.38745575780116104,10369352.087995369,0.0956680078370435,0.37467076944293065,0.09125119116005842,0.9659294357298533,0.379105369194515,1.0,0.9659294357298533
1,1,1,3,1,0.19477903727183288,0.02861520740730186,2.506875800471168,0.008060120051351809,6.355931571129304,2.1767523765692527,0.28464157768097936,117.07984219823466,17853818257.469852,0.0,0.5543446839180334,0.9695720566371369,0.3716371117947804,0.2660268754400147,487703.674553703,0.06905707143158304,0.4674930545063958,0.0653283793318232,0.9695720566371369,0.38930742325276435,1.0,0.9695720566371369
3,1,0,2,1,4.771010423613219,0.08519232800516949,0.3258399660224298,0.0022813835988866127,3.0043514327441203,6.391928696919674,0.48444911562871096,122.4177868471334,11281767338.698893,0.0005546300637690333,0.43597929896648147,0.9724979859575027,0.48517568484572554,0.37465560309001306,18307218.99698075,0.11769772258275939,0.27049628546654403,0.10927898305339774,0.9724979859575027,0.46470442335013656,1.0,0.9724979859575027
2,2,0,1,0,0.9176710464613315,0.022066593343555214,0.3415281803425486,0.020437097366808373,3.1247971307614533,5.9560304723412045,0.5098392994325153,126.96650618093744,17010498559.11187,0.0014155131515563154,0.45738360605687034,0.9773288384453405,0.4508314731976542,0.3785029825483943,10942967.719204137,0.1016245086127836,0.5439682865266523,0.09549559636143909,1.0,0.45367038714749663,2.0224238505449414,0.9773288384453405
3,0,0,1,0,3.692495146475408,0.046653562214451966,5.6229042347855716,0.09065322898724364,5.7663358927797,16.024800984751106,0.01161454110367898,96.51889909286177,14308928680.076662,0.0009474215152670426,0.45913131493002435,0.9791162236549203,0.45972370476450003,0.39576340833833523,9873473.8909279,0.10567294236119859,0.3755839339859792,0.09956559001213303,1.0,0.49398955924630195,17.263209616757866,0.9791162236549203
0,2,1,1,1,2.857386113639177,0.024809068365799044,3.361225037378241,0.007561593403391853,7.120940654377351,4.275227074664021,0.671970364512456,127.34103980745805,18064958688.469193,0.0,0.45630057573424077,0.9815884497300083,0.4685259622801389,0.3691024427764696,17562122.73144565,0.10975828866526506,0.2914645786626292,0.10257544570262773,1.0,0.44540857450211785,2.7367130360444247,0.9815884497300083
3,2,1,1,1,2.043331211042883,0.06215908944033854,0.6146058779514667,0.049848071688784974,2.678265311630803,10.88913040006136,0.258989398387867,71.09671124630114,11377668808.096941,0.0014737776535198887,0.42772394334158675,0.9820197421147361,0.4890980450467314,0.44951304405836406,14813995.898951953,0.11960844883426723,0.44229482475593673,0.11358865738296559,1.0,0.48444776282260293,6.9772367276189895,0.9820197421147361
4,2,1,1,0,0.47670774547035777,0.06809418556707147,0.7823307858966273,0.030972195421155917,6.2129897899172715,3.8991171970597036,0.3152513509158858,80.53539759011751,17653617947.332993,0.0014584196274370043,0.41275080656324326,0.9821887419278612,0.5138522907046483,0.427183757319537,18369497.988451652,0.1320220883312072,0.2973802590119189,0.12278004995436817,1.0,0.6745006038601878,4.267238362410619,0.9821887419278612
1,1,1,3,1,0.10471019583873223,0.044378322627695935,5.622092890956694,0.0024388375078527036,5.81463870372482,3.9462690039630535,0.09934965258075037,108.41049012004383,10762915210.34827,0.0,0.4238950943207411,0.9842740672476102,0.504044360245603,0.40669496885787726,18561669.0457203,0.1270303585476996,0.27412920182811695,0.1179796617171438,0.9842740672476102,0.5068659751691903,1.0,0.9842740672476102
0,2,1,1,1,3.0900857793732364,0.013180836790325407,0.6053433699235409,0.004929677090787272,8.992851499514368,9.67238366034587,0.5927071603879336,121.19833684230726,17135814960.376175,0.0008300258520110284,0.44677008512583827,0.9913272685243283,0.4751493140234834,0.4250962703507153,14783458.015489403,0.11288343530849343,0.4281108661333428,0.10723890991853463,1.0,0.40298163516440916,1.2974407699291872,0.9913272685243283
4,2,0,2,0,2.198926778432094,0.06968211991297024,3.217329626688636,0.07887166258170121,9.201117718062811,16.106119216356188,0.4103463532913057,113.08181046894497,10218769140.051834,0.0007989926668239604,0.5112898930581494,0.9926217452320184,0.41884761291289196,0.35997165817585,11219839.929445088,0.08771666142141389,0.39965941481679335,0.08376935276268054,1.0,0.35727248012015905,3.9928651584541486,0.9926217452320184
5,1,1,1,1,0.16786267514375458,0.05652292571460995,0.7428257392282015,0.02161917006746214,4.213189442294141,11.07446548794845,0.6563674700896033,113.7864308306918,13807397457.580257,0.0011768638870856402,0.43153600361742556,0.9941812696683388,0.49201904032846694,0.44639215979792585,14981381.472454514,0.12104136802287278,0.4350644060965072,0.11479264469578687,1.0,0.419273389969135,4.37085016955806,0.9941812696683388
0,2,1,1,1,3.0604861481235477,0.013922259768443399,0.3299973875008384,0.004109761005334533,8.949961869002268,16.590160212584458,0.26887997529494523,122.52759691983998,17233719958.122948,0.0008412429864209046,0.4480357564553511,1.0019961266479867,0.47935356683587854,0.42947554450740577,14966672.325945096,0.11488992101913953,0.429767624839702,0.10906769834778363,1.0,0.40315506390797634,1.6959991744371297,1.0019961266479867
4,2,0,2,0,1.129831983620179,0.08842231446175346,5.633846505512696,0.06662800013507435,8.18490517322477,18.56717912238895,0.6678739705750668,126.89615682139254,9816056283.253868,0.0005952746874268483,0.49857654829661513,1.0025311802685912,0.4347847970525062,0.37249035835363176,9636830.548991295,0.09451890987399451,0.38985683222772516,0.089769281567739,1.0,0.37590046149211515,7.642486546698419,1.0025311802685912
0,1,0,0,0,3.7493197895010875,0.06019617884122817,4.92607133163127,0.0025764034767424126,6.882264092000256,15.53648422986258,0.22589516923930072,127.90795927650524,10749376461.22316,0.0,0.5802166626457367,1.0046857645670213,0.36841603491963004,0.25112223478501133,324516.0082655802,0.06786518739295104,0.4738878504934485,0.06389632678693882,1.0,0.3617273782995446,1.0,1.0046857645670213
5,1,1,1,1,0.7353187977079872,0.07644241839798907,0.1859605076137875,0.01478544212632224,4.946761199423492,16.570045473465928,0.18648360603140426,122.11809567322763,10972815049.918304,0.0007049622705291408,0.43755042755195406,1.0052059556577817,0.5004946943561722,0.3919061936543906,18818541.037676204,0.12524746953933913,0.27866818152740047,0.1158587714136055,0.14358619915527954,0.4660980472151766,0.14284256708499135,1.0052059556577817
5,0,1,0,1,0.18979484939588911,0.041375331006231204,3.1030008069787915,0.03829033729561906,3.574663669208763,8.042739815986382,0.5668468715726679,87.02376574734245,19866642295.130608,0.0006416628879876939,0.47424574625018634,1.006637289477753,0.45815044849153447,0.37770715109147684,11666161.244751222,0.10495091672649708,0.3971107208198843,0.09839786285003321,1.0,0.42144210535403615,1.0,1.006637289477753
1,0,1,3,2,4.289369188644178,0.05709306718721907,0.5492435986973863,0.005651298965456768,8.37788647223242,1.4023705554732047,0.11285043687124993,81.00977973252378,17503608517.61181,0.0014231740646631482,0.3744756582204416,1.0091347728374154,0.5740766135921949,0.49844490380823336,18780892.105993032,0.16478197913674109,0.33565008918669703,0.15190303298960392,1.0,0.7483286671915196,1.0,1.0091347728374154
2,0,1,0,0,0.25696008360549155,0.08372636254380861,6.750287811038565,0.031931967483829524,6.71204080907031,4.786196577866009,0.4141186978287892,92.01552591391248,9055492545.477278,0.0011327071105263161,0.46219175595447215,1.0093566721914826,0.4741941997802032,0.39972361736521017,17111917.427945785,0.11243006955259364,0.34105537584184886,0.10567934965942777,1.0,0.4656701801239354,1.0,1.0093566721914826
0,1,1,0,0,0.13771203646549587,0.05573992913346736,4.143917573647793,0.0866968497225439,6.723573001312864,6.75247241151052,0.022574255497828988,86.19057089815428,19999305466.043343,0.0007198386839176061,0.5255168514746034,1.0109885522670172,0.40517217708940356,0.28576706723026557,1147717.3142101262,0.0820822465436835,0.5856994402516003,0.07658960136012909,1.0,0.4198764757656208,1.0,1.0109885522670172
5,1,0,0,0,2.2039273839145026,0.02719108443309024,0.6651676178519231,0.016411948878406996,3.707463612234884,11.001043677538238,0.23565094399923217,105.68353682565545,18666537205.112946,0.00144994263304871,0.45806424962560777,1.0141783544302847,0.46605512670694693,0.3972897622430242,10699080.424442898,0.10860369056491417,0.5969683165650781,0.10153382667064341,1.0,0.4916912110385406,5.894525692641135,1.0141783544302847
4,2,0,2,0,0.6536476943030733,0.0978040607479532,4.805392829756455,0.0014288618035637791,2.0774900346539416,7.716134050027713,0.7665130881624898,115.65712715947751,10754291447.435884,0.0,0.5487158022998531,1.0155526180978454,0.3914731875242063,0.27721179750785446,268259.9507880759,0.0766256282751812,0.5470221192120631,0.0721108507229277,1.0,0.32059482276336987,1.0,1.0155526180978454
1,1,1,3,1,0.525787631292652,0.005735049357890829,6.383649851233414,0.0032295156474579914,5.336612519992244,3.993965534722665,0.4413048912522172,128.15784020984918,9243704887.023712,0.0,0.5760488808644864,1.016329571472938,0.3780360963034333,0.2655105730251412,9951.43840412005,0.07145564505416936,0.44256887124898125,0.06726414902688974,0.48276395444312364,0.4128453907246128,0.4750072889677582,1.016329571472938
4,0,1,1,0,4.610041597327474,0.027164132044046704,0.43937647553472725,0.02999862929819503,7.812260578755683,16.825862465138986,0.4576738065225637,70.58550571311224,17080864931.536947,0.0013967146600117775,0.4621556782565873,1.0199966137572993,0.46630227469291413,0.3974778290648783,11238783.848314278,0.10871890569189296,0.5741766503267928,0.10184215236093608,1.0,0.4735794854073615,1.0,1.0199966137572993
0,1,1,0,0,0.15958066367665233,0.05657784313152268,3.993024946731996,0.08810288852267664,6.688699172512569,6.56680863740534,0.027703501800555665,86.98367616446895,19923436175.042652,0.0007002294685634268,0.5294179186210788,1.0216306261003545,0.4066138597830318,0.28659458093302964,1138942.2992806328,0.08266741548382751,0.5911570107268471,0.07709074206205328,1.0,0.4207447714060563,1.0,1.0216306261003545
2,2,0,1,0,1.459727119197821,0.04146889450351038,1.1132326530594037,0.011388120350757498,7.30512109202777,12.647096612235373,0.13352152949410032,112.72060680060613,19506882705.90301,0.001389532730459252,0.4659086832791506,1.0229456850465075,0.4638140920002173,0.39507655642211625,11083477.998606069,0.10756175596899302,0.5797708326796944,0.10077076557867909,1.0,0.47804472399974884,1.0,1.0229456850465075
5,1,1,1,1,3.5423269681088136,0.0929598540572271,4.869747001420428,0.06822913821419771,3.6424305850218825,10.849126321243556,0.06520456304954468,115.73919757956533,13474028778.300858,0.0006487455195643735,0.4867851760276971,1.027203352799606,0.458188414597745,0.3854874916546464,15865484.147420034,0.10496831163579755,0.3718493867218715,0.09910580629592362,1.0,0.418817786520145,1.0,1.027203352799606
5,2,1,1,2,2.6121306212088946,0.015780668277158218,8.31638748447114,0.009885394884688233,4.162447289216544,15.827907563417842,0.4622430251075978,75.29015200032617,18454878524.42254,0.0,0.45919501178563416,1.0298483404940613,0.48901817332960884,0.40498943733410225,17882288.562220898,0.11956938692331369,0.3162378769706602,0.11167820882815441,1.0,0.42516550342771614,1.0,1.0298483404940613
4,2,0,2,0,2.11858109544465,0.0978040607479532,4.986230874886017,0.0014288618035637791,2.0774900346539416,7.716134050027713,0.7665130881624898,115.65712715947751,10585126757.786913,0.0,0.5590921814517323,1.0298658684027628,0.3899394772801176,0.268410179505048,334973.25209711277,0.07602639797074566,0.5486707778497535,0.0714612087871121,0.9264769902076416,0.34085357236232133,0.8996093749999999,1.0298658684027628
0,2,1,1,1,3.0900857793732364,0.013180836790325407,0.5078417288053928,0.004929677090787272,9.148981168954672,16.423675873885355,0.258287326721687,121.19833684230726,17135814960.376175,0.0008300258520110284,0.45007297345603325,1.032023997761506,0.49317840444239397,0.4432942522427757,15711944.869456762,0.12161246930417276,0.4250733908394394,0.11516411802471435,1.0,0.40119625138669784,1.5122789072369065,1.032023997761506
5,2,0,3,0,0.2249705256313152,0.04343556774124284,0.6412595125587022,0.020763439848490477,4.6510487162883045,1.4381397970059897,0.47986961324617905,96.36431364830412,16177739497.36472,0.0011482255699395412,0.44386044985228346,1.0334535177569304,0.4912859564842433,0.4331019584058827,12075434.303014554,0.12068094551931889,0.5846882771679314,0.11307348616669269,1.0,0.45428434950550384,1.0,1.0334535177569304
5,1,1,1,1,0.40078498511344784,0.06463457790515445,7.688580340652421,0.09970063407719648,8.429523003097342,9.29645761790014,0.09678005080121024,99.58389280644977,12914007055.891068,0.0013459727323102094,0.49242514463235043,1.0337052099390052,0.45495811130812674,0.39129481029260227,15633734.218618512,0.10349344152252893,0.39414645720447694,0.09806505147719125,1.0,0.44100280715661516,1.0,1.0337052099390052
1,1,1,3,1,1.1669700400497323,0.038184577644807684,7.229976444851151,0.002359847742516106,7.763105462058076,7.199367368380621,0.0930219182121834,104.17999184964899,18919429370.213196,0.0,0.46270873688093395,1.0343628128681854,0.48642939200082164,0.40463221457681314,17511009.117934406,0.11830677670114449,0.3406102965809348,0.11087099276102501,1.0,0.5177301052676112,1.0,1.0343628128681854
0,0,0,1,0,3.652543809715556,0.0533391218147329,1.5329622935268943,0.08912359571792904,9.812745164092004,12.573996285305201,0.10511199843739044,88.2210557397723,17749008515.11055,0.0011497185659627709,0.4541424602545058,1.0367958234799382,0.48037634103876586,0.4086168768562249,10823446.840033704,0.11538071451489636,0.6190364423468339,0.10737802370796819,1.0,0.5210989656307431,1.9996973739601385,1.0367958234799382
3,0,0,1,0,0.20443907013681925,0.06151468378292093,0.6166556619369886,0.06408191290218668,0.7672434080265964,1.6578556183317765,0.2265841560992297,94.23636580459842,17614863347.29869,0.0005115751704274251,0.45913068874209917,1.039042118546212,0.4929054849193672,0.43043350622877835,16557722.184515037,0.12147790853179827,0.33158364587984046,0.11457672511711497,1.0,0.24309211856885946,1.0,1.039042118546212
4,0,1,1,0,0.18140201093394523,0.07217957525603388,9.685542990876607,0.07632268404933003,2.28508129697437,10.26604795577091,0.5628785762884593,78.69631585885831,17320572988.251713,0.0009917667640662801,0.5209679584165803,1.040396693093114,0.4305081841200528,0.3645370516820084,7648334.215545357,0.09266864829717265,0.44494146899332354,0.08734578809094748,1.0,0.49123363543611703,1.0,1.040396693093114
3,2,1,1,1,2.729734118682979,0.061459142289073704,0.7241038935967764,0.05241795840441714,2.678265311630803,1.619229806764002,0.258989398387867,71.09671124630114,11377668808.096941,0.0014737776535198887,0.5040492168953155,1.0415262099274667,0.447907581140013,0.3760172850272124,14784044.005788354,0.10031060062134865,0.4024145163171816,0.09520655791347211,1.0,0.29779470171737904,5.308311321497328,1.0415262099274667
4,2,0,3,0,4.994422182478412,0.07252871667509266,7.148537643592006,0.08006440044029758,9.541624666826841,9.29621283672128,0.5050663606975166,124.57414792974406,17315112989.70348,0.0014158636865495293,0.5077345432137026,1.0459717677127844,0.4481847646180181,0.3725959858272413,15793604.696796266,0.10043479161785415,0.3781883946238681,0.09508891235790612,1.0,0.4780256173348638,35.44577722764918,1.0459717677127844
4,2,0,2,0,2.198926778432094,0.06968211991297024,5.002121160831685,0.07887166258170121,8.677218132070287,16.106119216356188,0.4103463532913057,113.08181046894497,10218769140.051834,0.0007989926668239604,0.5127138154248255,1.046872507454234,0.4427855415965977,0.38112174290479944,12176065.004557457,0.09802951792349618,0.40481826375317065,0.0931424070051542,1.0,0.38309108629718963,2.238167510967991,1.046872507454234
5,0,1,1,0,0.11965109453661761,0.09757734187292742,6.557665588392631,0.041645967353404124,2.3942444854610274,13.280688370312452,0.271724059724141,115.1474546881832,14672924073.327747,0.0006027451198044171,0.4845938145462162,1.0477105863533165,0.47040055232868955,0.40016641063882374,11984509.198404638,0.11063833981556809,0.36897172957092217,0.10457797210278626,1.0,0.40484447269070967,1.0,1.0477105863533165
1,0,0,0,0,0.13129459661650825,0.00591108930952096,6.421176677162115,0.03842615154983014,0.23962213498894436,17.74932495651287,0.7285329846235026,124.09246454918382,19144473696.79851,0.000703089942166602,0.4504372658017328,1.0483723042885174,0.5074439182747028,0.4251335355742364,18238711.14281766,0.12874966509699165,0.3173526430260708,0.12009074389237577,1.0,0.466421530966816,1.0,1.0483723042885174
0,2,1,1,1,2.136549467773604,0.013736464942159462,1.5123829846294847,0.00596427446078544,8.181015916646897,15.778483467401125,0.09547284643509274,98.40017532354331,16817236467.440771,0.0012455432077330324,0.44924298261831663,1.0518524182324247,0.5019957686411514,0.459462515636102,15301793.734449012,0.1259998758668102,0.4663034231276836,0.1191773908981498,0.7068346623394649,0.45878483392958697,0.6719903382712742,1.0518524182324247
0,1,1,2,0,1.2138638127460748,0.023089323563611732,8.176717863014368,0.09641696465715309,5.4184447267188105,8.191025068774897,0.6407489596275866,79.87769724976879,14129371286.56572,0.0008795306783871444,0.610593209485154,1.0518563258739047,0.3688020730634074,0.2555337553058708,155283.99219068768,0.06800748454793344,0.4530191830872542,0.0642350338147843,1.0,0.42463275724808447,1.0,1.0518563258739047
3,1,0,1,0,0.10966019032779789,0.052428906453037785,2.692269562701247,0.09006553693392917,9.655585033512558,12.556072648408398,0.12479545054219186,87.9954905922518,17175967208.811909,0.000819542452050789,0.4569593038185903,1.0535581844213375,0.5040012227582816,0.40554615020173285,13243037.817901827,0.12700861627092153,0.30613666410154194,0.11748251090997214,1.0,0.3731797406554578,30.7943460626009,1.0535581844213375
5,1,1,1,1,4.407421431756478,0.04172004705361614,1.931396969496579,0.06658540765624536,8.463875803373872,11.00769766448535,0.04144186010635761,113.4848092986739,13303180315.067848,0.000989055885766909,0.4718966264624802,1.0586384296054967,0.48859022350066367,0.40987187162690547,17535663.14106476,0.11936020325021424,0.35821447974828136,0.11181993388452001,0.06474523904797864,0.3896989777147216,0.061158972919683315,1.0586384296054967
0,2,1,1,2,3.770178665101169,0.014638360165858302,4.636843062975606,0.00528310742594572,4.587118841474884,13.03733001070401,0.6189219784863502,100.6029365916733,15481991923.219488,0.0,0.5718532143648845,1.0597151118316455,0.3961952423080279,0.2956451234120778,780265.9784659056,0.07848533501375847,0.500850047459549,0.07411470860444695,1.0,0.342003678292379,16.49380580218901,1.0597151118316455
5,2,1,1,1,3.8578599281224397,0.08879380724412723,2.2130267946201694,0.06672576553703678,6.070699098094988,13.638596275299017,0.4042652760797996,94.94003978712225,17181983634.508236,0.000532349716632078,0.5113284561568876,1.0620545395550236,0.45136370436920764,0.3895873373778098,15458645.558028739,0.10186459681094673,0.4000717313928073,0.09667151578168201,1.0,0.3570727154235077,1.0,1.0620545395550236
0,1,1,2,0,0.8754911534044,0.010794365312452005,6.627445241404732,0.09696454830071895,3.881891406655308,7.415153582303991,0.5861103866922429,79.43294161528732,14376559865.6815,0.000909028703216994,0.563545632516723,1.0675363514271023,0.40075089890760873,0.27926355459167657,785376.880501097,0.08030064148762821,0.5875703298279593,0.07483762583887744,1.0,0.40908404622067057,1.0,1.0675363514271023
5,1,1,1,1,4.4007381418083025,0.0417371566432199,1.8138376072082176,0.06664289469325015,8.885525895314432,10.980024854308489,0.05355359045866855,113.38284330868747,13320840960.977402,0.001032756231691905,0.4721604010442686,1.0687400774666185,0.4932965517308234,0.4134714820558676,17565932.333488822,0.12167074397476044,0.35964202004507717,0.11392640159441426,0.06520717653529243,0.39029658912500387,0.061013129300682686,1.0687400774666185
5,2,0,3,2,3.1561537798353503,0.05663663397686716,2.6405705177332814,0.07683982223494314,5.168884404967919,11.89150468904802,0.04776916032673314,94.98845230054783,16139653307.175535,0.0009468652815395472,0.504699906442358,1.072649279944695,0.4638262644653649,0.3788567116192807,16636679.503596624,0.10756740180394732,0.3719556344259374,0.1012831306615133,1.0,0.38056138063329387,1.0,1.072649279944695
0,1,1,2,0,3.9984619043531042,0.0379694979133052,7.358720206354714,0.0029422655499531567,9.135087906159594,16.85165369138967,0.03849674571280681,62.154801452856276,19723040297.087273,0.0,0.5570920496554427,1.0729416577221806,0.417308439221119,0.3663422841157457,13197992.489930578,0.08707316672258318,0.42590907329293537,0.08351264119865819,1.0,0.4822358997903568,1.0,1.0729416577221806
5,2,1,1,1,4.533220489761251,0.05854551434556937,6.617640372348524,0.06637122341928842,4.051766335071449,10.357203747572594,0.622339344674282,75.7250921165478,18289592137.548157,0.0013265495598372425,0.49983491457032314,1.077994856001877,0.4707518817149911,0.39668469240829013,16660239.16408388,0.1108036670691025,0.37234226008455096,0.10431518218001638,1.0,0.4611922149721051,101.29911368934165,1.077994856001877
5,2,1,1,1,3.635384174898388,0.020172704464195126,1.0723811885633525,0.004061255130330315,8.803477959881937,15.475430463747703,0.6537425450146035,121.966615151765,11956041552.431496,0.0012838060991487432,0.44045698644231557,1.0793872944961234,0.5282447107978506,0.48440578075407387,17044336.260344718,0.13952123724295243,0.42573773444556706,0.1313631184338374,1.0,0.4405199238401017,4.600204443279302,1.0793872944961234
4,0,1,3,1,4.760943396871934,0.006315469225374483,4.237174907245424,0.04819502197131663,6.448961104105839,13.30069264247831,0.7307316932567318,93.58741279298197,13331859555.573088,0.0014101781803689422,0.5222594432885989,1.0808549698782666,0.4455066309216741,0.32885842068018734,22853600.184245445,0.09923807909759037,0.4898119458619412,0.09092185563342065,1.0,0.6530335503569802,1.0,1.0808549698782666
2,1,0,1,0,0.23733941001854394,0.09592742473007457,9.35424284173186,0.0023646881214757797,8.049646462814573,7.736423278889175,0.3289529749008161,89.07970855617113,15421037974.694931,0.0,0.5560105062389725,1.083601932713726,0.42142245588421234,0.3659581685346876,12874479.690481693,0.08879844316174046,0.45003809971155784,0.08491305239131552,0.38237883628668445,0.4170333117717065,0.35287758792481233,1.083601932713726
0,1,1,2,0,0.14463145171406247,0.018308552252202303,0.5430087963711249,0.06190507670312299,3.744404642703185,2.151777086062228,0.6385902813248606,76.4122871115337,12633875333.218761,0.0009447529324722859,0.46735863347997364,1.0873111650166423,0.502103574974009,0.4253155599216195,15811128.325493736,0.12605400000084016,0.45304761455715437,0.11807203849085701,1.0,0.4430313493683164,1.0,1.0873111650166423
0,2,1,1,1,2.136549467773604,0.013736464942159462,1.5123829846294847,0.00596427446078544,8.181015916646897,13.671594501548812,0.4541580425311635,98.40017532354331,16771007492.356703,0.0012455432077330324,0.4230996922853239,1.0879812242765146,0.5605588077862008,0.4727550294196636,20505857.158489168,0.1571130884933434,0.28965533510803176,0.14387675922352178,1.0,0.5378334372069219,1.183552698704214,1.0879812242765146
5,0,0,3,1,0.1373445016113855,0.020852321875653557,0.2719701920478038,0.06894940747892732,6.469776174706601,1.441634712757048,0.05801498608425909,65.72806729173648,12872307856.365253,0.0012181349507569125,0.4148105296009723,1.0893774789171478,0.5709636047507133,0.4898602746605528,20646445.881912038,0.16299971897496435,0.2961814067159081,0.1493024564496971,1.0,0.634374526517532,1.0,1.0893774789171478
0,1,0,2,0,2.59556022370462,0.04543056462066777,5.27521827393702,0.004228803065861485,7.224903989078644,4.961974211660272,0.30560721470196556,84.72917690100066,11059890178.083054,0.0,0.6169239964545409,1.092125245468229,0.3782977939680198,0.2616175048648358,127770.99765267008,0.0715546104605352,0.4972024477289476,0.06740514914953347,0.29856912395222457,0.33935186245672866,0.2733835933114232,1.092125245468229
3,2,0,2,0,0.42799500984759614,0.08869874467018003,6.697078975955496,0.0823096637898775,8.752001855802192,14.537581770651244,0.35565300363236135,127.75476297584657,13602297963.226572,0.0005516148777105636,0.48609692455417963,1.0953751364341564,0.49275400838822553,0.4178454275782034,12617872.10473187,0.12140325639133172,0.36034030324547306,0.1135557816098011,0.7103172637296196,0.3644881128973528,0.6484694056886849,1.0953751364341564
0,2,1,1,0,4.238237443488714,0.01827980412399405,3.5293607129595435,0.007482864901206996,7.019395115810191,2.2993883101351984,0.5271104115173876,78.51428616544273,18202483310.91142,0.0,0.5989804883050347,1.1018976499390731,0.3920025022028238,0.27641257534350805,489211.8555322815,0.07683298086663742,0.5423214530907994,0.07210980251120912,0.02457218151670243,0.37843431926477683,0.022299876506734623,1.1018976499390731
1,1,0,2,0,0.8399404178623349,0.031066248045169834,2.1147745926491095,0.005320243779168481,6.678074535112814,5.360975280545554,0.32579992500208427,111.82504335993437,10144673460.755688,0.0,0.4798190437702693,1.1141864396911132,0.5094799272871992,0.4207593573791507,18476375.283419628,0.12978489815428484,0.33729045890220544,0.12071817747693475,1.0,0.47053097376255965,1.0,1.1141864396911132
4,2,1,1,0,2.423681781191678,0.04768675396848216,5.815174936361135,0.08611068673184678,0.6921367102843362,10.768962416760415,0.39454205697188083,88.0534479685628,16576030975.871176,0.001333958209918593,0.4885631899082077,1.116005077515488,0.49952888271328716,0.4208944979435108,17375346.391561076,0.12476455233239249,0.3754396192230727,0.11695833742018208,1.0,0.4509367960544372,15.648699395724627,1.116005077515488
1,1,1,3,1,1.2629596396194682,0.01637616330148925,3.944619557883973,0.005758969903143708,6.006060776353379,5.43504752504932,0.1927295295396992,112.17022511585675,10706949338.746075,0.0,0.6124223480831276,1.1184066157692112,0.39012624811097196,0.27347697035250623,35845.95138806512,0.07609924473257183,0.5286551279902652,0.0716279007576532,1.0,0.4027948159211784,1.0,1.1184066157692112
0,1,1,2,0,4.402164532844499,0.073102685690341,7.896264599635148,0.0051684189466886885,6.496993122600904,16.472353916887887,0.20668743505454656,109.93197636672005,15807239904.185484,0.0,0.6164611596752047,1.118766040588459,0.3871393565014399,0.2681687294114187,212716.39257535295,0.07493844067617447,0.5348146636384301,0.07043596088988192,1.0,0.33437181296522617,1.0,1.118766040588459
4,2,1,1,0,0.47670774547035777,0.06809418556707147,0.7823307858966273,0.030972195421155917,6.2129897899172715,3.8991171970597036,0.3152513509158858,80.53539759011751,13556065977.813383,0.0011848175944229654,0.4303105696827146,1.1221191484582484,0.5703014725010525,0.4722198803240669,20710812.881157186,0.16262188476843437,0.2917726409653667,0.14864713492429796,1.0,0.618277835144639,1.373678801154347,1.1221191484582484
3,1,0,2,0,4.178702745346032,0.09858709228259549,3.00188156711839,0.002252279879018382,8.89062163603701,4.5324599593207875,0.2606138252082881,126.93285740678324,15788332510.932241,0.0,0.5351019857154817,1.1225252746147312,0.45645460484619194,0.39415732808524967,14946135.529437419,0.10417540314264662,0.43835667261809863,0.098764606828455,1.0,0.42211170904888834,1.0,1.1225252746147312
0,1,1,2,0,1.8542440628116033,0.07331473658514982,7.896264599635148,0.007001017150595025,6.777960859996418,15.202922397298341,0.20668743505454656,109.93197636672005,15807239904.185484,0.0,0.6190188412123627,1.1250530988827177,0.3882761855487366,0.2723764273763357,150511.3061439769,0.07537919813213848,0.528436833618935,0.07095776568902,0.00975043217431414,0.33216548119967965,0.00866664176472846,1.1250530988827177
0,1,1,2,0,1.8542440628116033,0.07331473658514982,7.896264599635148,0.007001017150595025,6.777960859996418,15.202922397298341,0.20668743505454656,109.93197636672005,15807239904.185484,0.0,0.6190188412123627,1.1250530988827177,0.3882761855487366,0.2723764273763357,150511.3061439769,0.07537919813213848,0.528436833618935,0.07095776568902,0.00975043217431414,0.33216548119967965,0.00866664176472846,1.1250530988827177
0,1,1,2,0,1.8535297538597362,0.07331931968706387,7.899389159691446,0.007009919358720103,6.7782561325939925,15.208576911859826,0.20669756681536886,109.9011704778804,15806335780.035204,0.0,0.6190735736877738,1.1251649535374677,0.3882818609045771,0.2723759824695157,150252.89875085425,0.0753814017537607,0.5284656956074609,0.0709596649633227,0.009750366941952183,0.332233378581434,0.00866572222259276,1.1251649535374677
2,0,1,1,2,0.20324593724725673,0.07079294187721903,4.082507107604732,0.03194072743541312,0.8311528642946322,1.2103879845871284,0.09904132708638207,126.3510375541116,17748774187.010567,0.0006143996905902489,0.47592932749453865,1.1281277465171753,0.5192601913361503,0.4294304013223475,18711615.391527925,0.1348155731532277,0.3558090992362012,0.12521154137096843,1.0,0.39199992928606814,1.0,1.1281277465171753
4,2,1,1,0,0.5663429414322659,0.06911795717732193,0.7815995920404185,0.032789585948275364,6.244742796565926,3.774241367937947,0.31091877496286535,80.72440813911787,13270316591.04455,0.001177125233405152,0.43101916921719224,1.129521566600373,0.573420161528625,0.4746202733795636,20827705.089887407,0.16440534082375716,0.2918450989112297,0.1501370701162704,1.0,0.6142720893948197,1.3572396719950455,1.129521566600373
0,1,0,2,0,2.836166620113478,0.03411746572966513,4.694496853048244,0.004809452477725877,7.895941377912768,14.411553573414249,0.447106852800091,94.00020008641066,13418952244.987164,0.0,0.6307214665829441,1.1301561491789656,0.38329086426466863,0.26519620857659154,161248.47798049048,0.07345594331437832,0.5130306846966519,0.06907503133022232,0.17535933339730417,0.3466946923866173,0.15516380946535485,1.1301561491789656
5,2,1,1,1,3.5682878704442027,0.014701919678385751,7.212173264929282,0.00946584086520778,8.619514198471704,14.55281279513568,0.8033261294477324,94.3245913301234,14243991971.928892,0.0,0.4670168545067521,1.1306174826316973,0.5315189605439798,0.44203101579763127,19415276.10517339,0.14125620270887643,0.3257800559097762,0.13046857052622665,1.0,0.408842336166826,3.8136400468929232,1.1306174826316973
0,1,0,2,1,3.594843675040493,0.06943078724943633,0.8164986586675274,0.018538242653841953,0.9962431772303799,1.7787822955103074,0.49879974717309167,126.60634099883823,9430864699.083155,0.0,0.6229034919247112,1.1315267375973195,0.3877959325047533,0.26896810624401823,216083.688670913,0.07519284263361559,0.5356369700906235,0.07064396600906434,1.0,0.39049309566527746,1.0,1.1315267375973195
0,1,1,2,0,2.1747381138295903,0.08931399901067867,9.995631254252842,0.01569892043199493,3.9272113393923394,11.742513815412426,0.48392920213302226,117.98710940053874,15322494052.95028,0.0,0.6222754663561676,1.1325565441598713,0.38840166707026885,0.2685841711441396,81579.50782111399,0.07542792749148199,0.5396663407556472,0.07094075148755363,0.012541464717052158,0.30148579826137345,0.011073588141557556,1.1325565441598713
1,0,1,3,2,3.4113522112826917,0.05709306718721907,0.5492435986973863,0.005651298965456768,8.37788647223242,1.4023705554732047,0.10877896484387818,81.00977973252378,17503608517.61181,0.0012814466378815042,0.3806074169224899,1.1345225708942044,0.6405136959266583,0.5641609128873631,21057169.305397734,0.20512889733481382,0.32853816352189613,0.18635687243603713,1.0,0.7213793712433981,5.576676585449536,1.1345225708942044
0,1,0,2,0,2.4853796864920086,0.03143352948356745,2.693112269514154,0.005764099578163926,4.12547549761166,4.98707629865664,0.5837555716058932,95.57816150339642,9457533570.404564,0.0,0.638706792827166,1.138474430175713,0.3816970272624206,0.26275187346501083,130778.87786998779,0.07284631031048452,0.5054588200182293,0.06848398520444902,0.011918660911410677,0.34661037325002836,0.010468975495190649,1.138474430175713
0,0,0,1,0,0.10258644335721737,0.0533391218147329,1.5142781708145479,0.08912359571792904,9.812745164092004,12.938479471078262,0.10511199843739044,88.2210557397723,17773585777.885086,0.0008602814358425308,0.4784972762418297,1.140568838181827,0.5127961973432018,0.4454916434291983,14820421.130139856,0.131479970004824,0.5305185861308864,0.12302369021610883,1.0,0.47894588866646487,1.0,1.140568838181827
0,2,1,1,1,2.843219947724256,0.016668943459556062,4.737532437980929,0.004949382872036132,6.795267978703396,2.6517641137929506,0.5593771256558262,116.6655115683756,14579084627.700214,0.0,0.638843640462052,1.1406138370657426,0.3823200305266726,0.2646265409408077,60355.75573777362,0.07308430287095795,0.5075437310460642,0.06878253627662426,0.07608679573334137,0.3500079341914981,0.06670688471487997,1.1406138370657426
0,1,1,2,0,2.5549061998803606,0.010524786403932927,6.627445241404732,0.09696454830071895,0.9803960012917262,7.415153582303991,0.5861103866922429,79.43294161528732,14376559865.6815,0.000909028703216994,0.6064620720783187,1.1475798752137183,0.40262151747359975,0.2809077326877972,489032.1561094755,0.08105204316637209,0.5899405086850233,0.0755993154995356,1.0,0.42505303984842024,9.198986150285231,1.1475798752137183
0,1,0,2,0,2.9998040698825124,0.09078096610868493,8.407625280174312,0.013960101444850584,3.4213715250910637,3.5101199404726424,0.6824543211982886,125.87427911518438,13062661637.568363,0.0,0.6213403960229793,1.1546349884557288,0.39675834043642355,0.28054514108888867,292225.48545389966,0.07870859035293248,0.5584581403767919,0.07391400571147966,1.0,0.3397701502179052,1.0,1.1546349884557288
2,0,1,2,0,0.2902697590106521,0.08437079984230592,7.037339131739129,0.0318873703597637,6.986171723495865,2.115680103726681,0.2738944205456685,82.47953971675022,9270713664.416193,0.0013845518868990355,0.47084519844429606,1.1568911894113627,0.538621859046772,0.4537628290855448,19395517.597823862,0.14505675352150035,0.36066930472206915,0.13415665820981812,1.0,0.479385534602838,1.0,1.1568911894113627
5,1,1,1,1,0.7728689177895487,0.09993037935217906,1.3548739086622288,0.0010555525385597775,0.8381051808254891,18.843263319342995,0.7749699967021938,117.29111526423058,10810883677.704273,0.0,0.5801616658551798,1.1583151944648977,0.4294073445827934,0.32509419236189474,1853958.1744598465,0.09219533379082293,0.5427172420247446,0.08504631376289855,1.0,0.2924278611141077,21.367862276867413,1.1583151944648977
3,1,0,2,1,3.9682192149945865,0.05784502875578645,0.6253495917434128,0.0093937111204976,3.4413766436395385,2.8377594127103345,0.41880348334928097,103.71165994351786,13086075602.160637,0.0011216235880304082,0.4328993353482164,1.1602886903900929,0.5874394769860308,0.4896239051156125,21498703.150849596,0.1725425695608107,0.2946523601801242,0.156648315632025,1.0,0.5295812949683094,1.0,1.1602886903900929
0,1,1,2,0,3.057492274097487,0.06650146537634942,9.416824955248032,0.006721389907532849,7.836617921599824,16.21262748196021,0.1258063627304662,110.04017977866683,16095663346.122858,0.0,0.6295252757696869,1.1651783812162018,0.3951222514769349,0.2738450009606755,165081.6563242556,0.0780607968061011,0.5612027628621348,0.07326636967082636,1.0,0.32628251798694996,1.0,1.1651783812162018
0,1,1,2,0,1.9808974865986586,0.05617557019302248,7.448550075920213,0.009095096495563264,8.59182702858793,15.856503990771223,0.059583683815030965,103.24743928366458,16454980502.516148,0.0,0.6351157259109577,1.1653093944054733,0.39295952151202895,0.27906893681979905,104835.27257434143,0.07720859277348137,0.5333906528237974,0.07268477106281661,0.057104540191858906,0.3299937431437058,0.049003758543449266,1.1653093944054733
0,1,0,3,1,0.39285337048744345,0.06866291724862082,7.545263346247505,0.032248279725122286,2.2737198031275234,1.3220477350423803,0.02033411777566969,90.83742606392619,19534088973.210854,0.001343902971154466,0.41563627170412265,1.170939714223234,0.614838434404093,0.5323364612977307,21956558.914048932,0.1890131502102381,0.29741591049135574,0.1715289395120231,1.0,0.6160814086345991,1.0,1.170939714223234
0,1,1,2,2,1.2836904130232714,0.05415537827820152,6.225688651697997,0.006311178952056938,6.80568425411308,5.5485646407983475,0.018863354009082976,104.39673051584344,13316527029.874334,0.0,0.4900044494067197,1.1715100012954311,0.5262533760855606,0.435331896622355,18971652.989628542,0.1384713079207252,0.3531928371401981,0.12833530342709376,1.0,0.4517147704835893,1.0,1.1715100012954311
3,1,0,2,0,3.7619792937447794,0.09710434221830799,6.087860571275041,0.005567158692018341,8.92837567302046,1.7564729741371474,0.6588220588555644,127.31612508366285,14336997116.330723,0.0,0.49645459874171516,1.1755633507690062,0.5207130588867157,0.431611533164863,18536862.702465538,0.13557104484758015,0.3704444169031954,0.12599139088290187,1.0,0.444064295868196,1.0,1.1755633507690062
2,1,0,0,1,2.8252402719052823,0.07847824487050802,1.8060337483696793,0.099332264815968,3.8039741465195833,12.014416065990856,0.46131845575746605,75.94921167741707,19148564108.416462,0.0011208442235578883,0.5122553203448093,1.176251622786148,0.5043263824996176,0.4156458407573155,13069676.44603318,0.1271725500425753,0.3929150232421268,0.1186501399302911,1.0,0.3604020821123592,1.0,1.176251622786148
3,1,0,2,0,1.0951752682643625,0.08959347399886464,2.3120852042442883,0.004670214332639703,0.4870262019875622,1.7331495316946801,0.3873416576460189,115.37392873526058,9215996730.757923,0.0,0.4604688958703237,1.1769653085309868,0.5636462271961021,0.43852639803111393,20910889.220135067,0.1588485347162,0.29852388039091193,0.1446031813417465,1.0,0.46616358329114443,1.0,1.1769653085309868
4,2,1,1,0,2.7161933878261544,0.019059724062207153,6.568987607555099,0.06639936828318098,4.462375303180973,13.69781571347347,0.7228901210075515,75.22171556575933,12346329517.264338,0.0011672171123169495,0.5525464661303815,1.177619258261727,0.4616650257042588,0.32372857198159516,24486686.799312282,0.10656729797925697,0.5158405925464654,0.09641764107986148,1.0,0.581663395215759,69.2839309702202,1.177619258261727
1,1,1,3,1,3.039772510050939,0.007704557384444362,5.242439872030064,0.002980367851560408,9.383640125098491,18.03417391453881,0.14006292504502632,109.20744507361346,10603998629.043541,0.0,0.6531827704572976,1.1780336221502117,0.38666682329281704,0.26880071497923835,84178.33106729313,0.07475561611767931,0.5190958406996145,0.07016652432771316,1.0,0.40412875401350573,1.0,1.1780336221502117
0,1,1,2,0,4.6667719733234865,0.03659193711854286,9.18772545967498,0.0055353759555442075,8.39404228465218,15.565756576838513,0.37344368129484495,91.82993145016749,16129904394.653214,0.0,0.634892411962845,1.179986510995945,0.39669916873099603,0.2736216951880213,192411.28758152746,0.07868511523593162,0.5708308947200424,0.07375236047396609,1.0,0.32610038230230154,1.0,1.179986510995945
0,2,1,1,1,2.308090832318937,0.006111406890366831,2.5687484767753763,0.042603964040761666,7.474859304531159,4.143685927299204,0.6825171485383338,107.46960570352977,14206960621.848251,0.0008244151750872354,0.6184945037544234,1.1824009791748042,0.4068218166924192,0.2801964471110028,449168.19332012313,0.08275199526846015,0.6111056801959145,0.07703484816019275,0.9838655436767596,0.44674424945457264,0.832091279528031,1.1824009791748042
3,1,0,2,1,1.4920198661221018,0.05784502875578645,0.6253495917434128,0.0067619191995506546,3.4413766436395385,2.8377594127103345,0.41880348334928097,103.71165994351786,13086075602.160637,0.0010188660881668774,0.4372005529456108,1.182498654503178,0.5939228182073387,0.49129604968531954,21750242.206235584,0.17637215699367376,0.2958584920970809,0.15974642170652412,1.0,0.5190241223112777,4.7165217114472044,1.182498654503178
0,2,0,1,0,1.302970457283313,0.06639977350511399,8.609027030236758,0.01419412314300916,2.038681751443785,5.149632421666627,0.38964029037608944,126.56352804615905,15017608147.828093,0.0,0.6267164899163795,1.1912523067076606,0.40662566796596905,0.28979491588279865,244664.96721883278,0.08267221692438526,0.5741031613090581,0.07755594070723845,1.0,0.3215958978542519,1.0,1.1912523067076606
0,1,1,2,0,3.0160345990850876,0.05764484254224931,6.946458951000502,0.009315141979243283,9.671238132693656,15.08275672958676,0.1485282992325288,84.0772406548669,17077599307.720697,0.0,0.6474820135421362,1.191637590723697,0.39407060817692907,0.2775691737273428,121690.28623150913,0.07764582211446737,0.5466836298659563,0.07297814592587912,0.02455269982904868,0.33510362852473424,0.020604166921368693,1.191637590723697
0,1,1,2,0,3.0160345990850876,0.05764484254224931,6.946458951000502,0.009315141979243283,9.671238132693656,15.08275672958676,0.1485282992325288,84.0772406548669,17077599307.720697,0.0,0.6474820135421362,1.191637590723697,0.39407060817692907,0.2775691737273428,121690.28623150913,0.07764582211446737,0.5466836298659563,0.07297814592587912,1.0,0.33510362852473424,1.0,1.191637590723697
3,1,0,2,0,3.090668880417235,0.026145406452984073,6.4249735912932,0.00844130269763377,2.1930521926818054,3.029720596755557,0.19547463757841219,107.74235865067907,9048825879.89576,0.0,0.4844511105833824,1.1933247830243672,0.5431163622201083,0.44743987413427505,19893032.95421044,0.14748769145560195,0.34401892395138955,0.13569216125699496,1.0,0.5214145422296464,1.528175387714409,1.1933247830243672
0,1,1,2,0,1.9188758949473723,0.05553822619715312,7.5881640981299885,0.008404532794337921,8.596585021198095,15.487889473247138,0.06127474700441415,101.52271013599238,16448849649.171867,0.0,0.6472472435182769,1.194271836204596,0.39523055449509276,0.27939314103635005,127833.29270922791,0.07810359560324924,0.5468722014557258,0.07341493752189644,0.007597907631664036,0.33164463611406403,0.006361958309098402,1.194271836204596
0,1,1,2,0,1.9188758949473723,0.05553822619715312,7.5881640981299885,0.008404532794337921,8.596585021198095,15.487889473247138,0.06127474700441415,101.52271013599238,16448849649.171867,0.0,0.6472472435182769,1.194271836204596,0.39523055449509276,0.27939314103635005,127833.29270922791,0.07810359560324924,0.5468722014557258,0.07341493752189644,0.007597907631664036,0.33164463611406403,0.006361958309098402,1.194271836204596
0,1,1,2,0,1.9189062860240702,0.05554011431384129,7.587712236973692,0.008418171469766082,8.596990676915203,15.491736003561389,0.06133281180488094,101.505021117953,16449355239.83279,0.0,0.6475747142180829,1.1950492217514854,0.3952948956674089,0.2794571829205741,127320.51250928461,0.07812902727035384,0.5471244099095964,0.07343784549570154,1.0,0.3316560094331964,1.0,1.1950492217514854
0,1,1,2,0,1.9188276301979528,0.05555134184321924,7.588483155858994,0.00843018918396975,8.595705819628371,15.486290921237606,0.061330863597898924,101.52133793456835,16447482588.760063,0.0,0.6476144250726171,1.1951404709876734,0.3953060389891001,0.2795048167154495,127280.61207748279,0.07813343223062597,0.547076573170066,0.07344288976480534,1.0,0.33166318830378433,1.0,1.1951404709876734
0,1,1,2,0,1.9133966030237053,0.05565631178518816,7.591968456305059,0.008494350080017702,8.59110548368047,15.484027430976269,0.0614146525706584,101.98315282849255,16446279486.475494,0.0,0.6479992145669604,1.1964862605041402,0.3955504432797207,0.279877838315071,126617.25951090804,0.07823007658939178,0.5473243821049898,0.07353541686678539,0.007617993003407746,0.33173873867309905,0.006366970733285228,1.1964862605041402
0,1,1,2,0,1.956191935779303,0.054757109023683616,7.588483155858994,0.00843018918396975,8.4982239611468,17.502981183039296,0.061330863597898924,101.52133793456835,16447482588.760063,0.0,0.6503301075860326,1.1982522707339895,0.3947650209703962,0.279067439315422,106853.6285208394,0.07791971089087867,0.5455788242178261,0.07325398662396337,1.0,0.33180774398582186,1.0,1.1982522707339895
5,2,1,1,1,4.924707753957745,0.019230723348008096,7.040716263624876,0.0010733203632983944,9.044084678629089,12.868908409720838,0.5421056397687845,92.25341376883004,17848199237.68739,0.0,0.5599120536968893,1.1987624957153602,0.470937220578456,0.3622975740817725,17142648.262877196,0.11089093286308066,0.4060086156739515,0.10253557098331374,1.0,0.3610945874721027,1.0,1.1987624957153602
0,1,1,2,0,2.3911019171708574,0.05553822619715312,7.5881640981299885,0.008404532794337921,8.596585021198095,15.487889473247138,0.06127474700441415,100.02729241053221,16448849649.171867,0.0,0.6497100680793194,1.198845740905348,0.39511265501447024,0.2784540431884867,132942.33449544848,0.07805700507629189,0.5507135582356772,0.0733360000068903,1.0,0.3332189742894882,1.0,1.198845740905348
3,1,0,2,1,0.8224443175914857,0.07533102648283943,0.15275694923911953,0.012612695080535165,0.23955681473828624,1.430110881494997,0.5088123701581746,105.9911970730753,10355341875.099056,0.0006171635011041963,0.47672609198439087,1.2008242684794115,0.5539247698866161,0.4603613346024904,19890080.34259389,0.15341632534697028,0.36383478941088954,0.1412976639994046,0.3699384458995282,0.3491355273795677,0.30807042763049464,1.2008242684794115
0,2,0,1,2,4.813655129768273,0.08414683380394256,9.36307326996468,0.01007209079516639,4.512920861542592,5.818655322966278,0.09824873690039475,111.78229089465971,18799905153.428246,0.0,0.6233878654036789,1.2010181105644506,0.4109341791774421,0.2894133705238864,488037.09210249444,0.08443344980811905,0.6076403070941333,0.07890042900734577,1.0,0.32890419290126893,1.0,1.2010181105644506
0,2,0,1,2,4.813655129768273,0.08414683380394256,9.36307326996468,0.01007209079516639,4.512920861542592,5.818655322966278,0.09824873690039475,111.78229089465971,18799905153.428246,0.0,0.6233878654036789,1.2010181105644506,0.4109341791774421,0.2894133705238864,488037.09210249444,0.08443344980811905,0.6076403070941333,0.07890042900734577,0.04076604132150878,0.32890419290126893,0.033942903077747666,1.2010181105644506
0,1,1,2,0,1.9958416212773573,0.05602391950002787,7.482826163786828,0.008908578368278871,8.605149191728598,15.897905796140405,0.059695389124106685,103.30396083351674,16440724618.467064,0.0,0.6519462914697767,1.204404490472249,0.3958126988929001,0.27968478399743474,114158.64278526754,0.07833384630244081,0.549484541490397,0.07361485181350845,1.0,0.3352336345902608,1.0,1.204404490472249
0,1,1,2,0,1.9062121196762345,0.05863665783645923,7.3401031763357,0.009009171788409582,8.520345515064687,15.576749044112328,0.020770169528281195,100.11682566506634,16361040662.170805,0.0,0.6505419634742924,1.205091872657071,0.39687214513725083,0.28061093255171454,120328.7627970656,0.07875374979292155,0.5520223556400196,0.07399919877869639,1.0,0.3344505776725769,1.0,1.205091872657071
3,1,0,2,0,4.239326118161036,0.07919788421556644,2.0950867905953907,0.0017512279006861703,8.881664632480842,1.6663502294003194,0.3111740607525575,116.17646363786858,18933839450.916363,0.0,0.5087363941870248,1.2061723931791026,0.5222321718431834,0.4275049341435429,18834361.57060698,0.13636322065402412,0.3841350016558466,0.1264744883277722,1.0,0.28902321643608236,1.0,1.2061723931791026
5,2,1,1,1,2.427635113435056,0.029123225849681602,1.117450353024979,0.018280531567424402,7.715564355274111,3.9738514807180962,0.1618863082238588,125.3737184354678,15468430304.00783,0.0013325708557528884,0.4292358778144257,1.2076238797029768,0.617136009981978,0.5236402045307129,22368294.624445308,0.19042842740823804,0.29815063009098486,0.1718433640162225,1.0,0.544483084680569,1.0,1.2076238797029768
0,0,1,3,1,0.6655235862938064,0.01962615614861173,1.969619157358612,0.01944888958831509,4.744737831609932,3.4551536620433163,0.23296588391539003,110.81002525398178,10583129603.444147,0.0006724568762545997,0.4184024002096979,1.2100259922343226,0.6326715818293888,0.542442573108537,22404708.44936257,0.20013666522725046,0.29676539568767435,0.1809352335877815,1.0,0.5839109691030346,1.2542107680317467,1.2100259922343226
5,1,1,1,1,2.456343766852444,0.09164026744490647,4.998057826967006,0.06776369446050239,8.831775841066069,15.831968367283656,0.06130353537639467,116.03032864957066,13343621092.813187,0.0006497888327735602,0.5213041019992588,1.2130916840456905,0.5113299824318042,0.43196563123460296,17990176.291044842,0.13072917546685456,0.4178202026059278,0.12203825307079215,1.0,0.40265090337549436,1.593066292525815,1.2130916840456905
0,1,1,2,0,0.8930485882066042,0.009889660847275255,6.621390317550945,0.09685152307788367,3.819197879884698,7.4670120827365905,0.5770890946732068,79.10935537714484,14707270720.40778,0.0009030926632013219,0.6310686240601284,1.213788476320011,0.4096212051922533,0.28165739149592983,461482.07084688696,0.08389476587157704,0.6229435653007516,0.07802877798258663,0.21962741120821858,0.41046800034530917,0.18094372742282863,1.213788476320011
0,1,0,2,0,2.7940291262021746,0.04002594089203241,4.9589950448290505,0.009859336958806468,5.66133011898141,12.656839855991835,0.3786720418350576,86.05726928643291,11676516005.664822,0.0,0.6574083395948851,1.2149806340010745,0.39604614756502077,0.27985547180308973,103479.53959806496,0.0784262755005471,0.552025556888097,0.07368440041413121,1.0,0.3410884415015987,1.0,1.2149806340010745
0,1,1,2,0,2.43528763007867,0.03706444501722442,7.637376696975732,0.010174716424418659,9.657048660277246,15.135519357103371,0.14810714342957385,102.38502003600122,18342712633.251377,0.0,0.6586687689039974,1.2168348823114534,0.395660582168624,0.27752228616166136,107710.97271016377,0.07827364814100722,0.5563675181374966,0.07348166438856388,1.0,0.33549262726923174,1.0,1.2168348823114534
5,0,0,3,0,0.3186010868670366,0.08533310938598393,6.891162703958343,0.09796491569054563,2.5717214040839984,1.2337457274973618,0.16604514259599445,115.41865018480209,12927360313.005816,0.0013774807335932195,0.48576120794395083,1.2177116323534762,0.5512852929434786,0.4676048354191413,19434954.953938045,0.15195773710788849,0.3846976791085498,0.14046473444884744,1.0,0.5577613881002776,1.0,1.2177116323534762
1,1,1,3,1,1.178004858358147,0.028956306965810214,6.346744838197307,0.0018098233003179533,9.4222484288492,10.048850470641161,0.1539118489953261,126.12478686722245,10734989471.59542,0.0,0.45713096231417194,1.2180256632054733,0.5885327418085783,0.4608009301350352,21755257.325297147,0.17318539409036132,0.2958599528988376,0.156569016508158,1.0,0.5213933619118443,1.0,1.2180256632054733
0,1,1,2,0,4.171255432926366,0.06697403505148965,6.6884765049864505,0.007692804035487151,9.96865306089415,15.199087601179881,0.036875366064060264,88.57024026802266,17674802999.883904,0.0,0.652695494688157,1.2185743162457583,0.39925037672680713,0.27828237629585373,199864.70811219254,0.07970043165824871,0.5750840191588191,0.07465824538262014,1.0,0.3471104231344943,1.0,1.2185743162457583
4,1,0,2,1,3.534389121511999,0.05923211183155983,1.1084629700682345,0.0033239815752841243,6.364502749632431,4.009961529655799,0.8262436327799592,83.44012017876375,9778290584.389801,0.0009262992718280104,0.4410167583276031,1.219041768011159,0.6084672630182163,0.49903066680503533,22260148.643097717,0.1851162050824396,0.29613435493746054,0.166920442052215,1.0,0.5060655176368872,1.0,1.219041768011159
4,2,0,2,0,0.4962755290273987,0.0843526633701566,6.6915425656027745,0.08730516163639156,8.759831079110583,13.397451312334757,0.3264663080426671,128.98020650187678,13060378315.319422,0.0005752972273245616,0.5266898718969936,1.2193017567591318,0.5086509215227079,0.43287962591975737,12189184.408242853,0.12936287998294996,0.42499281744753337,0.12081247872165896,1.0,0.370988164898709,1.0,1.2193017567591318
0,2,1,1,1,2.850262059540925,0.02433444352395852,3.3223612979946218,0.0073009931274410885,7.1252175697854145,4.2417473645994,0.6701775614544585,127.08726598952364,18086917790.24203,0.0,0.6502176558377947,1.2199473371332434,0.401731728974035,0.2834396771545574,311800.72702868603,0.08069419103223376,0.5702714381387636,0.07555496505127646,0.1650703340235979,0.36157762752894185,0.13530939328208788,1.2199473371332434
0,2,1,1,1,2.850262059540925,0.02433444352395852,3.3223612979946218,0.0073009931274410885,7.1252175697854145,4.2417473645994,0.6701775614544585,127.08726598952364,18086917790.24203,0.0,0.6502176558377947,1.2199473371332434,0.401731728974035,0.2834396771545574,311800.72702868603,0.08069419103223376,0.5702714381387636,0.07555496505127646,0.1650703340235979,0.36157762752894185,0.13530939328208788,1.2199473371332434
2,0,1,0,1,0.6477308001020253,0.013701535390655686,7.039856288979893,0.04377143277406263,8.803677505108551,13.879457283427302,0.7543730416122449,109.32815563602378,11487658623.823202,0.000970439018489312,0.5650838136377411,1.2219818492207062,0.4719547799640694,0.40917117496060396,10975606.843685323,0.1113706571654666,0.4869898749238819,0.10510956791064373,1.0,0.4758347156560525,1.0,1.2219818492207062
3,1,0,2,1,2.568148562623452,0.06694183962562769,0.8052427091051737,0.01835448455767114,7.226033946977647,3.3135296248390773,0.2683988695706674,129.13190162366053,10555019741.328892,0.0008238662300374083,0.44489379900724557,1.2230825964212793,0.6058017107701616,0.49070540315137573,22220901.691049356,0.18349785638602728,0.29610749906817047,0.1654359854619493,1.0,0.4917093627789001,1.0,1.2230825964212793
0,1,1,2,0,1.6531302925129108,0.08659587962720068,5.932378810634954,0.018098448095700874,6.427265518201808,16.779722880097907,0.16559910516229506,122.56794404584589,14669525950.366581,0.0,0.6702856585056877,1.2261036725368604,0.3920525321909262,0.27187821509768845,51651.64382572944,0.07685259399865861,0.546728278582413,0.07211461917739165,1.0,0.3411706239163926,2.852137248086898,1.2261036725368604
0,1,1,2,0,3.7707471585861407,0.061452383015137384,7.8148580610505745,0.00901750917018087,9.792667479717734,17.224815030789642,0.03247579631408603,78.26868089227885,19742099202.651573,0.0,0.6593235641615847,1.2269231562416807,0.3981253003214814,0.2769600444647557,140250.44287151803,0.07925187737803488,0.5723480616923078,0.07426706718716596,1.0,0.3372809914014829,1.0,1.2269231562416807
0,2,1,1,1,2.7477261452791097,0.022951677210780272,3.143662812266939,0.007719825737945716,7.161726701083152,4.365358037066759,0.6909686317331986,127.93595245570162,18094010233.717606,0.0,0.6532389664699847,1.2281387719349037,0.40284887449158563,0.2862058942522734,318069.29856570775,0.08114360783956866,0.5695713044464021,0.07600493681075698,0.1682776827181003,0.3677296195851506,0.13701845961021392,1.2281387719349037
0,1,1,2,0,1.6531302925129108,0.08659587962720068,5.932378810634954,0.01751606720069044,6.427265518201808,13.388540949697628,0.5948596058628721,122.56794404584589,14669525950.366581,0.0,0.6696404180021329,1.2292999663480397,0.3934249109783043,0.2732344988349355,65531.70240234827,0.07739158028914332,0.5509412999287906,0.07260490347037213,1.0,0.34124279743497105,2.8465355000424912,1.2292999663480397
0,0,0,3,1,3.6232969421428143,0.016427920404707898,0.24666189068749833,0.06073994463108882,2.6799486410107694,3.13803360568981,0.024940139699918228,105.78119596153557,12544536432.769737,0.0014340733007356904,0.4182055575668982,1.2309727143587375,0.6443162544583714,0.5605401122552056,22919474.12674868,0.20757171787963238,0.29810916045803326,0.18693328603141862,1.0,0.6836638382105853,1.0,1.2309727143587375
0,1,1,2,0,2.146767873768108,0.08855813166214666,9.995319616990317,0.014263365771582331,4.23385115890507,12.051805578684476,0.48628288072118814,115.79250311304091,15195610264.678722,0.0,0.6545112581584926,1.2332189237580444,0.4030910016363209,0.2814618342407809,98381.20534981239,0.08124117780008623,0.5840035364993743,0.07614582246140929,0.013089322018146459,0.30859902688582536,0.010613948396330774,1.2332189237580444
2,0,1,0,0,0.20222511532527804,0.08344942640403492,6.576642062391727,0.03238703517752749,6.732308424582785,4.752367978388595,0.43787691292243736,92.4615619058687,9133311560.540655,0.0011479017451570576,0.47347959116279825,1.2345699025253962,0.574507372248011,0.4754351688620767,20792690.64663242,0.16502936038365731,0.35871783938739454,0.15085300678970084,1.0,0.465770864726918,1.0,1.2345699025253962
0,1,1,2,0,3.4435914554881935,0.07064415737254102,8.095794723972071,0.009248087793459602,9.249313925137574,17.29756177694853,0.10827711067221822,94.49029696372024,19611512872.738934,0.0,0.6624345398528665,1.2370909520249327,0.3996200307842585,0.27801652870467314,123208.51224450232,0.07984808450200585,0.5769451449432368,0.07481329219292154,0.02546115410166575,0.3365726663507637,0.02058147305983416,1.2370909520249327
0,1,1,2,2,3.443724670001385,0.07069477359392673,8.091687555464791,0.009229626679132718,9.240131860821831,17.307448041679613,0.10872705817531875,94.51860858280008,19618265177.580276,0.0,0.6623615500722746,1.2370939433895276,0.3996624475976755,0.2780489054851501,123591.09907763603,0.07986503600988236,0.577076446574925,0.07482869102915361,1.0,0.3365798074998741,1.0,1.2370939433895276
3,1,1,3,1,2.0205945186430485,0.0817851627648492,1.6656453610033728,0.005034717694541675,9.7907833662839,2.6700114542536677,0.6377873644800136,125.43980216708611,13608788689.457159,0.0006349421004326764,0.45449283205203284,1.2373758668696668,0.5952799465849508,0.5321064666232963,20158822.636594158,0.17717910740309092,0.406295411073041,0.16339533775277285,1.0,0.3736945015981556,1.0,1.2373758668696668
5,2,1,0,1,1.214198300730811,0.0563840407405452,1.6154816641036276,0.07060441786498269,8.195387452944583,6.296913117999283,0.8430260198663635,105.11664686382387,11369304555.730206,0.0012476355693035964,0.4301925719945799,1.2388173514247245,0.632529319242157,0.5383101904337076,22848106.355196238,0.20004666985047334,0.29947364066964555,0.17985196844370402,1.0,0.5433140445454825,1.1244032962143937,1.2388173514247245
0,2,1,2,0,3.2975907235990682,0.08032672123776875,6.187063817619418,0.015336734272173282,1.4907486390917541,9.771166665605149,0.7921394500499336,121.43649403596179,11767418771.3855,0.0,0.6646662289944626,1.239407671301145,0.399386876981067,0.27904476415441526,101140.73002432834,0.07975493875234498,0.5702415532692294,0.07476863924606551,1.0,0.3284045290170478,1.0,1.239407671301145
0,1,1,2,2,3.443724670001385,0.07069477359392673,8.091687555464791,0.009229626679132718,9.240131860821831,18.618419795289785,0.23690919323308737,94.28896183022074,19618265177.580276,0.0,0.6647951188619542,1.239901491448549,0.3991932430481677,0.27773602786528356,107289.93072811872,0.07967762264765677,0.5753444073292145,0.07466486295522202,1.0,0.3366537178501224,1.0,1.239901491448549
1,1,0,2,0,1.2883746162562886,0.03915123215794302,0.3062754642876935,0.0015918480271695068,8.572412052938716,18.228776165291634,0.14715835351286854,110.35902051397093,11121187837.12698,0.0009712535730981536,0.44347999987497067,1.2413429521740431,0.6171786249019949,0.505468067360154,22459118.631596483,0.1904547275179587,0.29434726688206725,0.17155333930296,1.0,0.5735697382694055,1.0,1.2413429521740431
0,1,1,2,0,3.470875394316407,0.07008962642033909,8.133682753891579,0.009915626220669209,9.398875879231904,17.169594013176273,0.11523446113336633,95.95881644532201,19842054648.31291,0.0,0.665486002549116,1.2425725898958775,0.399619422165483,0.27783448311013165,112533.54559734746,0.07984784128593728,0.5773692335068318,0.0748047440119621,1.0,0.3367899710803969,1.0,1.2425725898958775
0,2,0,1,0,1.3447804924090907,0.06639977350511399,8.609027030236758,0.011909039021642682,2.038681751443785,18.975006560025548,0.6311466364225595,126.56352804615905,15017608147.828093,0.0,0.6570998134557079,1.2428583642430804,0.40518616823498893,0.28502605058085867,70530.92502339867,0.08208791546447639,0.580669273949923,0.07696869548567033,1.0,0.31938175124767393,1.0,1.2428583642430804
5,2,1,1,1,4.654270332446093,0.0714463574473235,8.220094817809231,0.05535911723338559,0.8196090018395046,16.670495834590437,0.057359110315505106,98.99432518332887,17315811465.717087,0.000526594570724216,0.5470652361758076,1.2431038993056847,0.49986445656283013,0.43704406831181997,14920860.39511545,0.12493223746742674,0.4360144261405411,0.11786912331230746,1.0,0.42433804243741097,1.0,1.2431038993056847
0,1,1,2,0,2.259372768209259,0.08928711051595231,9.95798600063723,0.015515068328553885,4.183191632936139,11.866828962561186,0.48521858632008424,116.47933898856279,15252200557.814592,0.0,0.6601631475219024,1.2445393264532827,0.40339469756285823,0.2812079525967214,90255.58925694576,0.08136364101091494,0.586764808707289,0.07623218961326557,0.013148132113978852,0.3082832572452905,0.010564657809125813,1.2445393264532827
0,2,1,2,0,3.182721914265808,0.07987132266217549,6.088975132997145,0.015101325419519696,1.4557475359901297,11.1691563561498,0.5055920885895213,121.21514091065524,11191081664.044624,0.0,0.6676500834660388,1.2467165091531225,0.400096105412262,0.27978521726945316,83894.93998285328,0.08003844678302992,0.5710214125079143,0.07503692923898148,1.0,0.33103264290675005,1.0,1.2467165091531225
4,0,0,0,2,0.11510983310333231,0.06833320918075707,2.492864274524876,0.03292010036905439,3.5103376785582006,3.4282375804330147,0.19911635082206994,129.17329802385655,17808054036.064175,0.0013005156699938117,0.49959807358212693,1.2480823658369542,0.5471498839841309,0.4774551000286601,15798393.299432026,0.14968649777192397,0.45682563754617,0.13919418116414387,1.0,0.4760170667850431,1.0,1.2480823658369542
0,1,0,2,0,2.8073739766865313,0.04066527103053696,4.937509414294389,0.008945636451192472,5.655656605966096,12.369576504950116,0.37295929281859025,85.74579767975352,11822032873.161097,0.0,0.6702391860373745,1.2494244278339957,0.39953991933411886,0.280400704813629,123310.66860760021,0.0798160735707571,0.5683923333006925,0.07481795348935508,1.0,0.345835393912,1.0,1.2494244278339957
3,1,0,2,0,1.1124828809491885,0.0881154307445973,2.289649928205128,0.004522059014196563,0.3331693519572163,1.6371383542626703,0.40450797410155254,113.69652612902345,9412324875.920637,0.0,0.4800770744852316,1.2494442102090197,0.5765552188401706,0.45017568041019224,21394749.89189292,0.1662079601859185,0.32191587713961456,0.15064853835890202,0.5261311329910002,0.4598830496578642,0.4210921373616063,1.2494442102090197
0,1,1,2,1,0.13717140444758785,0.03291670126868178,6.061000462600153,0.08340215094036339,2.691029033861909,1.5912170622703683,0.7872632362060399,88.26826044994058,18170585715.94329,0.0009501968845851881,0.6531391044256039,1.2518583473950984,0.4096777055017314,0.28555260615086925,318536.5349510931,0.08391791119258167,0.6093591075079596,0.07826613645848242,1.0,0.40982854431849347,1.0,1.2518583473950984
2,0,1,2,0,0.23395064437272958,0.08362350199735628,6.742478065457264,0.030341502417881912,6.707380016981836,4.9945856802621895,0.4183663612042085,91.94117885644904,9378541840.557196,0.0011418306236776503,0.4770944987788518,1.2521734055878289,0.5787362105289902,0.48094436504390553,20828785.443947908,0.1674678006887278,0.3658680761229629,0.1530934824880839,1.0,0.4473845732267944,1.0,1.2521734055878289
4,2,0,3,2,3.789459567466644,0.09537119378907186,0.3686240163334439,0.07680343173486882,8.82307596375631,8.589949602069208,0.047340902237201776,129.7353918004582,11081463992.06189,0.0011073133669577255,0.40901796422140385,1.2521884695471381,0.6685800167763596,0.5849156552453322,23159615.739241622,0.22349961941633864,0.3016641489590487,0.20107267145625773,1.0,0.6682599567843095,1.0,1.2521884695471381
0,1,0,2,0,3.8545626683031395,0.0746780942360023,4.2478837139955266,0.016051321612663493,5.088535659207882,5.735465930747371,0.18983306209129241,111.08607677458843,12867883006.142136,0.0,0.668536022835888,1.2527010772030998,0.4011302874772058,0.2789023808324937,205095.47128527303,0.08045275376577289,0.5817141018880896,0.07522443381833659,1.0,0.35643197487151884,1.0,1.2527010772030998
5,2,1,1,1,4.924707753957745,0.019230723348008096,7.285149613515917,0.0010733203632983944,9.044856996714225,12.868908409720838,0.5421056397687845,90.53251444260229,15772611781.232918,0.0,0.5784945867794267,1.2529988837632848,0.4765495824162043,0.3736281543476854,17705801.6935392,0.11354975225052935,0.44028173956046934,0.10487596865771827,1.0,0.3578496116912323,17.011960821558315,1.2529988837632848
0,1,1,2,0,4.351737864431988,0.055421581210994914,3.5411128575903588,0.006350317019075602,6.941583500997711,19.566564535737434,0.14552814610046735,60.36798971979281,17708443997.65879,0.0,0.6744767714668471,1.253917035192337,0.3984649257944911,0.2777227056434766,175017.93125408818,0.07938714854420466,0.5674850423314404,0.07429244031250623,1.0,0.36729429590289764,1.045281135682071,1.253917035192337
0,1,0,2,0,2.790551904535401,0.03948543576456019,4.959609739028959,0.009471632598339153,5.646895751709656,12.604916665283682,0.378793438669219,86.36113035114158,11682726624.384687,0.0,0.6732784797194844,1.2548313578471282,0.3995420817825673,0.2807649496062174,112590.38551507311,0.07981693755757384,0.5683984883403013,0.07482439849242266,0.027551521224303415,0.3462286190000917,0.021956353777747975,1.2548313578471282
0,1,1,2,0,3.7024499951558654,0.026166683380877902,8.470970432285775,0.010203005583846635,6.175373155862948,15.776463920235509,0.02421338454594201,62.92626100337815,18941488724.817642,0.0,0.6641242368133511,1.2550756975756534,0.404404906573999,0.2810368678894554,121115.04808740603,0.08177166423056244,0.5917314093401673,0.076535428891868,1.0,0.330408791674634,1.0,1.2550756975756534
0,0,0,0,1,0.7076982100430746,0.037592596623644024,5.594801135673234,0.06536053841335193,2.106683961328214,16.619176312282374,0.6271225848645238,121.17369480202812,14945492734.329926,0.0005687601893107502,0.6512894275686796,1.255189217504181,0.4122390449098148,0.2883858305464482,301014.14063144405,0.08497051507407814,0.6092426522392653,0.07930098380096251,1.0,0.43077169357150497,1.0,1.255189217504181
0,2,1,2,0,2.220206391222644,0.08781832740492501,9.905652450154157,0.018448559867684542,4.3237497672194545,12.256006671351766,0.49386458643901543,116.3379886338006,15061007740.451256,0.0,0.6675660382590878,1.256211679817096,0.40261304902784834,0.2778190811248533,68396.20177029265,0.08104863362375031,0.5900488397581662,0.07586384226536098,1.0,0.3099360088643808,1.7777887873265816,1.256211679817096
0,1,0,2,0,2.791102716149714,0.039448932974764365,4.964234163017835,0.009514063515079961,5.646364667117754,12.600092382084416,0.37891242957090243,86.33659809383924,11683169023.50064,0.0,0.6737607749179553,1.2563505509188535,0.39973521847373567,0.28084429539192307,111941.76446919006,0.07989412244412258,0.5693152464304927,0.07489099027717104,0.027582049835508694,0.34633028070583294,0.02195410334745831,1.2563505509188535
5,1,1,1,1,1.6785506457933932,0.09792068282535195,1.3548739086622288,0.0010555525385597775,0.8381051808254891,12.421735915355967,0.7749699967021938,114.71533876857262,10810883677.704273,0.0,0.5987852847638979,1.2571495891019449,0.4562919903315066,0.3459746900155669,19231550.502970327,0.10410119022034384,0.5353991351859806,0.095850137287225,1.0,0.29864614799393524,1.0,1.2571495891019449
0,1,0,2,0,4.4978800000378145,0.09214289256354279,8.382186617488896,0.014393284110792843,3.572068262705262,10.306165680567434,0.29376149760252956,120.1861992642255,15999350473.6065,0.0,0.669202922416003,1.2593627322435286,0.40281080499262073,0.28118117661639497,146776.20011642567,0.08112827230940156,0.588039225795105,0.07592762856500937,1.0,0.3377347331310012,1.4434849134549739,1.2593627322435286
0,2,1,1,0,4.238237443488714,0.018706389609234778,3.5293607129595435,0.007482864901206996,7.019395115810191,2.2993883101351984,0.5271104115173876,78.51428616544273,10776655420.63804,0.0,0.673098957781724,1.26291121439699,0.4019513882959111,0.2799473060028749,190609.0512674793,0.08078245927650515,0.580794658107323,0.07553667595573352,1.0,0.3764409607598229,1.5751065074664787,1.26291121439699
2,0,1,0,1,0.46521977989239033,0.014768009931438031,4.053511236114535,0.04439237182815189,9.770392183505757,8.578645984876214,0.5106766508393527,100.29997765879764,15484885361.14566,0.0012421050266066514,0.595603592820415,1.2644404231627686,0.46259112501657756,0.40184997344637075,10879999.410009885,0.10699527447205144,0.522152268188681,0.10112478954384635,1.0,0.47559507029502335,102.92906172962053,1.2644404231627686
0,1,1,2,0,3.815101656264927,0.035782150823437435,5.064274191941363,0.010221578940250458,8.413429886092278,17.863743587227784,0.025098815969919495,72.90071944412769,18903119759.610596,0.0,0.6822924808267268,1.2691816337667106,0.39863783762952165,0.27671164840193513,89392.64005795625,0.07945606279497043,0.5733463016842275,0.07438334754290797,1.0,0.3574127177482366,1.0,1.2691816337667106
0,1,0,2,0,2.873090712098126,0.03758992313700658,5.008865709220092,0.010958572795317884,5.362368352964022,12.372325061596591,0.38157267069232975,86.21828609944069,11807010005.863333,0.0,0.679479840643709,1.2702364439545764,0.4007298836280138,0.2805378920850122,97273.22017792189,0.08029221981626074,0.5757948732237155,0.07521043714038324,1.0,0.3482850581954838,1.0,1.2702364439545764
5,1,1,1,1,0.23883620974068256,0.09263500619909978,4.992672286149832,0.06625258106118963,8.64240291554704,11.20981244284731,0.10477433717268986,117.80073502896684,13365348467.230585,0.0006259826845875339,0.5173071109648559,1.2706622019731555,0.541588799639571,0.45301655289565607,17934837.70669738,0.14665921394751566,0.42100176463331385,0.1357975224599052,1.0,0.3782271514115757,1.0,1.2706622019731555
0,1,1,2,0,2.1725944711027783,0.08900668693478268,9.994852135937075,0.016457910094846206,3.9311827849466243,11.680195745720194,0.48347584086422424,118.00526670477153,15339231792.261578,0.0,0.6669640103592077,1.2709558087938477,0.40793861908120876,0.2835625674926843,81789.92303197317,0.08320695846894177,0.6005012431292391,0.07784724813885666,0.014147360822297814,0.30793679733052565,0.011131276732370285,1.2709558087938477
0,1,1,2,0,2.1725944711027783,0.08900668693478268,9.994852135937075,0.016457910094846206,3.9311827849466243,11.680195745720194,0.48347584086422424,118.00526670477153,15339231792.261578,0.0,0.6669640103592077,1.2709558087938477,0.40793861908120876,0.2835625674926843,81789.92303197317,0.08320695846894177,0.6005012431292391,0.07784724813885666,0.014147360822297814,0.30793679733052565,0.011131276732370285,1.2709558087938477
0,1,1,1,0,2.9201507198173258,0.033064003014436946,4.938732066902475,0.009590438417092523,5.08279383882005,9.360265846366962,0.39883982232842613,72.02809214958069,12104633045.539238,0.0,0.6722519073030315,1.273851408992952,0.4059485297646532,0.2849994160407104,168370.4837626116,0.08239710440904176,0.5918676970349729,0.07709228995125696,1.0,0.3600054358761675,1.0,1.273851408992952
1,1,1,3,1,1.3539610324105469,0.016521470618447,7.7801772437545065,0.005044381451782598,0.47404224935967576,5.657687129679211,0.20030978790666049,112.2079154033628,10804698798.349031,0.0,0.612094763999521,1.2739241747332237,0.44232488445961193,0.31950258532568776,1072144.8208000422,0.09782565170610452,0.7154627543499472,0.090283304712787,1.0,0.5464243442877774,1.0,1.2739241747332237
0,2,1,2,0,3.2630497693489007,0.08032672123776875,6.187063817619418,0.015693035528785402,1.4907486390917541,17.307108461842414,0.5048528108712762,122.42386432132844,11767418771.3855,0.0,0.68341311790665,1.2750712802571968,0.3999840118446169,0.27829430839054253,42885.80542822759,0.07999360486565732,0.574789059477634,0.07493291031416119,1.0,0.3278861701089314,1.0,1.2750712802571968
0,1,0,2,0,4.777067059835163,0.04042237271088483,5.992588713902361,0.008451984743339377,9.849559727839981,19.194979311541694,0.016645221158898542,60.682693563023875,17311962604.623672,0.0,0.6808294012215588,1.275654603441028,0.401252422374225,0.27778080944951516,110347.36906691612,0.08050175323059172,0.5859648203658007,0.07529235286740105,1.0,0.35427260803337096,1.0,1.275654603441028
3,1,0,2,0,2.374116202853758,0.0399420629124418,0.5475629541924026,0.035093279599621406,2.9390861458342497,7.570258601036123,0.3522345958314259,123.22591290831188,10213386347.401344,0.000580420449777164,0.45730234920414925,1.2777184481512687,0.6185720253539336,0.4942199846777253,22676112.203582246,0.19131567527523377,0.2990799576328441,0.17177130418911443,1.0,0.4762442466755144,1.0,1.2777184481512687
0,1,1,2,0,3.2101873743474423,0.08764908048627257,4.484710123636837,0.01650331156094362,3.8437287051865656,19.365326066370635,0.5750969482225579,93.4540051815871,16913272248.093287,0.0,0.6904719126642065,1.2780535401726154,0.39705398411111775,0.2755734214664584,39283.36087361782,0.07882593314925587,0.5649017705107864,0.0738303365307961,1.0,0.3530968471801119,1.0,1.2780535401726154
0,1,1,2,0,2.4173125661727735,0.04042325929548703,5.051771641191696,0.002350153824622724,5.378743573817865,15.486471283671943,0.0736405388549708,63.046822652612235,17611771071.334015,0.0,0.5854887247037203,1.2791391156506395,0.4793112257393545,0.41744736420704076,15762020.412929997,0.1148696255598812,0.4814759444480309,0.10872020289882489,1.0,0.4787944217304124,3.7080867850098618,1.2791391156506395
0,1,0,2,0,4.961906965730424,0.08735968884600447,8.5133191171925,0.03374190568912354,4.054417406070978,13.533288941386816,0.512664737757054,93.41436536316104,16050540096.484648,0.0005544849100891633,0.6778183956125073,1.283887508153358,0.40533667820533004,0.27778871729065674,60223.10706968982,0.08214891134926564,0.6024407132478354,0.07677268849976676,0.1299069979521225,0.3839029366223701,0.10118253906759354,1.283887508153358
0,1,1,2,1,0.13956929246141794,0.07549467507563379,9.488551061923312,0.05924913477259173,9.41571410352333,4.140560102745897,0.04897868430877947,61.41531220868737,15995992198.496342,0.0007803279080631909,0.6743261528776617,1.2845735788375268,0.4080795964321889,0.28369526323312655,208084.8399727987,0.08326447851212908,0.5998398554107821,0.07773104167501083,1.0,0.3896793428970658,1.0,1.2845735788375268
0,1,0,2,0,4.406585323604646,0.09214289256354279,8.382186617488896,0.014393284110792843,3.572068262705262,17.735791128455475,0.29376149760252956,119.39771861267577,15999350473.6065,0.0,0.6853704678428668,1.2853560641425232,0.4019884315242968,0.28115441186941803,48650.22090713162,0.08079734953968214,0.5831482583174942,0.07567485905468925,0.18778930494766607,0.3374256548537899,0.14609905394031233,1.2853560641425232
0,1,1,2,0,4.42016023304758,0.09223022710004108,8.403918350430754,0.01421798152035189,3.5564305054853,17.709584816776374,0.2907363374786041,119.14617681484393,16001833546.074434,0.0,0.685076065214007,1.2856883416424245,0.40226127729001326,0.28138115750089693,49819.2519884731,0.08090706760349646,0.5838794374489484,0.07577552806022325,0.03832982821289057,0.33785807464870926,0.029812690192030113,1.2856883416424245
0,1,1,2,0,4.42016023304758,0.09223022710004108,8.403918350430754,0.01421798152035189,3.5564305054853,17.709584816776374,0.2907363374786041,119.14617681484393,16001833546.074434,0.0,0.685076065214007,1.2856883416424245,0.40226127729001326,0.28138115750089693,49819.2519884731,0.08090706760349646,0.5838794374489484,0.07577552806022325,0.03832982821289057,0.33785807464870926,0.029812690192030113,1.2856883416424245
0,1,1,2,0,4.168181783040921,0.08900668693478268,9.994852135937075,0.016457910094846206,3.9311827849466243,11.931923805564336,0.48347584086422424,120.18522196055818,15339231792.261578,0.0,0.6808539048027592,1.2891192855841334,0.40539669512708115,0.2804471312394252,80382.67738485242,0.08217324020997979,0.5997775369456769,0.07682871215322494,1.0,0.30899061726991567,1.0,1.2891192855841334
0,1,0,2,1,4.863741740315451,0.09809275256862955,1.0135978740262934,0.014842601254948184,3.8616941513513923,7.254795624467823,0.3769390318639441,129.72521610765534,10398823834.729584,0.0,0.6917839186954015,1.2908625474879283,0.40003159267312804,0.2746111532270104,173265.251856403,0.08001263756829972,0.5792751406387622,0.07462268091612531,1.0,0.39952994297242306,1.0,1.2908625474879283
4,2,0,2,0,0.6779244115748116,0.08232719042848421,6.843780975691474,0.09160166421644678,8.64665319995655,13.24611711529394,0.302346902578824,129.06011183679678,13415494781.901613,0.0005632004170265556,0.5405418906344623,1.2927112032656105,0.5273034379860555,0.44960685330199474,12007063.935199477,0.13902445785595693,0.44703759121036457,0.12929367432304728,1.0,0.37411627373902545,1.0,1.2927112032656105
4,0,1,1,0,1.4544212192426074,0.07499011213155758,1.0429770803007514,0.03644864301621113,4.296924012772741,1.0206057247717248,0.37765501084525477,79.58837779398324,16479538985.26071,0.0005429940550129045,0.5599021748277552,1.2951905427332013,0.5093649492449146,0.44458599757530487,14719797.666521313,0.1297263257596372,0.4646714855781465,0.12212625393005061,1.0,0.2748686749820837,1.0,1.2951905427332013
3,1,0,2,1,0.9985209763410196,0.09355273799573555,1.9973811450646797,0.00541065538729656,0.5654964430377903,1.3242556387814999,0.380750548463799,114.96050115670803,9236783700.338394,0.0,0.5024581542764789,1.297302608643798,0.5721851126837051,0.4747176857743962,20862050.095004193,0.16369790158843212,0.3734415686519187,0.1494924018362417,1.0,0.45808767700424574,1.0,1.297302608643798
5,1,1,1,1,0.40078498511344784,0.06675560727801519,7.688580340652421,0.09835699278535673,8.429523003097342,9.29645761790014,0.09678005080121024,99.54567616203325,19906210333.759174,0.0006666785395152551,0.526378480035829,1.2994943207830103,0.5453691020414609,0.4566751817275943,19381051.17341975,0.14871372873075472,0.4267090976202137,0.13752628774934028,1.0,0.39214616864422003,1.0,1.2994943207830103
0,1,1,2,0,3.796918281744921,0.03735254444565517,4.8145428332036095,0.011612293696105995,8.263089652723997,17.446813286717063,0.026043946314207315,73.64020880820154,18716602158.694653,0.0,0.698429973029641,1.3100283242042279,0.40226741652126125,0.2805734709923538,73410.98096788162,0.08090953719734495,0.5858916245472041,0.0756596510985189,1.0,0.3532423499371021,1.0,1.3100283242042279
0,2,1,2,0,3.6953691030103677,0.05959503234767513,6.173696570690684,0.01298908424692772,7.801222535739627,18.807407998120627,0.5087764356445726,72.0338378856285,19601655184.918125,0.0,0.6972048802708286,1.3119020039394564,0.4034533700444616,0.2814853885487658,56586.94094791396,0.08138731090011662,0.5908363236002249,0.07612141512894306,1.0,0.3470029432772746,1.0,1.3119020039394564
0,1,1,2,0,3.953966620154962,0.03621453106707729,4.920399230185554,0.011573722472743433,8.36772669488146,17.77228503306479,0.03192266536962118,73.40639866099471,18791789276.573368,0.0,0.6989949499132306,1.3128558601826197,0.40279328970367234,0.2811114490184828,70947.60170249459,0.08112121711515326,0.5880684846830037,0.07585534585776367,0.019847485875656268,0.35556103574351205,0.015117795089017207,1.3128558601826197
0,1,1,2,0,3.953966620154962,0.03621453106707729,4.920399230185554,0.011573722472743433,8.36772669488146,17.77228503306479,0.03192266536962118,73.40639866099471,18791789276.573368,0.0,0.6989949499132306,1.3128558601826197,0.40279328970367234,0.2811114490184828,70947.60170249459,0.08112121711515326,0.5880684846830037,0.07585534585776367,1.0,0.35556103574351205,1.0,1.3128558601826197
0,1,0,2,0,3.954376121362613,0.03620173708211417,4.919738509528336,0.011583309373889362,8.36713634801112,17.76796076049816,0.03246860456573703,73.39712845793446,18788372840.880367,0.0,0.6990525723000087,1.3129697284490605,0.4027954399354432,0.2811133039795206,70842.20158713721,0.08112208321639361,0.5880935029216227,0.07585586151824611,1.0,0.35555457763355336,1.0,1.3129697284490605
0,1,1,2,0,2.0595667083504012,0.015050550772944045,9.761026789547024,0.09091199181090909,4.666514453014216,8.901022869524141,0.7320746895843304,93.15047554425115,15106670063.736715,0.000911280094242893,0.67351851494275,1.3129851355542153,0.41644103217304673,0.28477095294343785,298343.4010020932,0.08671156663867627,0.6473680918125263,0.08047200713650293,1.0,0.4441640387656585,1.0,1.3129851355542153
0,1,1,2,0,3.470875394316407,0.07008962642033909,2.684090815304491,0.013674617009333938,8.72032519568327,16.981909848792395,0.11523446113336633,95.95881644532201,19842054648.31291,0.0,0.7066605847908338,1.3130985123800205,0.39914158313119186,0.27825250110289235,66116.85763073695,0.07965700169223706,0.5673772311621477,0.07447778117046382,1.0,0.3578752584767666,1.0,1.3130985123800205
0,1,0,2,1,3.298897360513097,0.006431875882672336,1.8210300214680883,0.04495087323985685,2.2947816556270757,1.8947228950644122,0.23382096178347536,108.39829264449412,16961734949.226776,0.0012519795699695005,0.6627743779277655,1.3205918373524301,0.42590597971098426,0.2947223206582226,350708.4242017303,0.09069795177678666,0.6626296653450205,0.08409103961635052,1.0,0.5449858722774639,1.0,1.3205918373524301
3,1,0,3,0,3.7350483368282013,0.09282122673819523,9.105955024234332,0.0022567888874649097,2.628542370862906,9.972288537493814,0.11847512162680819,118.19408394875303,10641304474.77035,0.0,0.6711733409320928,1.3247007474731705,0.42718417857754665,0.30519470027236156,65656.84076602447,0.09124316121348663,0.5643174886204665,0.084909187761878,1.0,0.4416626004147963,1.0,1.3247007474731705
3,1,0,2,0,3.846732208730562,0.022348574158878864,0.9687253854939583,0.02432708256914488,5.8445141100422,3.604292836697166,0.38780586054452776,128.49063868116014,14899866616.711327,0.0008763975613640234,0.44947445180470236,1.3251708345288515,0.6529036201819368,0.5353602432573807,23639804.115502536,0.21314156862333944,0.2965524570872723,0.19010558052949939,1.0,0.5345246495806842,3.158004951110586,1.3251708345288515
0,2,1,1,2,1.3017442522846903,0.005767624188362126,4.009970605790941,0.007608257382188657,0.6218485988079934,3.331845846014483,0.7583494203723793,111.71076583858999,12382344725.465984,0.0,0.6810713092541252,1.3258618474965131,0.41735859330217007,0.2930399191184055,22773.664135610525,0.08709409770158309,0.6241956173383888,0.08136207885026814,1.0,0.3907559292214151,5.642180185336717,1.3258618474965131
1,0,1,0,2,3.02368982480075,0.01332205607845138,1.5007609387251808,0.047664091561838755,7.07429973387938,3.975109848970966,0.5072994428910644,122.67330151322176,9028114368.817486,0.0010149802027699137,0.6158478999823083,1.3262333220858629,0.46841140391206776,0.40249581229538334,9985561.191720892,0.10970462165743715,0.5748273125996328,0.10383081696550504,1.0,0.6488154207177094,476.6883054959131,1.3262333220858629
0,1,0,2,0,3.640711902267564,0.050551040081303275,3.0408272204860083,0.0148514274482291,7.557218753989174,8.92343369380965,0.09310698265919252,102.90541460294314,12441356330.118752,0.0,0.706252462487071,1.3303872549993536,0.40419997762005966,0.28039073349680577,111954.6206728706,0.08168881095402837,0.5910975050320044,0.07623021052873993,0.07025444855483264,0.3756870715649245,0.052807517729014,1.3303872549993536
0,1,0,2,0,3.640711902267564,0.050551040081303275,3.0408272204860083,0.0148514274482291,7.557218753989174,8.92343369380965,0.09310698265919252,102.90541460294314,12441356330.118752,0.0,0.706252462487071,1.3303872549993536,0.40419997762005966,0.28039073349680577,111954.6206728706,0.08168881095402837,0.5910975050320044,0.07623021052873993,1.0,0.3756870715649245,1.0,1.3303872549993536
2,1,0,2,1,2.791631563128733,0.035406273478228716,4.266032239142264,0.08401066581260722,2.7250553672650835,15.44275109414169,0.2648251431074887,83.21519317479994,16188201961.820606,0.0008292216237935687,0.5270973499191535,1.3310472455453786,0.5600580776073276,0.4633501514325603,14711657.317070268,0.15683252514660773,0.4078468821679522,0.143772473376776,1.0,0.3962021790911242,1.0,1.3310472455453786
2,2,0,1,0,3.5363058306550696,0.06361139112419764,8.742762383931415,0.001417126315879095,0.7112804790925723,2.868569817491234,0.2579677416553798,112.94490408503685,14274591922.437275,0.0,0.4912909438677733,1.3332357177831045,0.5998483338474293,0.5130167917430967,21140882.99605265,0.1799090118097685,0.40531831007351904,0.16436851238300407,1.0,0.3673581264473865,1.0871018044107819,1.3332357177831045
2,2,0,1,0,4.561307073691607,0.09479320736553509,7.4766644132946425,0.001208919245691181,6.842305845639118,8.438601714598654,0.3344255058742278,89.55569084419861,18090156654.276165,0.0,0.5005698319853837,1.333562471108793,0.5913200951207958,0.4797998015527747,21542794.508498542,0.17482972744683348,0.37463517251981393,0.1586411453395255,0.8463727568475246,0.3462107857424325,0.634670497396201,1.333562471108793
0,1,1,2,0,3.973545705318208,0.043030667774261386,5.630973440713314,0.015322026661932907,8.719266452428776,16.80597552846632,0.06441085877789089,69.59425078502954,16385532242.746937,0.0,0.7082939060451764,1.3418028263842494,0.4063874569737306,0.2830481007330361,43335.71650453785,0.08257538259278786,0.6007600915943191,0.07715168306962861,1.0,0.35188542077096485,1.0092284055040182,1.3418028263842494
3,1,0,2,0,3.928564846698797,0.01944349930568983,4.879795588929503,0.00132782304113291,5.809338322048751,3.683292705232412,0.311920687899391,122.05074372931118,17861413670.027435,0.0,0.5587092074441269,1.342936881276098,0.5336473644017355,0.4279860972278253,19349496.06633639,0.14238975476645938,0.4205963871413022,0.13141794867140974,1.0,0.3335610901238733,1.0,1.342936881276098
0,1,1,2,0,3.9853264789872136,0.037177870984672005,7.214121338425727,0.0024921495206792336,8.784107651258443,16.87089802714524,0.06181127652179071,63.15312552647424,19706022233.601513,0.0,0.6189577967071904,1.3449614322193333,0.4767281805653951,0.41252960808445793,15468139.53290648,0.11363487907259598,0.5165775058943491,0.107633653468978,1.0,0.4755219841136526,2.0502351418188827,1.3449614322193333
0,0,1,2,0,2.177212763537396,0.0880619072927267,9.964198236472136,0.015374500153074436,3.506345863062558,11.54841274700835,0.494284590757441,116.6355799030347,15449904033.906616,0.0,0.6909687279689619,1.3453805191210855,0.41685042160872693,0.28609022901248293,106026.16485287622,0.0868821369976867,0.6403298348212456,0.08092177605062627,1.0,0.30118666950215484,2.1402412612373185,1.3453805191210855
3,1,0,2,0,1.2366277153779384,0.061227481117041384,9.290558601883959,0.0010828135249205083,2.755010536227156,2.9464932347557893,0.44721785639739275,126.6874162654644,11216917949.227898,0.0,0.5527681861296254,1.3648225057417076,0.547018690660403,0.4592660120978428,19533860.30101828,0.14961472396591083,0.45241257556428494,0.13826592853735536,1.0,0.3511712720680466,1.0,1.3648225057417076
2,1,0,1,0,1.2294127977218423,0.0073124798160819305,1.2021492297905547,0.014496241579314756,9.609457605627313,2.3253364964944496,0.6919924831979398,84.66324871285596,19355271678.936188,0.0010240616751584898,0.4380571139714382,1.3657159978111646,0.6894273936041712,0.5819822698892816,24529483.154069547,0.23765506552592033,0.29520269676216127,0.21078983140737767,1.0,0.5741671622337904,2.767717911459243,1.3657159978111646
3,1,0,2,0,1.0687904745960886,0.08073738774302099,3.684567179440276,0.0011493640436278643,0.5322794866515071,1.6084573858701925,0.2658889345037919,127.85532647459974,11384545330.79676,0.0,0.4770174803990106,1.3685314451291222,0.6380958852552169,0.515478036267423,23251918.982163135,0.20358317938981943,0.3304346833210422,0.18201879807699592,1.0,0.47125551745842653,1.0,1.3685314451291222
0,0,1,2,0,2.702462043418923,0.097855802510265,8.278282037615305,0.010391266708928867,2.230724827396002,18.544101782861244,0.30234234128935533,116.51356342923883,15116448941.825579,0.0,0.700452692905304,1.3709439697578736,0.4195875231342762,0.2889925518446824,68968.68983201621,0.08802684478497838,0.6420865548467728,0.08197377363654647,1.0,0.36563253852584626,1.8768499991607754,1.3709439697578736
0,0,1,3,1,0.5933531573728668,0.02376844213707009,1.969619157358612,0.01944888958831509,4.854371607315156,16.726106698525406,0.695629837644119,110.81002525398178,10583129603.444147,0.0006724568762545997,0.44171845703653645,1.3711933812772452,0.6845140945176509,0.5978475722340381,24191125.173139643,0.23427977279665974,0.34322176254986814,0.2087949771680597,1.0,0.569582198839853,1.0,1.3711933812772452
0,0,1,2,0,2.702462043418923,0.097855802510265,8.357297071063687,0.010391266708928867,2.305671472313542,17.047946542967036,0.34974596284379045,116.51356342923883,15116448941.825579,0.0,0.701785602473076,1.3769671114442592,0.4206807591054236,0.28979374972587196,77443.55661975489,0.0884861505407577,0.6450338493476149,0.08237306187794374,1.0,0.3641147260978217,1.0,1.3769671114442592
3,1,0,1,0,0.14497798865327208,0.0524804597584935,2.6243985348730203,0.08862436761364284,9.674158262975634,12.297354722538778,0.13723780561292973,87.4974983926549,17200437393.915512,0.0008083220946256333,0.5326764101473923,1.3774464356791583,0.5746154951964593,0.4722264959846349,14712518.471908053,0.16509148365993606,0.419637147515045,0.15036625085249156,1.0,0.36527267011670383,4.307309327143192,1.3774464356791583
3,1,0,2,0,2.1829110028323786,0.07609696963490666,0.9199874907661209,0.022856375252875948,6.644185729835951,3.5772158291758918,0.41020348437214715,123.98047710510905,11536023946.861404,0.0005199528181068038,0.4667242342499488,1.3821625093717278,0.6589100875752947,0.5263231234945421,23970116.34695855,0.21708125175424123,0.30903576005940436,0.19282363345704998,1.0,0.4474455014439384,1.0,1.3821625093717278
5,2,1,1,1,3.0749897741716503,0.016545749841840495,6.9629609364806795,0.008056576650869654,8.607944934485285,14.515080210369984,0.7919808280785601,94.69333845893301,14268135963.79841,0.0,0.49652923925515347,1.3944768011448079,0.6246930112697973,0.524752628339123,22417822.28402719,0.1951206791646635,0.3768207759028509,0.17614894668451075,1.0,0.43219550746295887,1.0118134601606228,1.3944768011448079
0,0,1,2,0,3.060822970848281,0.089429767649956,9.829845816712298,0.015374500153074436,3.669950969030162,17.986871425219753,0.494284590757441,116.6355799030347,15449904033.906616,0.0,0.7154890407005662,1.3952059216928248,0.4176606748314765,0.28441514209290153,55491.02497256386,0.08722021965034218,0.6514717246957475,0.0811198757382741,1.0,0.3008505288918343,1.4101311051118355,1.3952059216928248
0,0,1,2,0,3.060822970848281,0.089429767649956,9.829845816712298,0.015374500153074436,3.669950969030162,17.986871425219753,0.494284590757441,116.6355799030347,15449904033.906616,0.0,0.7154890407005662,1.3952059216928248,0.4176606748314765,0.28441514209290153,55491.02497256386,0.08722021965034218,0.6514717246957475,0.0811198757382741,1.0,0.3008505288918343,1.4101311051118355,1.3952059216928248
3,1,1,1,0,2.5105278306122893,0.05579922940813325,0.900265652462378,0.04990799717337176,8.58271390489806,3.562691080145846,0.675060805822524,85.3279629810451,19433937740.729156,0.0007720858550773273,0.45664665136777105,1.3954516430884814,0.6791995842500499,0.5534716921516692,24529416.544606537,0.23065603762272033,0.300751856881725,0.20410703676740183,1.0,0.5021233954455364,1.0,1.3954516430884814
0,1,0,2,0,0.3161703121750178,0.05378153451976408,4.2922114140561485,0.027762825413749612,2.4587049409501534,5.460235138959614,0.6501645413559414,129.93499110748832,9089316872.279392,0.000586285259057169,0.7223067745503069,1.3958225972153935,0.41423914630004416,0.2831545246683976,111192.13201649574,0.0857970351636947,0.6370683158069121,0.07972946921214406,0.5709385866796634,0.3951232427449646,0.4090337753656242,1.3958225972153935
0,1,1,2,0,4.700942468402882,0.026078543686966264,4.034215681287772,0.023280326916230276,5.4307882996400565,15.649478901127479,0.2851190637457552,89.95355324093164,16436513596.0766,0.0005705255390998843,0.7267265330231963,1.3970511070479337,0.4121672289313283,0.2814491405351275,26865.18522940458,0.08494091230246499,0.6307836629941348,0.07907377200652767,1.0,0.4053808727101533,1.0,1.3970511070479337
0,1,1,2,0,4.700942468402882,0.026078543686966264,4.034215681287772,0.023280326916230276,5.4307882996400565,15.649478901127479,0.2851190637457552,89.95355324093164,16436513596.0766,0.0005705255390998843,0.7267265330231963,1.3970511070479337,0.4121672289313283,0.2814491405351275,26865.18522940458,0.08494091230246499,0.6307836629941348,0.07907377200652767,0.012655425181620572,0.4053808727101533,0.009058670164445427,1.3970511070479337
0,1,0,2,0,4.887652396120908,0.08817282413281631,8.5133191171925,0.035726056483492155,4.163917108104464,8.523660641808664,0.3338260302723628,93.41436536316104,16050540096.484648,0.0005544849100891633,0.7158051850689869,1.3982815188801727,0.4184790930889948,0.28475340655713444,78498.18923596306,0.08756237567629378,0.6524353421940474,0.08139605808671363,1.0,0.3842868915155904,1.0,1.3982815188801727
3,1,1,0,0,2.8152020570416636,0.08936090790139829,0.6955846798466574,0.0011033456777858035,3.3072693580010175,9.284344227101386,0.07483262580989947,117.34182165566008,10871321058.900568,0.0009542927257989376,0.5049137173191655,1.404338551998829,0.614105884659544,0.5481152628810587,20652016.24754463,0.1885630187867406,0.474482412409686,0.17319667760919785,1.0,0.33889154318039494,1.0,1.404338551998829
0,1,1,2,0,3.9708985913956907,0.037173754045283725,7.2145996139331405,0.0022999282814156075,8.782187587187794,16.887132051855197,0.0588342160830296,63.16050719604378,19727910087.416527,0.0,0.6311522028103818,1.4126045407819818,0.4923799966073546,0.42574384878523447,16152621.817825047,0.12121903052952927,0.5372952340774728,0.11434130886765305,1.0,0.47417284769144774,1.0,1.4126045407819818
0,1,0,2,1,2.5839705254619094,0.0930496461915441,2.2018628230236614,0.035149485093567696,6.188627412288914,17.745381718116278,0.23377038611790107,85.02605489278774,10375923270.4527,0.0008068527521638586,0.7280296357537971,1.4208749977219879,0.4185633037794784,0.28675579923182487,67805.33285885566,0.08759761963539597,0.6486525201080985,0.08140875352226633,1.0,0.4356056540967232,1.0,1.4208749977219879
3,1,0,2,0,1.1619813385683961,0.0877348017097674,2.501140256684642,0.002782317022007136,0.352145017339858,1.0649250302723408,0.4009311572998917,113.83977160105876,9410214358.851637,0.0,0.4881247634795588,1.4260776821345116,0.6514140791587892,0.5329096360402329,23654002.808888823,0.21217015126314664,0.34960415100412023,0.18911473231705359,1.0,0.46148158766667735,1.0,1.4260776821345116
3,1,0,2,0,3.477799770781977,0.05624035364293838,2.4058564028863696,0.0031978772764792705,8.302284334746496,1.0568401417260702,0.0402347906481988,119.69291190732716,13542203731.149641,0.0,0.5166600067836534,1.4324648970419196,0.6179601329990126,0.49969800531487474,22391658.966574516,0.1909373629880787,0.4017860521488573,0.17209207197621054,1.0,0.3332525855458569,1.0,1.4324648970419196
3,1,0,2,0,1.6273192320152499,0.025209403825684373,0.2841844765669478,0.013020362810283067,1.14044800499155,9.727625975775867,0.5915942266990043,127.63908771439931,17554152445.38367,0.0010201169332712092,0.5351719307063393,1.4466855999782395,0.5987471664325278,0.5275947793807813,19980072.77542644,0.17924908465549055,0.4950189326576747,0.16526952335467385,1.0,0.36836435804721357,1.0,1.4466855999782395
0,1,0,2,0,2.7132789767885668,0.06210092031064819,7.803027868334416,0.03944838825209461,9.993972882723584,5.897122269674456,0.4032300735489795,113.19071467104885,9606230615.547758,0.0005726481009750573,0.7423961765568576,1.450157890309191,0.41843839659324583,0.28304163452588904,71305.69815169869,0.08754534587176324,0.6639447207867366,0.08115188758197159,1.0,0.3971952002605563,3.009799750807684,1.450157890309191
0,1,1,0,0,0.3690464128860138,0.03392563485080798,6.310571175641847,0.060365718935041675,5.325359312145909,2.908243030352005,0.27087725801539236,89.52776543186478,16672478139.33826,0.0006820139181136708,0.7232151534033616,1.4507391071011435,0.4300944935798587,0.29434313820167574,214985.16631749895,0.09249063670385754,0.6841091169999549,0.08562479451358,1.0,0.4225409774973202,1.0,1.4507391071011435
0,1,1,2,0,4.197158902712983,0.05192772885113643,6.6081152237551395,0.019210642141387346,9.265781529923002,19.30610760317126,0.042786356862055,87.65836797652295,19354619699.928852,0.0009803890883450868,0.7368011126633403,1.451670689404021,0.42244733488348857,0.2874995847374423,28972.792628896615,0.08923087537508116,0.6662923292879707,0.08287848340568878,1.0,0.43358127846542255,1.0,1.451670689404021
0,0,0,1,1,0.2941566401078767,0.07265525239164165,3.92620715107086,0.04816055467593737,4.6675535840005,1.4773810113381363,0.7182181345186017,95.32080937172518,17826663102.11155,0.0012353813774013422,0.7170657198191034,1.4516809593236966,0.43339947841235693,0.30384533128622504,341063.28046806774,0.09391755394405153,0.7047273979842688,0.08682412620604381,1.0,0.5446881078932935,1.0,1.4516809593236966
1,0,0,0,1,1.4086312688460805,0.027997191271902946,9.754558952891085,0.008639315402926112,0.30971050241152315,7.76087532904637,0.36029275355564006,71.30889564308914,13485807910.029419,0.0,0.508267489280899,1.4595003330543654,0.6402856551085723,0.5411933807532742,22756593.597250517,0.20498286006890676,0.3990851998158609,0.1846624007167916,1.0,0.5032818407871655,1.0,1.4595003330543654
3,2,0,1,0,0.374163500507282,0.04352564042469935,4.491769463183978,0.0018815633068332545,7.844098885462127,6.770166950817788,0.3567181336111044,99.8917780815189,12241001891.90833,0.0,0.618650919795963,1.4695394969706377,0.5263761223779242,0.45372891050324593,17867212.870671004,0.13853591110480973,0.5187119719833162,0.12955024792456662,0.20535688347009023,0.4704900394365292,0.13974233689766108,1.4695394969706377
3,2,0,1,0,0.374163500507282,0.04352564042469935,4.491769463183978,0.0018815633068332545,7.844098885462127,6.770166950817788,0.3567181336111044,99.8917780815189,12241001891.90833,0.0,0.618650919795963,1.4695394969706377,0.5263761223779242,0.45372891050324593,17867212.870671004,0.13853591110480973,0.5187119719833162,0.12955024792456662,0.20535688347009023,0.4704900394365292,0.13974233689766108,1.4695394969706377
1,2,0,2,0,2.223221922553072,0.08247469044203143,8.481404885255701,0.0011632829725118218,6.861908250965126,5.679849292416447,0.768583955035143,117.75821890398974,19488690583.426548,0.0,0.5052123594782519,1.4706864800035122,0.6500653616770885,0.5500940911269927,23227715.43079679,0.21129248722618196,0.3825529245951069,0.1895520925223885,1.0,0.4504347379887257,1.0,1.4706864800035122
5,0,1,3,2,0.8579499450908384,0.03563778611239692,0.32101459288310086,0.03288470506803605,4.59435235772452,4.509067720648218,0.5034426290737496,120.18240525887919,18968044755.92248,0.0013512574304023342,0.5053722318296215,1.4712890640880871,0.6427115958747515,0.5854500294585848,20961953.603876706,0.20653909773593493,0.5139287019478125,0.1891690438077225,1.0,0.3927630456767466,1.0,1.4712890640880871
3,1,1,2,1,0.671187928366762,0.06327019618623601,2.382447124988707,0.0020799489004850523,2.9024632357295927,6.588768984954867,0.09241135299699382,79.73897452971411,18149575186.907516,0.0,0.6222891809870839,1.473819064249148,0.5237161764256036,0.4554952191907673,17419085.560830418,0.13713931672492702,0.5398133676873327,0.1282609544423213,1.0,0.44370409222130097,1.0,1.473819064249148
0,1,0,2,0,0.8265867662609508,0.028875602694050748,4.968011094980479,0.024321649486047328,4.791826029590306,5.297560417395194,0.5649591676986148,129.3536642902336,9241172936.346577,0.0006362695943350666,0.7461240153731414,1.4754788595825046,0.4238108869722875,0.2873301454533267,92454.07059014612,0.08980783395811855,0.67832917398,0.08317628560272038,1.0,0.40647156925900496,1.0,1.4754788595825046
0,0,1,2,1,3.24605445908838,0.017388700024800578,7.133203553823793,0.08967160784396923,7.005203985047951,2.0905272666870496,0.3976464397306268,123.6950707445032,10642081965.963587,0.0005874890157591961,0.7427162765024894,1.4882856283326935,0.42933211883301353,0.29174560952049855,141979.44787628995,0.09216303413082243,0.6967635210447707,0.08520984238826662,1.0,0.4605277224852539,1.0,1.4882856283326935
4,1,0,1,2,0.2754662407675149,0.043133307487602496,9.303578066054135,0.06662631402270411,0.49393545342066714,12.446886008664162,0.028739233119869693,63.599319892717176,18585661139.261276,0.0005246589773089476,0.5642811256817916,1.4887179825348493,0.5871658395269346,0.4919559930207662,13443474.470943311,0.17238186155368493,0.4869993131370902,0.15770923727783326,1.0,0.5096338635772666,9.102665363512939,1.4887179825348493
0,1,1,2,0,3.7322391536007946,0.08766633474358604,5.876874155868435,0.023935102366660077,8.592000329521687,18.766103466334865,0.1319718510264707,110.77340391522742,15805247313.865082,0.0014307672368356723,0.7489163946932458,1.4929798012581057,0.4277455796883536,0.2922409463546972,28659.60487527285,0.09148314047146283,0.6813698797400121,0.08483463838226707,0.07290362042953111,0.4646086376215906,0.0488309489305191,1.4929798012581057
0,1,1,2,0,3.6498863449357435,0.05738248680262413,6.396251051620687,0.021840746117622524,9.226938601752995,15.42970381795826,0.4037935615876188,92.24018618342325,18514279043.777863,0.0009720244570663463,0.7544380695474393,1.494884206722186,0.4249154027796574,0.2880208122860742,34892.315038041415,0.09027654975969923,0.679485717735815,0.08366807414440389,1.0,0.43176054610898806,1.0,1.494884206722186
0,1,1,2,0,4.972109963196117,0.09367709228283466,5.107921811064174,0.032064102736621164,9.889637192730238,13.484152058921307,0.09280667888461021,115.26177839015266,13224246385.095001,0.0014556244023713914,0.7465050365917981,1.495483155275832,0.42987731140361773,0.294992431577658,45755.88737517863,0.09239725142980147,0.6864631425763794,0.08564757489571613,1.0,0.4648991632304911,1.0,1.495483155275832
4,1,0,1,2,0.2754662407675149,0.08442898514138976,9.573669025898429,0.06662631402270411,0.49393545342066714,12.446886008664162,0.028739233119869693,63.599319892717176,18585661139.261276,0.0005246589773089476,0.5629560168254146,1.504230563821812,0.5952779183674265,0.49711679690612803,13698448.457071222,0.17717790004792824,0.48501598476495267,0.16159798641237635,1.0,0.40168194405834634,1.0,1.504230563821812
0,1,1,2,0,4.849000420303967,0.09095606288668867,5.101523807828691,0.023519674473029835,9.829669286933335,19.319905860935012,0.08400904366962879,114.1716549184543,16691655391.433142,0.0014335826191728262,0.7505503646940085,1.5044908847740313,0.429796625284003,0.2976557154217185,23104.722415574848,0.09236256955275883,0.694764291825677,0.08569169861845269,0.20446480788136764,0.46409164184142615,0.13590298881211066,1.5044908847740313
0,1,1,2,0,4.849000420303967,0.09095606288668867,5.101523807828691,0.023519674473029835,9.829669286933335,19.319905860935012,0.08400904366962879,114.1716549184543,16691655391.433142,0.0014335826191728262,0.7505503646940085,1.5044908847740313,0.429796625284003,0.2976557154217185,23104.722415574848,0.09236256955275883,0.694764291825677,0.08569169861845269,1.0,0.46409164184142615,1.0,1.5044908847740313
1,1,1,3,0,1.3830882776967304,0.05892090503754426,0.1479949179490822,0.016172687946290492,3.871002720136872,9.556923944481854,0.31024990805943053,97.44632391572722,11696253950.25406,0.0007280321699058161,0.5090545268380899,1.5133566630421984,0.6554862375463694,0.6017328942091262,20773313.455599688,0.21483110380634768,0.5566675160161103,0.1966252092513204,1.0,0.4121091333954839,1.0,1.5133566630421984
4,2,0,3,2,3.79517536021325,0.09537119378907186,0.3686240163334439,0.07318967440788193,2.5637878461970502,8.589949602069208,0.047340902237201776,129.7353918004582,10920854413.429352,0.0011073133669577255,0.5060152691364642,1.5134738364246736,0.6574064607305827,0.6064890102896603,20182033.637258854,0.21609162730515558,0.5890765302017673,0.19796381161774132,1.0,0.4870506469746078,1.0,1.5134738364246736
0,1,0,2,1,2.5357309428907326,0.0930496461915441,2.3045886175140136,0.035149485093567696,6.188627412288914,6.341573536938835,0.7331557712484382,86.86849199733341,10375923270.4527,0.0008068527521638586,0.7615939041144484,1.5175595610776487,0.42722351897189,0.28975007862266333,75582.06106133833,0.09125996758136243,0.6910448782226692,0.08444862174510491,1.0,0.4372746133279558,1.902548651870924,1.5175595610776487
4,2,1,1,0,2.423681781191678,0.04768675396848216,5.815174936361135,0.08611068673184678,0.6921367102843362,16.99920851655293,0.6686357994139925,88.0534479685628,16576030975.871176,0.001333958209918593,0.565351559234548,1.526273513745629,0.6016393817476505,0.5132800207270036,20921161.885994185,0.1809849728348476,0.4954711177881307,0.16559192105963946,1.0,0.45102831992908726,15.548678852093916,1.526273513745629
3,1,0,2,0,1.2841480655768946,0.07405347434812297,4.75093043266318,0.0017252190930396522,5.0718130886207975,3.616037011346407,0.6256725283794056,120.70412735780366,9814853684.030499,0.0,0.5046867799969228,1.529145917692898,0.6784544011204497,0.5561966771086586,24529426.66741941,0.23015018719985406,0.3755538805531864,0.2036210559934866,1.0,0.4712823804017369,1.0,1.529145917692898
0,0,0,2,2,3.1436024894330012,0.0317019271714387,2.848859725528901,0.05401395206086152,2.0854890092695566,6.482212932781589,0.7486754107077997,63.799976277589714,13039808090.543867,0.0005607663832035357,0.757638653816534,1.5302102415323808,0.4334878088706151,0.29602629739100755,87999.57959650722,0.09395584021972347,0.7001789566624281,0.0868742533701079,1.0,0.4238523648178325,1.0,1.5302102415323808
5,1,1,1,1,0.10716287601913745,0.0929598540572271,4.869747001420428,0.06822913821419771,8.892385827365898,11.136753927069112,0.06520456304954468,115.73919757956533,13351520211.025969,0.0006487455195643735,0.5276022445263842,1.531141922739239,0.6483997903571428,0.5346158704692351,22229422.661156066,0.2102111440675934,0.43773662878542086,0.18847429994074993,1.0,0.37393950949616583,1.0,1.531141922739239
0,2,1,2,2,4.4647184111793665,0.042106014235854895,3.6834797276847366,0.0842390154670476,4.749698656061493,2.608307734481242,0.1045277264705116,114.64800800445826,9530354779.012175,0.000718652554785931,0.7589410840990255,1.5357799015603475,0.43383879794594876,0.29529528385578474,145799.17596313654,0.09410805130159287,0.7116519673170392,0.08688854651955225,1.0,0.4222050719314543,1.0,1.5357799015603475
0,1,1,2,0,2.8653834014823656,0.05196995864042942,7.585579693283018,0.019072207139000742,9.876737309676535,15.877047381455254,0.06984375161358905,72.69293913451364,19490014935.239914,0.0011645693480050073,0.7673988945209407,1.5445650147066958,0.4319845229366585,0.29440526150649166,43716.65021178545,0.09330531402840622,0.6989885949659667,0.08631924418416317,1.0,0.44892629717551147,1.0,1.5445650147066958
3,1,0,2,0,0.9031003969923338,0.030201046180473323,1.1995533076857343,0.0015469521789700505,4.433211404540851,2.399980691023522,0.40934934886446955,127.27970088839992,12517529129.141224,0.0,0.5997875213829652,1.5453263035276756,0.5754672562046981,0.4706445143914013,20551198.54156429,0.1655812814818818,0.4930843820916032,0.1515306299399414,1.0,0.27265987977604333,2.7105061640984287,1.5453263035276756
1,0,1,3,1,1.192759180393725,0.051181796087717224,0.3605498880366005,0.004642318970766316,4.823141300344696,7.937067918672044,0.0789018270943984,123.14611053275542,10117355726.411036,0.0007415657267814596,0.4984795627477794,1.545843414708368,0.6898171779933778,0.6140021132688765,23687696.723525286,0.23792386952737377,0.45145978937660647,0.21346855555459107,1.0,0.36949446735863717,1.0,1.545843414708368
0,1,0,0,0,4.788754531516644,0.07751467740362189,4.356614743749033,0.027572648434257354,9.460671422826367,17.179449569450203,0.06467351488919607,103.18894968174712,11215054233.338614,0.0008373697927660854,0.7668432035569059,1.5491451394241984,0.43340746433127725,0.2992276332048971,24668.842246210897,0.09392101506903368,0.7068645514864476,0.08697748442721578,1.0,0.4633665670049181,0.7408682840207252,1.5491451394241984
5,1,1,1,1,0.11148400178569509,0.09494754624768681,4.88998628324189,0.06934119941257944,8.813972283273701,10.760341181414285,0.09047291073369314,115.6480606202426,13275924845.087408,0.0006740403585441226,0.5269677107208776,1.5507736621880637,0.658027357348624,0.5427981673547438,22800778.32515884,0.21650000150960685,0.43732022819363836,0.19345544509348178,1.0,0.37567605563840184,1.0,1.5507736621880637
0,1,1,2,0,4.407875938477942,0.03861440558191977,7.5396506263636125,0.02193753196927762,7.307172726739407,16.549497191130254,0.13734563468863448,79.9310583076537,13795870533.810162,0.0013378545149473958,0.7731279646997077,1.5524639589490281,0.4308429773777415,0.2927287439344035,28346.355106057446,0.09281283557785855,0.699971605453875,0.08585773781119486,1.0,0.46275932372276357,1.0,1.5524639589490281
5,1,1,1,1,1.2925295603458853,0.041754573082256406,4.094751249184894,0.06348134339096553,8.771010804847744,17.971089544705872,0.22627789958484545,110.7478100091999,14473259684.727049,0.0010262969986337064,0.5669944988250324,1.5525745017982453,0.6117516818478065,0.5163270785361018,21597444.73124839,0.18712006012180996,0.4846923592153952,0.17023677969258125,1.0,0.39160990608575225,1.0,1.5525745017982453
2,2,0,2,0,1.6691330654174914,0.0823614792483949,1.9807354290701011,0.007713265524659845,9.814635536368478,5.670711743141819,0.2786730380128865,99.68090083826685,12260529542.625042,0.0014207727094629784,0.5713512880661519,1.553421588582508,0.6053459788092208,0.5230478064120802,20427669.896942344,0.1832218770302468,0.5239099688198623,0.1681440961471826,1.0,0.377111563288616,1.0,1.553421588582508
0,1,1,1,0,2.229289329560397,0.08187995043917269,1.9603698700401062,0.06275997621115519,4.528959930738148,5.343671051903037,0.7909027100790582,122.08125572351693,11170256597.103678,0.0013223130271652799,0.7637219053106314,1.554480705297486,0.4361976851838573,0.3005719101959065,118639.88637467526,0.09513421027987774,0.7245170633392133,0.08790113175791872,1.0,0.4637551691358758,1.0,1.554480705297486
3,0,1,2,0,0.9208299774348736,0.029476764218816214,9.880671006891799,0.0012567659341187806,2.0615470683967096,14.973565228774678,0.830260796587856,124.42325992399688,10339645578.105572,0.0,0.7645043618615611,1.558306425696994,0.43692636517527406,0.3375819953716464,3495089.0062347,0.09545232429263847,0.7250109141557031,0.0886734119153268,1.0,0.37172110168811245,1.0,1.558306425696994
0,2,1,1,0,3.7142459088329165,0.026538345183088844,6.371903806270819,0.022617971171300377,6.795411064329089,1.317281729226531,0.5768495809902255,69.0954422227699,10894650888.43182,0.001175928571889778,0.7574971383305873,1.563803176998088,0.4415399094601133,0.3065884944577471,249966.05035116064,0.09747874582302253,0.7572619569293768,0.08984046324134383,0.9903919336858383,0.46637193560435164,0.63332262541314,1.563803176998088
0,1,0,2,1,4.901683278972059,0.05840557857749924,4.897719695416102,0.04682950877513485,2.5541940522206117,3.3686322850257575,0.09275018257394271,66.70097799477098,9078653500.392235,0.0007669430249478207,0.7689512837599839,1.5660847394863586,0.4370340502233463,0.29876471969496565,113222.16025646758,0.09549938052731118,0.7173199600468184,0.08814306447479801,1.0,0.44119160708022004,1.0,1.5660847394863586
0,1,0,2,0,1.9289086844301093,0.028875602694050748,4.968011094980479,0.024321649486047328,4.727408045995014,5.297560417395194,0.5649591676986148,129.3536642902336,9241172936.346577,0.0009261364942495754,0.7773955169886057,1.5718623929256859,0.4335677067539887,0.2940003662381936,91820.66608021517,0.09399047816995637,0.7155104272422947,0.0867584042840136,1.0,0.4351399705706021,1.0,1.5718623929256859
4,2,0,2,0,0.5552033624737422,0.07044673958581821,5.099629707683332,0.07176304071800593,9.871796975535984,14.203021157021313,0.5387609566350312,120.2036083895954,18726215767.86066,0.0013223748112640727,0.5557140776535404,1.5767775297355684,0.6354773671051231,0.5215538831644296,14907275.230852654,0.2019157420514297,0.4626168244474447,0.1807997546054362,1.0,0.40338534263161274,6.029232660672196,1.5767775297355684
5,1,1,1,1,0.10784549641908248,0.09306599011614544,4.903358477383448,0.06834154372721112,8.884659772943793,11.122092968817993,0.06446459247160129,116.07822597133323,13356757210.01656,0.0006472544742845004,0.5289110421923144,1.5775130235497936,0.667684288552067,0.5483869769025337,22853523.120524555,0.2229011545896399,0.4391777802262353,0.19856881060094214,1.0,0.3745341230625371,1.0,1.5775130235497936
1,0,0,0,1,0.4898562557110261,0.09217821692118601,8.346277244466325,0.0012735601693897988,8.014522854320838,5.7073368057872464,0.30307988596505825,69.95527086984153,9747139674.794958,0.0,0.5214646910633359,1.581644742912432,0.6795331918723083,0.5786462549244769,23999252.8206791,0.2308826794280837,0.42072597932878875,0.20593791739878065,1.0,0.4714902074421129,1.0,1.581644742912432
0,1,0,3,0,2.6840136860245534,0.09501890434372028,5.726041169563495,0.017507803040704956,1.2802621400063514,7.332731858692513,0.7189913962438099,101.16847522666748,9718773425.675064,0.0,0.7708194740217693,1.5875357318906582,0.4420115499148066,0.3100646021478445,115962.27555048706,0.09768710512904479,0.7324798354873334,0.0902872650314865,1.0,0.42389439652650485,18.3203086198899,1.5875357318906582
0,1,1,2,2,1.2949434241316784,0.03126345310197082,2.800190282222575,0.019062165844879193,8.290604862855261,5.298691772015134,0.30294802966309986,75.72296191985555,12846120624.425755,0.0012116207794264284,0.776218344845369,1.5937556390477359,0.44026154195773637,0.3035530231089527,138618.8274520337,0.09691511266350183,0.7369322646393288,0.0893817890061205,1.0,0.4603100271267548,1.0,1.5937556390477359
1,1,1,3,1,0.9435193698162226,0.020490527028594354,0.601704297772541,0.00556148318352631,4.2021391803411845,11.19651105094221,0.6626145607701761,101.875210357167,9054201347.470428,0.0007534942096101767,0.48967338582188624,1.5944925790142261,0.7183834150961141,0.665454560629831,22644271.314252697,0.25803736554257795,0.5599046875283077,0.23298959527185426,1.0,0.439784313774438,1.0,1.5944925790142261
5,1,1,1,1,4.440948721681895,0.06679200921601133,2.702783341530941,0.09184258547081352,4.538744887631857,16.2555241529154,0.22545154889488161,123.38318770686627,13551452304.1397,0.0008580037405433952,0.5550465737530678,1.595386308619379,0.6443932496514143,0.5332341031232984,23068906.776288014,0.207621330098155,0.4603024001273367,0.18637101028791261,1.0,0.3393681392260036,1.0,1.595386308619379
3,1,0,2,0,3.5459442675117114,0.062317834194846385,3.625235671028801,0.002228596808567232,1.2094707399441145,2.372419404298319,0.5675075286889034,126.95590477992984,10077361454.002335,0.0,0.516408615118871,1.5984588910269253,0.6940450342721249,0.5923807823529534,24529431.599783767,0.24084925479889754,0.4098797796705971,0.21385141955496093,1.0,0.48589908751229577,0.7970615243342516,1.5984588910269253
0,1,0,3,1,0.9174761683056321,0.049625785522530066,5.629527431073641,0.034399294041628115,0.980976642886553,16.227267410033853,0.3576882222945351,84.15536550132029,16524866909.02435,0.001020792183118899,0.771702742924641,1.6049268552605316,0.4465116756555027,0.31706466765872426,113052.14448768595,0.09968633824834243,0.7436128178621251,0.09210006193703925,1.0,0.5342399608121707,1.0,1.6049268552605316
5,1,1,1,1,1.6870737025519986,0.0908954900852147,8.975955428211293,0.08865610493727435,7.8456403510058985,11.269970826701885,0.06530764206560617,114.62715769883951,17901542833.770897,0.0005163082912500586,0.5351431620585693,1.6052840489851863,0.6726896004729079,0.5525609336821148,24108290.950008526,0.22625564929220027,0.44006078347807653,0.20112761563103368,1.0,0.40736516640273435,6.513116315864431,1.6052840489851863
4,2,0,3,0,4.6375382687586155,0.09899729736917337,9.282949507371859,0.08143197238091696,2.276858316834407,11.929139451370059,0.4063483400797763,122.82977792801255,17097729194.501722,0.0012435565348487467,0.5356430758482352,1.6112426826360198,0.6745297122628973,0.5466564663146866,24528070.66612347,0.2274951663627335,0.4439716035800242,0.20108467365855637,1.0,0.5808585927544967,128.91502452607853,1.6112426826360198
0,1,1,3,1,0.6873286711069885,0.09738041858006563,2.6491544968207594,0.05167813953665016,5.416961003582351,8.167992246703324,0.4971966394543146,84.32732175403504,13635971990.44955,0.0012205104427572555,0.7703407935778493,1.61245671015935,0.4490997462287536,0.3193950699769883,152866.1269810849,0.10084529103136544,0.757482201738447,0.09306944303755808,1.0,0.5279719393721607,1.0,1.61245671015935
1,1,1,3,1,0.9435193698162226,0.020490527028594354,0.601704297772541,0.00556148318352631,4.2021391803411845,3.0914259993707867,0.056256240072075185,101.875210357167,9054201347.470428,0.0007534942096101767,0.5000999018014967,1.6313821837877582,0.7241479585545862,0.6656921168473824,23685691.341252606,0.2621951329393874,0.5197779946280539,0.23553026658852472,1.0,0.40018111087666736,1.0,1.6313821837877582
3,1,0,2,0,1.1124828809491885,0.0380808728445268,8.74267381516495,0.0027724178049609643,0.108582005925449,1.1542826678853602,0.40450797410155254,113.69652612902345,9412324875.920637,0.0,0.5443730482291478,1.6318682949479528,0.6741351085060637,0.5380655036950411,24529424.031270914,0.22722907226024117,0.4305509886464224,0.20073975013975914,0.8799950929368093,0.5120714047629007,0.5392561983471075,1.6318682949479528
0,1,0,3,1,1.0654648120538217,0.045807665208858504,5.629527431073641,0.034399294041628115,0.980976642886553,2.665046507317662,0.03618509634648447,84.15536550132029,16524866909.02435,0.001020792183118899,0.7669393158269963,1.6351323458538278,0.4564730007919569,0.3248253975639308,283266.793712865,0.10418380022600696,0.7993249254992599,0.0957936713122811,1.0,0.5332526368728622,8.13776362428256,1.6351323458538278
5,2,1,1,1,1.5277903528145247,0.0558379425349997,4.333286909217465,0.07884504061635061,7.813668432873394,13.498757488526124,0.24702335891705457,95.74637147654937,19967597533.683857,0.0007730966190664935,0.5637271868403008,1.6416381714866728,0.6531747418650493,0.5452138582374517,23131483.725405518,0.21331862170523688,0.4857978675718756,0.19148167937902336,1.0,0.4012388462821466,1.0,1.6416381714866728
0,0,1,2,0,0.4851812071664619,0.07242745257423308,4.4589795387139946,0.08634628520574343,7.2048760709499655,4.9809926421757424,0.521987364928926,116.01887194807031,13255572414.136463,0.0014222056602238803,0.7897403846079185,1.6422168536267696,0.44532733514655015,0.30996331645268654,154351.04753305984,0.09915821771436391,0.7691660961109115,0.09132625339299857,1.0,0.5139843443878221,1.0,1.6422168536267696
3,2,1,1,0,3.007787113272232,0.008018962126439811,2.3611264290939347,0.043899935434128574,5.86357546531154,18.930626065126106,0.5207787954517115,91.07435936773734,12293384172.104647,0.0013152972870815738,0.6810968854488723,1.6582956088979104,0.5404818738880138,0.4322726349023447,19822860.762569185,0.14606032800074945,0.5998232592039818,0.13425710872281374,1.0,0.41407324869759354,57.766747043663045,1.6582956088979104
2,0,1,2,2,1.610003359483666,0.04533003545988659,8.493461591647472,0.003146210913192089,1.6156966717471186,12.711136530069695,0.31824601056487994,107.06468718600364,12605001742.272884,0.0,0.7497811116850261,1.6626068338069941,0.48365236345011137,0.43167146001827356,11639427.490626136,0.11695980433543932,0.693728266468421,0.11038605373185574,1.0,0.5174158692626503,1.0,1.6626068338069941
5,1,1,1,1,1.6504896615160165,0.08758357278857197,8.900755359898518,0.08969297178512681,8.019248776713034,11.06420179198161,0.06467292312717844,114.49086362504744,17863456758.183846,0.0005749899483248197,0.5482268244177864,1.662647250573301,0.6816380905000619,0.5576034637779038,24529419.290125735,0.2323152432102853,0.4561895993567828,0.20564798668166126,1.0,0.40391421259845306,5.13652063957732,1.662647250573301
4,2,0,3,2,2.112436426709024,0.08651620336060523,0.6873590875145948,0.09980025614208027,1.648599727967942,9.333559294706504,0.06995387279805985,120.26004584266049,9233857905.768827,0.0011692307481006945,0.5488887127421552,1.6637413059191077,0.6786825069010455,0.5887035826105408,23497283.939799074,0.2303049725867438,0.5031316237327339,0.2066566570491572,1.0,0.3560431803583858,1.0,1.6637413059191077
5,1,1,1,1,0.6973778853946895,0.09454724276157411,1.7864547130626311,0.030877608113786648,8.81232923042119,12.907592295471494,0.16136282200889673,113.7310691677548,12214964868.094511,0.0007236926710874641,0.5348132774788423,1.6705455086415422,0.699747723836748,0.6048301703958655,24529438.44709078,0.24482343850735488,0.48242268008967204,0.21773545452751106,1.0,0.3756330677001248,1.0,1.6705455086415422
5,1,1,1,1,3.0401849583971767,0.08545567463971283,4.4955377815718744,0.09676346477198075,8.978092554606334,15.0899576127073,0.2424592055205563,104.23426532801658,14813089402.697226,0.0006834822370836737,0.573642199543105,1.676741899117692,0.6563082788019363,0.5509767869267611,23196895.344981533,0.21537027841198012,0.4990916572946533,0.1932397592453862,1.0,0.3782929884167212,4.143335003704113,1.676741899117692
4,0,1,3,1,4.760943396871934,0.007381963837582993,1.1344763008253733,0.04819502197131663,8.17427283875998,13.30069264247831,0.7199140763929108,93.11775958132253,13331859555.573088,0.0014225726066765,0.5077161915540416,1.67845456669724,0.7349679543936372,0.6800286232804318,24530372.99560719,0.27008894699278374,0.5372661067170341,0.24138996490385636,1.0,0.5004951161361325,0.9233754134674931,1.67845456669724
4,0,1,3,1,1.6848181988663613,0.02965272827718387,0.8776512142036432,0.07018901079510081,5.174256053251307,15.043636973121657,0.5596123689156272,89.15059422377175,10623850402.310108,0.0014408487511545014,0.5270915547108921,1.7026597662048075,0.721087458342386,0.6550896988315348,24529736.860301897,0.25998356128934114,0.5302848199332135,0.23208442874277482,1.0,0.4349003053325951,1.774591640347234,1.7026597662048075
2,0,1,2,2,2.1893561737844567,0.04428444539061155,0.9627616085334604,0.0016509891964543086,1.6156966717471186,12.711136530069695,0.31824601056487994,107.06468718600364,12605001742.272884,0.0,0.6604880561699629,1.7065131317744484,0.5753839374857851,0.4793322799251789,19480903.42482362,0.16553333775832293,0.6123065891453234,0.15161206164634827,1.0,0.4928482229017608,0.7380594992632449,1.7065131317744484
3,1,0,3,0,4.466644253385907,0.0982977981455599,0.6253716514245002,0.017304848208735155,6.891755620370839,12.242258743201507,0.12623101110145904,128.65743194026533,15614149863.918615,0.0008766614356277447,0.5255089084319317,1.7066563221957907,0.7257846701378479,0.65454420512864,24529616.07613808,0.26338169370355236,0.5149124209996687,0.23476401790463522,1.0,0.37038712478704355,1.5816368136914718,1.7066563221957907
3,1,0,1,0,2.964346996542716,0.0524804597584935,2.6243985348730203,0.0859357121486557,9.674158262975634,16.7630539126489,0.13723780561292973,87.4974983926549,17200437393.915512,0.0008083220946256333,0.5755735118754919,1.7080411145959264,0.6680636315453898,0.5591160556637634,16505065.01316484,0.22315450789680716,0.4856059046600605,0.19901697147158232,1.0,0.3362420930858769,1.0,1.7080411145959264
5,2,1,1,1,3.8578599281224397,0.08879380724412723,2.2130267946201694,0.06304986431438979,6.070699098094988,18.89583217177432,0.03362092405255227,95.71826562077014,17181983634.508236,0.0005627850396577574,0.5691183046630462,1.7115810889111742,0.6767837874548975,0.5678325962618501,24078846.88051842,0.22901814748089794,0.4863632997188151,0.20400009423454607,1.0,0.3605312565303333,5.8821494421253115,1.7115810889111742
3,0,0,2,0,1.0933821728102011,0.08937916092097109,2.2836654594138457,0.005330788822000193,0.5007266434507218,1.7060474304295903,0.3869362993576077,115.4892947330524,9258526988.01569,0.0,0.6024881875402845,1.7325379404720678,0.6450072547302091,0.5630281535904025,21929287.17977414,0.20801717932730046,0.5558095475271736,0.18888917320814128,1.0,0.48239340187032004,3.320770034542547,1.7325379404720678
5,1,1,1,1,4.070355963399092,0.06679200921601133,2.702783341530941,0.0907752913994778,4.538744887631857,18.60529189167955,0.1940307434050874,123.38318770686627,13551452304.1397,0.0008580037405433952,0.5722389090678814,1.7440121353598057,0.6867151662441666,0.5643936730252644,24529421.601332575,0.2357888597748767,0.4894834934412954,0.2089636938005083,1.0,0.33912852396559456,1.0,1.7440121353598057
3,0,0,2,1,1.9430909254909512,0.05930411229617516,2.062879122723067,0.0012584358104259959,0.8899644052275582,2.8623250438813033,0.38807893299213325,115.47766813773137,9351000578.968983,0.0,0.6064502349797896,1.745495144504471,0.6501490693928177,0.5027437616091703,24529412.53679136,0.21134690621617344,0.4836538438023643,0.18601623964182198,1.0,0.34853233243367093,1.0,1.745495144504471
4,2,1,1,0,1.0362022441458092,0.09886691121964093,3.373635186556993,0.0026071961192069273,6.666543103298139,1.5592735439059937,0.3871482199059058,95.44768720068934,17017727681.922766,0.0,0.5952421967808024,1.750532930426373,0.6634393774647765,0.5337142609940269,24041790.983151264,0.22007590378542516,0.49558736895280076,0.19546582254494752,1.0,0.3349098346443262,7.734303872497004,1.750532930426373
5,1,1,1,1,3.0768055629577202,0.0735865903837361,3.7627990443818655,0.08699107889967611,8.746889541265565,19.72367799368183,0.31269089006694084,125.83751215833504,14498534111.092524,0.0010480351506718412,0.5775299282139396,1.769261385878819,0.6904438046163491,0.5720905860018585,24529418.389656443,0.23835632366654969,0.5032718970932804,0.2113671070703795,1.0,0.37664772583468087,1.0,1.769261385878819
1,1,1,3,0,1.4723901698796864,0.05892090503754426,0.1479949179490822,0.016172687946290492,3.871002720136872,17.505564233154683,0.31024990805943053,97.44632391572722,12054582218.389494,0.0007280321699058161,0.5195430658104262,1.774433740736307,0.7608944934616269,0.7040821172158193,24529764.170570906,0.28948021509011285,0.5762739292644502,0.2581970271604544,1.0,0.42823928001893247,1.0,1.774433740736307
3,0,0,3,0,2.2361048767905762,0.06797165304112873,1.4585170748269327,0.077111757136101,5.954306670482398,19.59970411742242,0.20044494272376714,111.92209232559013,9123266131.912289,0.0005204899425484917,0.5654945810570737,1.7874691687077953,0.7102029141999415,0.6205816033078836,24529488.45098458,0.2521940896690448,0.5384915668925633,0.22439703595004815,1.0,0.3467005671931188,1.0,1.7874691687077953
3,1,0,2,0,0.269074222320555,0.03763358306846328,5.232948403954388,0.0032287830022385464,0.8993768941009271,1.041015872356155,0.7533258191202968,110.2484212308433,9413804418.730162,0.0,0.6632329640189514,1.795226692361449,0.6091376892753299,0.48509979959779664,22805120.384418797,0.18552436224784413,0.5565751514838727,0.16642823581546712,1.0,0.2968751668576099,1.0,1.795226692361449
3,1,0,2,0,0.269074222320555,0.03763358306846328,5.232948403954388,0.0032287830022385464,0.8993768941009271,1.041015872356155,0.7533258191202968,110.2484212308433,9413804418.730162,0.0,0.6632329640189514,1.795226692361449,0.6091376892753299,0.48509979959779664,22805120.384418797,0.18552436224784413,0.5565751514838727,0.16642823581546712,0.030729251825040053,0.2968751668576099,0.017117198599926487,1.795226692361449
3,1,0,2,2,0.26669714384962995,0.037601787788863514,5.237894975928461,0.003211139182500816,0.8903755642241258,1.0420038449143163,0.7532977741536399,110.23745188566002,9410993988.057838,0.0,0.665549269134696,1.8204370865385067,0.6161284473066769,0.4899656591427161,23087505.900700435,0.1898071317902683,0.5602047829151805,0.16984032862598947,1.0,0.2944069205527872,1.0,1.8204370865385067
5,1,1,1,1,4.2196596279496,0.07493226128999597,3.7627990443818655,0.08699107889967611,8.746889541265565,19.72367799368183,0.3316848676648486,125.83751215833504,14498534111.092524,0.0005899376674757454,0.593333142299584,1.8315359308821022,0.6966415228306934,0.5852049304600716,24529427.28603837,0.2426547056659337,0.5293017124054021,0.2152464551930027,1.0,0.36118473822602093,1.0,1.8315359308821022
2,2,0,1,0,3.279460408090141,0.09479320736553509,7.400111318734736,0.001208919245691181,6.842305845639118,8.438601714598654,0.3344255058742278,89.55569084419861,18090156654.276165,0.0,0.6122737329734431,1.8876882800997252,0.6962931536964438,0.5871211648099117,24529425.6970036,0.2424120779422698,0.5594740110827867,0.21523120180664806,1.0,0.35934697778554164,0.8967716054210443,1.8876882800997252
1,0,1,3,1,1.192759180393725,0.051181796087717224,0.3605498880366005,0.004642318970766316,4.823141300344696,17.796345756388487,0.4380174539607513,123.14611053275542,10117355726.411036,0.0007651868207363627,0.5788831198582639,1.8899673573282083,0.7339302172980181,0.6569632230708515,24529556.66159749,0.269326781931558,0.5946578783480945,0.23972177205772444,1.0,0.4298040420979253,0.7431549433779062,1.8899673573282083
3,1,0,2,0,1.0687904745960886,0.024057027369214126,8.661342168895523,0.0011493640436278643,0.5322794866515071,1.5119955371233722,0.2658889345037919,127.85532647459974,11354523700.435158,0.0,0.6521376444460223,1.9030388741852085,0.6600041170650611,0.5236150366763381,24529412.382775135,0.21780271727141542,0.5608580646009429,0.19228076767415866,1.0,0.3374181309519405,1.468620145293715,1.9030388741852085
3,1,1,2,1,0.12054134282858975,0.05236984014673777,5.6373776677422445,0.0018812600544209686,1.1914184953649525,6.947377778498984,0.6808177840052037,114.6201752876985,10789591031.41685,0.0,0.6540196374742613,1.9164376476028393,0.6624317872768192,0.5351625480345387,24529418.405495584,0.2194079363973805,0.5733735307683342,0.19383294857689726,1.0,0.4772065725731922,1.0,1.9164376476028393
3,1,0,2,0,3.506101012130929,0.057146701637517956,2.547964207331497,0.0014383408089722622,8.219239531118786,1.0056885926511498,0.03751812078493485,120.16177105049506,13599754047.17068,0.0,0.6272131542789237,1.9369090045075361,0.6980067977920911,0.5879279965669574,24529424.940625,0.24360674488198458,0.5804048058780538,0.21632830037812004,1.0,0.3299644850728321,1.0,1.9369090045075361
4,1,0,1,0,2.093277878796657,0.03366931505183504,0.5759310881954867,0.0031388826218287087,0.4779467276904274,7.0996947352200825,0.5004158605825751,107.79260424280092,13972331384.955566,0.0,0.6394183520047652,1.937581372829569,0.6856229423910785,0.583495142987597,23889180.57588935,0.23503940956650007,0.5720166145880845,0.20988965793440673,1.0,0.427585358372254,1.0,1.937581372829569
3,1,0,2,0,4.204493856203205,0.08016144081066312,2.144007735150191,0.001510841034273964,8.747691684753,1.548610327774796,0.3086866833842201,116.45657071372487,18975188372.46418,0.0,0.6228993078361686,1.9446565144882788,0.7058463340042558,0.6050476581507738,24529430.315451402,0.2491095236136237,0.5790003397234116,0.22151137123143763,1.0,0.29005528946939907,1.0,1.9446565144882788
3,1,0,2,0,2.923479499425271,0.08932750517027185,8.839093911366323,0.001329069763544563,2.8118622868267322,2.4500732949848727,0.4550797592106241,119.04949659740217,17356344291.24238,0.0,0.6529411203536574,2.0189145568118994,0.7001719625342545,0.5926911972771225,24529425.142838508,0.24512038855953477,0.6058706060504446,0.2177060293272151,1.0,0.3550049266587385,1.0,2.0189145568118994
3,1,0,2,0,1.6274646660008902,0.054433245966531874,6.768308976202512,0.001274436987639251,0.7675184336371201,1.5658593927647126,0.7188432319274751,61.709616945850954,13013458404.949718,0.0,0.6729007837637909,2.0696527891465393,0.696684838707758,0.5872417029884324,24529424.45793654,0.24268488224262735,0.6296366794361679,0.21559237048459035,1.0,0.3470390823901695,1.0792899408284025,2.0696527891465393
3,1,0,2,0,3.887015924578314,0.05843592510079009,7.302862685588492,0.0010413535552691784,9.9574605545087,7.943026832127999,0.19392831784616915,120.20415933360326,11078872200.714962,0.0,0.6958098749569515,2.0807279745603338,0.6776262011155353,0.5618450125366822,24529420.529128138,0.22958863421913592,0.6279779080922967,0.2033730618634157,1.0,0.34782333525293696,1.0,2.0807279745603338
3,1,0,1,0,1.9328652464848441,0.0691787782545156,3.080000204067333,0.0010090599709886012,6.219455631816583,8.263951369616251,0.5295835840727177,124.99299828546721,14864052142.060177,0.0,0.7088059194829899,2.1491335094470103,0.6872211974005384,0.5716944074845958,24529419.797564577,0.23613648707831492,0.6581391044941751,0.20943139849091608,1.0,0.33866547957049464,4.865720575474932,2.1491335094470103
2,0,1,2,2,2.086849846889703,0.045923090989279665,1.128880339619327,0.0010452341211946985,1.6052547908253822,12.634477242083575,0.3237682529939856,107.21726226841096,12689914927.139566,0.0,0.6826395593272714,2.1751509656600887,0.7229111634593784,0.6290818736999141,24529436.016460635,0.2613002751270961,0.6628201976310748,0.2321418936628668,1.0,0.30944061525441924,1.9892917633071336,2.1751509656600887
3,1,0,2,0,3.096577113834384,0.08219572781901228,8.182228448665656,0.0010283415821374178,9.221396540645523,12.57729831034342,0.20403758342170786,107.376963407738,13650569449.004528,0.0,0.7559134745384547,2.2050240311801597,0.6586074920030718,0.5393973942983649,24529396.535316497,0.2168819142612881,0.7119925512925551,0.19239943891733943,1.0,0.43214912888487816,11.473161352347379,2.2050240311801597
3,1,0,2,0,0.76935433725732,0.033607297174176286,9.912130974677057,0.002016990148994356,2.673888680105372,1.6926196276476162,0.6514471829076579,73.08696791690475,9368504594.574072,0.0,0.7274948865396826,2.216951857137341,0.6908530276749677,0.5841586966903086,24529422.45317291,0.23863895292383486,0.6849269660291979,0.2119319254531572,1.0,0.333886962854804,1.0,2.216951857137341
3,0,1,2,0,0.9232555088474238,0.029476764218816214,9.880671006891799,0.0019572312343810174,2.0615470683967096,1.0627049387742815,0.830260796587856,124.13892066013624,10443456291.634562,0.0,0.7694340858835444,2.2959135865334193,0.6750691431609893,0.5728616440598783,24529416.0445172,0.22785917402405617,0.7300255321440974,0.20253014000925343,1.0,0.3535695672685222,1.0,2.2959135865334193
3,1,0,2,0,0.42930140548890205,0.061171967576405625,4.95894404244746,0.0018120874588222705,1.4576070319493086,3.2682092553523976,0.41994173107373434,124.49301829506722,10378626075.2406,0.0,0.7937338731682151,2.299161475183438,0.6519432328262137,0.5826536844886174,21073444.441592027,0.21251498941394734,0.7733900927659936,0.19420551824727617,0.4209471776952441,0.32451881296984436,0.18308726126409147,2.299161475183438
